# R script for Peak Model
#  -- generated by MACS
p <- c(0.0450165125724,0.0524741134298,0.0599961640382,0.0674996443794,0.0750883294762,0.075147317384,0.0751702571259,0.0751495021213,0.0748676710064,0.0747595265089,0.0747518799282,0.0747453257163,0.0747038157071,0.0746754141219,0.0746207956888,0.074474418288,0.0744285388042,0.0742679606108,0.074387028795,0.0743531653665,0.0742482979749,0.0740407479291,0.07398285239,0.0739468042241,0.0738124428787,0.0738943705283,0.0738572299938,0.0738266436713,0.0738801697357,0.0738528605192,0.0738484910445,0.0739358805375,0.0739271415882,0.0737818565561,0.0738233665653,0.0739260492196,0.0738812621044,0.0739544508048,0.0737818565561,0.0738473986759,0.0737665633949,0.0738058886667,0.073892185791,0.0740320089798,0.0739675592287,0.0738026115607,0.0737720252382,0.073804796298,0.0737316075977,0.0737261457544,0.0739271415882,0.0739904989706,0.0737316075977,0.0737195915424,0.0737862260308,0.0737250533857,0.0736835433765,0.0735994309895,0.0737359770723,0.0737807641875,0.0736147241508,0.0733842343631,0.073400619893,0.0733438167226,0.0734137283169,0.0733088609254,0.0733875114691,0.0733689412018,0.0731187887781,0.0729363632115,0.0730499695524,0.0733001219761,0.0733503709345,0.0730019053313,0.0727091505298,0.0726894878939,0.072562773129,0.0726556244653,0.0726578092027,0.0727987247601,0.0726370541981,0.0725387410185,0.0724054720417,0.0727320902717,0.0728030942347,0.0728948532024,0.0727834315988,0.072650162622,0.0726905802625,0.0723923636177,0.0722645564842,0.0722809420142,0.0723901788804,0.072414210991,0.0723803475624,0.0723967330924,0.0724000101984,0.0724240423089,0.0723748857191,0.0725878976083,0.0728063713407,0.0725431104931,0.0724513515255,0.0723650544012,0.0723180825487,0.0723191749173,0.0722874962261,0.0723038817561,0.0723344680786,0.0722667412216,0.0722208617377,0.0725496647051,0.0725431104931,0.0725103394332,0.0725507570737,0.0725201707512,0.0727528452763,0.0726752871012,0.0728872066217,0.0729505640041,0.0728063713407,0.0726873031565,0.0726927649998,0.0725016004839,0.072478660742,0.0724873996913,0.0723311909726,0.0723366528159,0.0722241388437,0.0721170867148,0.0722951428068,0.0723049741247,0.0723388375533,0.0725780662903,0.0726326847234,0.0725420181244,0.0726184839308,0.0726053755069,0.0727222589537,0.0727484758016,0.0727353673777,0.0726457931474,0.0724928615346,0.0724655523181,0.0724163957283,0.0725769739216,0.0725780662903,0.0727255360597,0.0726610863086,0.0726938573685,0.0726687328893,0.0725846205023,0.0728489737185,0.0728708210918,0.0729134234696,0.0728839295157,0.0727561223823,0.0724688294241,0.0724458896822,0.0725398333871,0.072394548355,0.0725048775899,0.0724207652029,0.0723497612399,0.0725452952304,0.0724513515255,0.0724644599494,0.0726173915621,0.0725638654977,0.0723552230832,0.0724229499403,0.0724415202075,0.0723563154519,0.0725125241706,0.0722481709543,0.0721717051479,0.0722722030649,0.0722667412216,0.0721902754152,0.0723126207054,0.0723901788804,0.0723759780878,0.0726283152488,0.0726512549907,0.0728052789721,0.0729625800594,0.07283149582,0.0728839295157,0.0730630779764,0.0731690377366,0.0731013108795,0.0732138248517,0.0730947566676,0.0729407326862,0.0728129255527,0.0727998171287,0.0730663550823,0.0730991261422,0.0730379534971,0.0729068692577,0.0729975358566,0.0729429174235,0.0729582105848,0.073077278769,0.0731766843172,0.0732531501236,0.0730980337735,0.072973503746,0.0729407326862,0.0729527487415,0.0728740981978,0.0730565237644,0.0731373590454,0.0732400416996,0.073403896999,0.0734770856994,0.0736813586392,0.0738419368326,0.0738932781597,0.0740527639844,0.0742122498091,0.0740243623992,0.0739959608139,0.0738932781597,0.0738452139385,0.0738277360399,0.0737184991737,0.0738561376252,0.0738823544731,0.0739184026389,0.0738615994685,0.0738637842058,0.0738834468417,0.0739042018463,0.0739304186942,0.0740833503069,0.07413796874,0.0741663703253,0.0742537598182,0.0742898079841,0.0744460167028,0.0745629001497,0.0745126511912,0.0745792856796,0.0745388680391,0.0744110609056,0.0743597195785,0.0745039122419,0.0745814704169,0.0745344985644,0.0745749162049,0.0747245707117,0.074817422048,0.0752095823977,0.0753319276879,0.0754531806094,0.0755700640563,0.0755187227292,0.0756760238165,0.0757011482958,0.0757568590975,0.0757863530514,0.0758202164799,0.0755471243144,0.0756061122221,0.0755766182683,0.0756727467105,0.0756268672267,0.0758770196504,0.0759600396687,0.076046336793,0.0761217102307,0.0763467381752,0.0763969871336,0.0764778224146,0.0766569708752,0.0766657098245,0.0767552840548,0.076625292184,0.0768830911883,0.0770054364785,0.0771900467824,0.0771681994092,0.0770917336028,0.0771583680912,0.0773298699712,0.0775680063396,0.0776553958326,0.077712199003,0.07779631139,0.0777263997956,0.0777012753164,0.077886977989,0.0781535159426,0.0781021746154,0.0781054517214,0.0782649375461,0.078530383131,0.0789181740062,0.0793015954066,0.080024743461,0.0807937709993,0.0815966619661,0.0826726450984,0.0839998730231,0.0852342496114,0.0863910680248,0.0874495732585,0.0883442231929,0.0891722386389,0.089912864592,0.0905890407939,0.0911101006458,0.0911243014384,0.0912794177885,0.0912586627839,0.0913351285903,0.0916158673365,0.0917797226358,0.0917589676312,0.0919610558337,0.0917502286819,0.0918638350228,0.0922275937873,0.0921784371975,0.0923269993356,0.0923521238148,0.0922559953726,0.0921860837782,0.0925269028008,0.0926317701924,0.0927967178604,0.09289503104,0.0929562036851,0.0931615689936,0.093309038763,0.0930883802932,0.0930730871319,0.0933330708736,0.0933647495648,0.0931156895098,0.0932172797954,0.0932981150764,0.0932664363852,0.0931528300443,0.0931233360904,0.0936891830575,0.0939873997023,0.0940649578773,0.093965552329,0.0941031907805,0.0942124276467,0.0941348694717,0.0943260339876,0.0945335840334,0.0946439132683,0.094557616144,0.0946843309088,0.0946548369549,0.0948143227796,0.0949880093969,0.095120186005,0.095288410779,0.0953976476453,0.0954489889724,0.0955418403087,0.0955025150368,0.0955757037372,0.0955014226682,0.0955964587418,0.0956849406034,0.0956041053224,0.0956587237555,0.0956543542809,0.0957799766771,0.0959591251377,0.0961317193863,0.096132811755,0.096459429985,0.0965413576347,0.0967663855791,0.0969171324545,0.0970569556433,0.0971214053943,0.0971727467215,0.0971640077722,0.0972382888412,0.0972677827951,0.0970755259105,0.0972142567306,0.0969105782425,0.0970886343345,0.0968756224453,0.0971836704081,0.0972437506845,0.0973595417627,0.0973366020208,0.0973955899286,0.0975834773385,0.0976490194582,0.0976664973568,0.0975791078638,0.0979843766375,0.0978489229234,0.0980837821858,0.0981678945728,0.0984278783144,0.0984409867384,0.098697693374,0.0987086170606,0.0990690987192,0.0992646327097,0.0990002794934,0.0991259018896,0.0992679098157,0.0992908495576,0.099367315364,0.0995530180366,0.0994601667003,0.099444873539,0.0995923433084,0.0997092267553,0.100116680266,0.100389772432,0.100281627934,0.100398511381,0.100347170054,0.10058749116,0.100933772026,0.101121659436,0.101293161316,0.101292068947,0.101320470532,0.101481048725,0.101635072707,0.101801112744,0.101924550402,0.101714815619,0.101642719287,0.101727924043,0.101639442182,0.101984630679,0.102140839397,0.102126638605,0.102329819176,0.102394268927,0.102567955544,0.102754750586,0.102951376945,0.103113047507,0.103284549387,0.103212453055,0.103187328576,0.103161111728,0.103267071488,0.103341352557,0.103352276244,0.103247408852,0.103055151968,0.103145818567,0.103275810438,0.103420003101,0.103617721829,0.103742251856,0.103768468704,0.103859135303,0.104075424298,0.104403134897,0.104584468095,0.104766893662,0.104693704961,0.10473521497,0.104737399708,0.104806218933,0.104924194749,0.105104435578,0.105207118233,0.105438700389,0.10569103755,0.105728178084,0.10593572813,0.105857077587,0.105803551522,0.105874555485,0.105954298397,0.105888756278,0.105758764407,0.105684483338,0.105640788591,0.105673559651,0.105728178084,0.106030764204,0.106333350323,0.106452418507,0.106498297991,0.106747358046,0.107146072608,0.107451935833,0.107820064073,0.107883421455,0.108160883095,0.108313814708,0.108259196275,0.108482039482,