# R script for Peak Model
#  -- generated by MACS
p <- c(0.0419376705004,0.0490019403437,0.0566836527953,0.0638689898167,0.070927206301,0.0706911253037,0.0708242991996,0.0708121924818,0.0713206746299,0.0714235817313,0.0719320638794,0.0719986508274,0.0715507022683,0.0718412634958,0.0722286784658,0.0723255322083,0.0724889728987,0.0722528919014,0.0721318247233,0.0719925974685,0.0720047041863,0.0721197180055,0.0719320638794,0.0716657160875,0.0713751548601,0.071248034323,0.0712117141696,0.0717746765478,0.0717807299068,0.0719381172383,0.0714477951669,0.0712964611943,0.0713569947833,0.071054326838,0.0706669118681,0.0710482734791,0.0708908861476,0.0706426984324,0.0706850719448,0.0712298742463,0.0713751548601,0.0711632872983,0.0711451272216,0.071381208219,0.0715204354738,0.071635449293,0.0715991291396,0.0716596627286,0.071574915704,0.0709695798134,0.0711572339394,0.0712359276052,0.0713388347066,0.0711693406573,0.0713085679121,0.0707577122516,0.0708182458407,0.0707274454571,0.0707819256873,0.0709393130188,0.0709453663777,0.070993793249,0.0708424592763,0.0708848327887,0.0707698189695,0.0709998466079,0.0708848327887,0.0709998466079,0.0706124316379,0.0702916036159,0.070025255824,0.0702129099501,0.0701463230021,0.0701705364378,0.0703400304871,0.0709029928654,0.0708424592763,0.0703884573584,0.0706608585092,0.0705034711776,0.0707274454571,0.0707274454571,0.0709514197366,0.0705034711776,0.0703702972817,0.0699707755939,0.070218963309,0.0704489909474,0.0702552834625,0.0709574730955,0.0711390738627,0.0709877398901,0.0709816865312,0.0717262496766,0.0717867832657,0.0719865441096,0.0716475560108,0.071829156778,0.0722528919014,0.0716959828821,0.0713872615779,0.0710785402737,0.0708848327887,0.0706911253037,0.0707032320215,0.0703581905639,0.0704489909474,0.07015842972,0.0699465621583,0.0704247775118,0.0706850719448,0.0708242991996,0.0710361667613,0.0707819256873,0.0705821648434,0.0703581905639,0.070412670794,0.0702492301035,0.07015842972,0.0704005640762,0.0700373625418,0.070285550257,0.0696681076486,0.0698436550568,0.0698678684925,0.0699405087993,0.0698860285692,0.0701160562076,0.0703824039995,0.0697165345198,0.0704066174351,0.070479257742,0.0706911253037,0.070993793249,0.0713569947833,0.0718533702136,0.0715870224218,0.0713751548601,0.0711935540929,0.0712722477587,0.0707213920982,0.0704247775118,0.0705579514078,0.0703824039995,0.0702129099501,0.0696560009308,0.0695712539061,0.0701523763611,0.0706426984324,0.0706790185859,0.070800085764,0.0709514197366,0.071381208219,0.0715991291396,0.0718654769314,0.0721802515945,0.0727613740495,0.0726887337426,0.072277105337,0.0725010796166,0.0723679057206,0.0722892120549,0.0717504631122,0.0717444097533,0.0715143821149,0.0718352101369,0.0717807299068,0.0719199571616,0.07176256983,0.0717867832657,0.0716899295232,0.0716536093697,0.0717262496766,0.071574915704,0.071702036241,0.0713691015011,0.071248034323,0.0708969395065,0.0709453663777,0.0704732043831,0.0704066174351,0.0703521372049,0.0707274454571,0.0704853111009,0.0705821648434,0.070412670794,0.0703884573584,0.0705821648434,0.0705640047667,0.0707819256873,0.0711269671449,0.0713569947833,0.0713267279888,0.0714962220382,0.0710845936326,0.0712722477587,0.0715385955505,0.0713025145532,0.0714175283724,0.071508328756,0.0715870224218,0.0716172892163,0.0714962220382,0.0712904078354,0.0715143821149,0.0713872615779,0.0709635264544,0.0709332596599,0.0709514197366,0.0708969395065,0.0707758723284,0.0706548051502,0.0708364059174,0.0711088070682,0.0713327813477,0.0713933149368,0.0716717694464,0.0714296350902,0.0712601410408,0.071248034323,0.0710724869148,0.0711330205038,0.0710664335559,0.0709211529421,0.0706850719448,0.0709393130188,0.0709998466079,0.0712540876819,0.0713509414244,0.0709756331723,0.0711753940162,0.0712904078354,0.0715264888327,0.071314621271,0.0713085679121,0.0710119533257,0.070927206301,0.0710240600435,0.0711088070682,0.0716293959341,0.0716051824985,0.0717323030355,0.0714720086025,0.0722105183891,0.0722286784658,0.0727492673317,0.0725192396933,0.0726463602303,0.0726100400769,0.0726524135892,0.0726463602303,0.0727795341262,0.0727734807673,0.0720410243397,0.0720349709808,0.0716596627286,0.0719623306739,0.0719683840328,0.0721015579288,0.072277105337,0.0721741982356,0.0721741982356,0.0722226251069,0.0724768661809,0.0729369214578,0.0726887337426,0.0726342535125,0.0732819629154,0.073245642762,0.0730822020715,0.0733606565812,0.0732093226086,0.0729792949701,0.0731245755839,0.0730579886359,0.0733485498634,0.0734332968881,0.0728642811509,0.0728824412276,0.0733667099401,0.0732153759675,0.0733848700168,0.0739902059074,0.0741960201102,0.0744321011076,0.074595541798,0.0747650358474,0.0747589824885,0.0748437295132,0.0745894884391,0.0749769034091,0.0749042631022,0.0747771425652,0.0747105556172,0.0744442078254,0.0746500220282,0.074728715694,0.0748861030255,0.0753461583024,0.0759817609875,0.0768776581056,0.0782699306539,0.0796622032023,0.0817929855372,0.0838571809241,0.086375378229,0.0888330419448,0.0910667313811,0.0932398872283,0.0952072288728,0.0967024085225,0.0978888668681,0.0991419121616,0.100140716381,0.100546291428,0.10047970448,0.100806585861,0.101514828853,0.101775123286,0.101835656875,0.101914350541,0.102453099483,0.10224728528,0.101890137105,0.102168591615,0.102332032305,0.102186751691,0.10180539008,0.101405868392,0.101654056108,0.101732749773,0.101424028469,0.101896190464,0.102186751691,0.102434939406,0.102604433456,0.102440992765,0.102828407735,0.10340953019,0.103082648809,0.103724304853,0.10357902424,0.102870781248,0.102646806968,0.102380459176,0.102198858409,0.102350192382,0.102495472996,0.102071737872,0.101950670694,0.10158746916,0.101611682595,0.101841710234,0.101690376261,0.101635896031,0.10141797511,0.101496668776,0.101436135187,0.101551149006,0.101823550157,0.101296907932,0.101648002749,0.101430081828,0.101690376261,0.102356245741,0.103167395834,0.103209769346,0.103125022322,0.103548757445,0.103905905621,0.104275160514,0.104287267232,0.105364765117,0.104953136711,0.104892603122,0.104692842278,0.1050136703,0.105370818476,0.105322391605,0.105697699857,0.105655326344,0.106163808493,0.105522152449,0.106254608876,0.105818767035,0.10562505955,0.105897460701,0.106079061468,0.105915620777,0.105340551681,0.105643219627,0.105122630761,0.105631112909,0.105086310607,0.105219484503,0.106091168186,0.10612143498,0.105382925194,0.105376871835,0.105873247265,0.105740073369,0.105964047649,0.105552419243,0.106036687956,0.106424102926,0.10612143498,0.105467672218,0.105945887572,0.106321195824,0.105976154366,0.106484636515,0.106260662235,0.107241306378,0.107320000044,0.107459227298,0.107217092942,0.107774001962,0.107640828066,0.107767948603,0.108052456471,0.108185630367,0.108506458389,0.107955602729,0.107876909063,0.107634774707,0.107743735167,0.107313946685,0.107435013863,0.106968905227,0.106902318279,0.106418049567,0.106260662235,0.106181968569,0.106200128646,0.106048794673,0.105885353983,0.106260662235,0.106974958586,0.107059705611,0.107259466455,0.107628721348,0.107701361655,0.107749788526,0.10789506914,0.108131150137,0.108330910981,0.108324857622,0.108125096778,0.108651739003,0.108137203496,0.108591205414,0.109117847639,0.109474995814,0.109844250707,0.110092438423,0.110110598499,0.110044011551,0.109656596581,0.10960816971,0.110207452242,0.110237719036,0.109947157809,0.10971713017,0.109535529403,0.109813983913,0.109953211168,0.110510120187,0.110431426521,0.110843054927,0.110818841491,0.110407213086,0.110891481798,0.110945962028,0.111121509437,0.110885428439,0.111303110204,0.111581564713,0.112180847245,0.112326127859,0.112695382752,0.113276505207,0.11325834513,0.11376077392,0.11386973438,0.114402429964,0.114111868736,0.113966588122,0.114045281788,0.114220829196,0.114245042632,0.114008961635,0.114099762018,0.114214775837,0.114705097909,0.114826165087,0.114947232265,0.115334647235,0.115310433799,0.115104619597,0.115219633416,0.114953285624,0.115092512879,0.114959338983,0.114789844934,0.114868538599,0.115237793493,0.115189366621,0.115437554336,0.115389127465,0.115146993109,0.115443607695,0.115831022665,