# R script for Peak Model
#  -- generated by MACS
p <- c(0.0471380140508,0.0549828140011,0.0628397835073,0.0709462289087,0.0789363029321,0.0788153679707,0.0788115649845,0.0789636844328,0.0789750933915,0.0791538337432,0.0791956665915,0.0793728857488,0.0794481848758,0.0792078361474,0.0790671256577,0.0790549561018,0.0790199686287,0.0790549561018,0.0791302552287,0.079014644448,0.0790062778784,0.0789150062094,0.0788937094866,0.0789477118908,0.0789720510025,0.0790724498384,0.0790100808646,0.0789355423349,0.0787339840659,0.0786297822437,0.0785301440051,0.0782723015402,0.0782319898864,0.0781118155222,0.0779634990601,0.0779148208366,0.0780258680339,0.0780760674518,0.0781620149401,0.0784122514326,0.0783871517237,0.078564370881,0.0784898323513,0.0785164532547,0.0785347075885,0.0784343087526,0.0782974012492,0.0783164161802,0.0784122514326,0.0781399576201,0.0783323887223,0.0784168150161,0.0784061666547,0.0782479624284,0.0782472018312,0.0782510048174,0.0782160173443,0.0781985236077,0.078171142107,0.0783179373747,0.0781673391208,0.0780844340215,0.0780220650477,0.0780920399939,0.0780555313263,0.0780570525208,0.0781665785236,0.078177226885,0.0781042095498,0.0780669402849,0.0780600949098,0.078016740867,0.0780334740063,0.0780699826739,0.0782388352615,0.078290555874,0.0780707432711,0.0779924017553,0.0778653820159,0.0778676638076,0.0778965665028,0.0777315169014,0.0778691850021,0.077745968249,0.0776699085248,0.0775626643137,0.0775504947579,0.0775466917716,0.077516267882,0.0774508565192,0.0773687120171,0.0774151084488,0.0772766797509,0.0775558189385,0.0774173902406,0.077447053533,0.0776067789537,0.0776159061206,0.077670669122,0.0776029759675,0.0775527765496,0.0774706320475,0.0773573030585,0.077261467806,0.0773831633647,0.0773831633647,0.0771831262901,0.0770713184956,0.0770036253411,0.0770036253411,0.0769602712983,0.0771177149274,0.0771778021095,0.0771245603025,0.0771230391081,0.0772158319715,0.077333724544,0.0774569412971,0.0775657067027,0.0775542977441,0.0775733126751,0.0775809186475,0.0777315169014,0.0777026142062,0.0777566166103,0.0775877640227,0.0774789986171,0.0773618666419,0.0772416922778,0.0772774403481,0.077358824253,0.0772873281122,0.0771146725384,0.0771314056777,0.0768728026156,0.076899423519,0.076877366199,0.0768575906707,0.0769861316046,0.0769541865204,0.0769070294914,0.0767838127383,0.076767079599,0.0766096359699,0.0767016682362,0.0766887380831,0.0766971046527,0.0767571918348,0.0768347727535,0.0769131142694,0.0768629148514,0.076993737577,0.0771055453715,0.0772150713743,0.0773565424612,0.0774637866723,0.0776744721082,0.0776174273151,0.077472153242,0.0773595848502,0.0774485747275,0.0773801209757,0.0771603083729,0.0772820039316,0.0771854080819,0.0770439369949,0.0769625530901,0.0769541865204,0.0770249220639,0.0770523035646,0.0770758820791,0.0771352086639,0.0772226773467,0.0770523035646,0.0770287250501,0.0769541865204,0.0768005458776,0.0768127154335,0.0767663190017,0.0768621542542,0.0769184384501,0.0768728026156,0.0770637125232,0.077009710119,0.0771047847743,0.0771207573163,0.0772485376529,0.0771131513439,0.0771276026915,0.0769252838252,0.0767602342238,0.0767031894307,0.0765678031217,0.0766240873175,0.0764293744237,0.0764445863685,0.076556394163,0.0767914187107,0.0768119548362,0.0768477029066,0.0767282891396,0.0768134760307,0.0767838127383,0.0768887751576,0.0768940993383,0.0770272038556,0.0769001841163,0.0768940993383,0.0768933387411,0.0769442987563,0.0770713184956,0.0772371286943,0.0773443729054,0.0772728767647,0.077305582446,0.0772721161674,0.0773207943909,0.0772994976681,0.0772500588474,0.077217353166,0.0773474152943,0.077223437944,0.077154223595,0.0773215549881,0.0773542606695,0.077374796795,0.0774204326295,0.0774242356157,0.0774546595054,0.0775124648958,0.0774409687551,0.0775155072847,0.0774303203937,0.0771466176225,0.0772371286943,0.0772432134722,0.0770941364129,0.0769929769797,0.0769770044377,0.0769359321866,0.0768819297825,0.0768370545452,0.0769062688942,0.0770485005784,0.0770682761067,0.0770697973011,0.0769899345908,0.0769549471177,0.0769176778528,0.0769785256321,0.0771169543301,0.0770462187866,0.077034809828,0.0770910940239,0.0769230020335,0.0770614307315,0.0770933758156,0.0771580265812,0.0772356074998,0.0772774403481,0.0772325651109,0.0773420911136,0.077421953824,0.0773299215578,0.0774653078668,0.0773496970861,0.0775010559372,0.0775215920627,0.0775185496737,0.0774523777137,0.0773542606695,0.0772880887095,0.0773276397661,0.0773276397661,0.0772858069178,0.0772127895826,0.0771496600115,0.0772820039316,0.077242452875,0.0772880887095,0.0774379263661,0.0775474523689,0.0775444099799,0.0777315169014,0.078041840576,0.0782730621374,0.078470056823,0.0785286228106,0.0785894705899,0.0787575625803,0.0787256174962,0.0787256174962,0.0788047196093,0.0785750192423,0.0783369523057,0.0784175756133,0.078403884863,0.0784525630864,0.0788526372355,0.0793264893171,0.0799859271256,0.0806263500031,0.081334466035,0.082269240045,0.0833196248357,0.0843106830416,0.0854181126254,0.0863992830671,0.0872321370467,0.0878079091586,0.0882414495864,0.0887191046541,0.0891617722488,0.0895511980365,0.0897428685414,0.0897656864586,0.0897770954173,0.0898143646821,0.0899999504091,0.0901840149415,0.0902486657071,0.0901786907608,0.0902585534712,0.090462393532,0.0906129917858,0.0906586276203,0.090692093899,0.090660909412,0.0906190765638,0.0906320067169,0.0909438515859,0.0911552976191,0.0911940880784,0.0911963698702,0.0911294373129,0.0912016940509,0.0912914445254,0.0915066935448,0.0915774290882,0.0916671795627,0.0915873168524,0.0916968428552,0.0918656954428,0.0917622542179,0.0918215808028,0.091825383789,0.0919645730842,0.0919105706801,0.0918246231918,0.0918588500676,0.091988912196,0.0918824285821,0.0916922792717,0.0920132513077,0.0920619295312,0.0921136501436,0.0919698972649,0.0920459569891,0.0921372286581,0.0919873910015,0.0917196607724,0.0917873539269,0.0919075282911,0.0917569300373,0.0918649348456,0.09184439872,0.0918999223187,0.0920033635435,0.0920322662387,0.0920870292401,0.0922064430071,0.0923593230526,0.0923030388568,0.092256642425,0.0922421910774,0.0924034376926,0.0923867045533,0.0923311809547,0.0921843856871,0.0921608071726,0.092278699745,0.092080183865,0.092033026836,0.0919797850291,0.0919341491946,0.0918482017063,0.0919508823339,0.0919995605573,0.0920208572801,0.0922581636195,0.0923547594692,0.0925563177382,0.0927274521176,0.0928065542307,0.0927495094376,0.0927784121328,0.0927069159921,0.0928415417038,0.0929137984418,0.0929465041232,0.0927244097286,0.0927244097286,0.092716043159,0.0926962676307,0.0927662425769,0.0927525518266,0.0927708061604,0.0927046342003,0.0927304945066,0.0924764550278,0.0925829386417,0.0925471905713,0.0925312180292,0.092464285472,0.0926369410458,0.0925007941396,0.0925973899893,0.0925791356555,0.0926384622403,0.0926810556858,0.0926559559769,0.0926574771714,0.0928278509535,0.0929069530666,0.0928210055783,0.0928742473852,0.0929168408308,0.0929670402487,0.0929388981508,0.0930788480432,0.0931153567108,0.0931305686557,0.0929297709839,0.0930423393756,0.0928575142459,0.0930636360984,0.0931549077674,0.093141217017,0.0932309674916,0.0932887728819,0.0932971394516,0.0933982988847,0.0934743586089,0.0934812039841,0.0939071384394,0.0937702309359,0.0936530989607,0.0936880864338,0.0937116649483,0.0937626249635,0.0938866023139,0.0939580984546,0.094142162987,0.0941779110574,0.0939276745649,0.0941824746409,0.0942022501691,0.0941900806133,0.0942973248243,0.0942798310878,0.0943794693264,0.0943193821443,0.0942121379333,0.0941368388064,0.0941292328339,0.0939816769691,0.0941436841815,0.0942973248243,0.0944174991885,0.0944859529403,0.0945186586217,0.0945110526492,0.0945650550534,0.0946129726796,0.0947316258493,0.0948989572425,0.0948966754508,0.0948936330618,0.0948677727556,0.0949187327708,0.0947848676562,0.0948198551293,0.0948883088811,0.095105079095,0.095281537655,0.0952450289874,0.0953180463226,0.0953081585585,0.0953986696302,0.0953568367819,0.0954496296454,0.0956838935959,0.0958048285573,0.0957865742235,0.0957675592924,0.0959577086028,0.0961235188015,0.0962087056926,0.0961143916346,