# R script for Peak Model
#  -- generated by MACS
p <- c(0.0457627564623,0.0533845125844,0.0608714231699,0.0684132266287,0.0759860564942,0.0756769857512,0.0756769857512,0.0757211387145,0.075543333538,0.0756423793746,0.0754836673714,0.0754538342881,0.0756053863513,0.0755015672214,0.0754598009047,0.0755815198846,0.0753846215348,0.075252162645,0.0752330694716,0.0748392727721,0.0747593201088,0.0747115871755,0.0746853340622,0.0749621850753,0.0749025189087,0.0749025189087,0.0749705383386,0.0750302045052,0.0751268636951,0.0753571750982,0.0753870081815,0.0753309219849,0.0752712558183,0.0750290111819,0.0750469110318,0.0748846190587,0.0748046663954,0.0747223270855,0.0746590809489,0.0747056205589,0.074551681849,0.0744860490658,0.0744299628691,0.0743679100559,0.0744454760725,0.0746268612189,0.0746495343623,0.0747509668455,0.0747115871755,0.0744335428391,0.0745564551423,0.0747402269355,0.0745612284357,0.074605381399,0.0744371228091,0.0743583634692,0.0743285303859,0.0741889115561,0.074217551316,0.0744466693958,0.0746292478656,0.0741996514661,0.0742700575426,0.0743523968526,0.0744478627191,0.0744072897258,0.0742449977527,0.0741256654195,0.0740528726962,0.0739168338363,0.0736817491399,0.0738702942264,0.0739347336863,0.0738046614431,0.0737187421632,0.0736984556666,0.0740015597929,0.0740361661696,0.0737700550665,0.0737354486899,0.0738130147065,0.073915640513,0.0737259021032,0.0737497685699,0.0736948756966,0.0737963081798,0.0738118213831,0.0739490535663,0.0744347361625,0.0744192229592,0.0741733983527,0.0740218462896,0.0741757849994,0.0741769783227,0.0741769783227,0.0740349728462,0.0737855682698,0.0739072872497,0.0737449952765,0.0738094347365,0.0741244720961,0.0740648059295,0.0741041855995,0.0740731591929,0.074210391376,0.0743846165825,0.0744347361625,0.0743822299359,0.0743094372126,0.0742485777227,0.0740134930262,0.074253351016,0.0741316320361,0.0740659992529,0.0738953540164,0.0737593151565,0.07359224989,0.0733583585169,0.0734657576168,0.0733846116302,0.0735290037534,0.0734192180069,0.0735433236334,0.0736674292599,0.0735731567167,0.0735063306101,0.0737020356366,0.0738404611431,0.0737366420132,0.0738714875497,0.07365668935,0.0735540635434,0.0734299579169,0.0733380720203,0.0734776908501,0.07357793001,0.0734609843235,0.0733523919003,0.0733619384869,0.0734048981269,0.07359940983,0.0736399828233,0.0736710092299,0.0737306753965,0.0737247087799,0.0735636101301,0.0737796016532,0.073972920033,0.0739741133563,0.0740146863496,0.0738070480898,0.073926380423,0.0740337795229,0.0740421327862,0.073969340063,0.0740206529662,0.0737855682698,0.0736841357866,0.0737628951265,0.0736017964767,0.0737569285098,0.0737449952765,0.0736996489899,0.07361372971,0.0737879549165,0.0738858074297,0.0741805582927,0.0741375986528,0.0740039464396,0.0739812732963,0.0738034681198,0.0739311537163,0.0739681467396,0.0739538268596,0.0739025139564,0.073951440213,0.0737533485399,0.0737199354866,0.0737163555166,0.0738010814731,0.073962180123,0.0738714875497,0.0739072872497,0.0740564526662,0.0739955931763,0.0739991731463,0.0742545443393,0.074533781999,0.0745528751724,0.0745779349623,0.0746662408889,0.0747199404388,0.0746769807989,0.0746578876256,0.0747390336122,0.0746662408889,0.0744049030792,0.0740636126062,0.0740433261096,0.073937120333,0.0739788866496,0.0738189813231,0.0738368811731,0.0736805558166,0.0737581218332,0.0738297212331,0.0738714875497,0.0740457127562,0.0740683858995,0.0741733983527,0.0741686250594,0.0743416569426,0.0743810366125,0.0744454760725,0.0743380769726,0.0742330645194,0.0742939240093,0.074289150716,0.0742617042793,0.0743559768226,0.074292730686,0.0743714900259,0.074274830836,0.074540941939,0.0746435677456,0.0747294870255,0.0748058597188,0.074921612082,0.0751710166584,0.075198463095,0.0750850973785,0.0749025189087,0.0749371252853,0.0749228054053,0.0750827107318,0.0749812782486,0.0749586051053,0.0750134979785,0.0749084855253,0.0749621850753,0.075212782975,0.0753738816248,0.075554073448,0.0753571750982,0.0751602767484,0.0753476285115,0.0752951222849,0.0753512084815,0.0752843823749,0.0751602767484,0.0750898706718,0.0751936898017,0.0750994172585,0.0751889165084,0.0753464351882,0.0754192279115,0.0755982264113,0.0756936922778,0.0759192303876,0.0761089687974,0.0762581342139,0.0763154137339,0.0762509742739,0.0763846264871,0.076484865647,0.0765958447169,0.0766101645969,0.0765337919036,0.0766316444169,0.076534985227,0.0765146987303,0.0763428601705,0.076470545767,0.0763524067571,0.0763440534938,0.0763619533438,0.0764240061571,0.0764216195104,0.0763667266371,0.076484865647,0.0765146987303,0.0765648183103,0.0766543175602,0.07683331606,0.07681183624,0.0768237694733,0.0767509767501,0.0769442951299,0.0769252019565,0.077156706683,0.0773655382661,0.077480097306,0.0776781889791,0.0776746090091,0.0778094545456,0.0778166144856,0.0778512208623,0.0780636324154,0.078428789355,0.0788273593479,0.0794276009839,0.0802104210898,0.0810946736789,0.0822510039877,0.0836173592029,0.0849980342981,0.0864622420266,0.0875123665589,0.0886865967176,0.0896949549332,0.0904097556092,0.0908882782653,0.091178255835,0.0916400719646,0.0915529593613,0.0916913848678,0.0918274237277,0.0917940106744,0.0917677575611,0.0918190704644,0.0918763499843,0.0920899548608,0.0924193121004,0.0924264720404,0.0926866165268,0.0927295761668,0.0927152562868,0.0930040405331,0.0932570250795,0.0933763574127,0.0934980763926,0.093779700699,0.0934873364826,0.0936054754925,0.0935243295059,0.0935708691159,0.093811920429,0.0939169328822,0.0939217061755,0.0938405601889,0.0939754057255,0.0939419926722,0.0944873414349,0.0944575083516,0.0945983205048,0.0949419976245,0.0948823314578,0.0948143120279,0.0949014246312,0.0948417584646,0.0948584649912,0.0948453384346,0.0945147878716,0.0945816139782,0.0948035721179,0.0945708740682,0.0946734998747,0.0947904455613,0.0949300643911,0.0951424759442,0.0951341226809,0.0951663424109,0.0952856747441,0.095410973694,0.0952797081274,0.0951699223809,0.0951615691176,0.0952486817208,0.0952427151041,0.0951854355842,0.0952081087275,0.095055363341,0.0952820947741,0.0952152686675,0.0954014271073,0.0956054853971,0.095720044437,0.0958727898235,0.0958536966502,0.0958536966502,0.0959264893734,0.0961138411366,0.0961090678432,0.0961365142799,0.0960911679933,0.0961699273332,0.0962093070031,0.0962116936498,0.0960780414366,0.0962701664931,0.0963656323596,0.0963680190063,0.096373985623,0.0962785197564,0.0962105003265,0.0964205252329,0.0963286393363,0.0962641998764,0.0964145586163,0.0964957046028,0.0964336517896,0.0967606223826,0.0971281659688,0.0973835371619,0.0975804355117,0.0975291226084,0.0975971420384,0.0979420124813,0.0980052586179,0.0980541848745,0.0982236367877,0.0982522765477,0.0981317508911,0.098210510231,0.0980696980779,0.0980577648445,0.0982081235844,0.098274949691,0.0984300817242,0.0983358091809,0.0983537090309,0.0984324683708,0.0983429691209,0.0983429691209,0.0985327075307,0.0985506073807,0.0986043069306,0.0983680289109,0.098210510231,0.098296429511,0.0983537090309,0.0983143293609,0.0986544265106,0.0987868854004,0.0989133776736,0.0989312775236,0.0990864095568,0.0993441673965,0.0998047902027,0.100037488252,0.100394291929,0.100822695005,0.100739162372,0.100868041292,0.100945607308,0.101283317811,0.101483796131,0.101331050744,0.101292864398,0.101310764248,0.101372817061,0.101000500181,0.101002886828,0.100893101082,0.100964700482,0.100920547518,0.100768995455,0.101031526588,0.101006466798,0.101101932665,0.100994533565,0.101234391555,0.101511242568,0.101869239567,0.101926519087,0.102115064174,0.10234298893,0.102391915187,0.102560173777,0.102687859373,0.102684279403,0.10278332524,0.102578073626,0.102531534017,0.102609100033,0.10252198743,0.10256852704,0.102628193206,0.102483801083,0.102649673026,0.102948003859,0.103186668526,0.103631778129,0.103877602735,0.104000515038,0.104253499585,0.104480231018,0.104550637094,0.104858514514,0.104943240471,0.105010066577,0.105041092984,0.105007679931,0.105017226517,0.105203384957,0.105482622617,0.105450402887,0.105550642047,0.10584897288,0.10600291159,0.106284535896,0.106371648499,0.106514847299,0.106641339572,