# R script for Peak Model
#  -- generated by MACS
p <- c(0.041767467799,0.0483393810768,0.054864574592,0.0618725389878,0.0687948504855,0.0688259969939,0.0688259969939,0.0693788475185,0.0695501533148,0.0691763952137,0.0695190068064,0.0704767619405,0.0712554246511,0.0712554246511,0.0710218258379,0.0711541984987,0.0709283863126,0.0706402811097,0.0703210293983,0.0707882270247,0.0710529723463,0.0701964433646,0.0693944207727,0.0690985289426,0.0693866341456,0.0693243411287,0.0695345800606,0.0692386882305,0.0695579399419,0.0693710608913,0.0690362359258,0.069199755095,0.0699628445514,0.0701419369749,0.0703366026525,0.0701185770936,0.0698226852635,0.069635806213,0.0694255672811,0.0694022073998,0.068981729536,0.0698226852635,0.0697915387551,0.0697526056196,0.069635806213,0.0698148986364,0.0705624148386,0.070445615432,0.0702275898731,0.0704378288049,0.071099692109,0.0701107904665,0.0697370323653,0.0695968730774,0.0695267934335,0.0699628445514,0.069417780654,0.0692854079932,0.0691919684679,0.0689895161631,0.0686936243331,0.0692464748576,0.0693321277558,0.0693554876371,0.0694255672811,0.0690673824342,0.0690829556884,0.0693788475185,0.0697292457382,0.0698148986364,0.0704378288049,0.0701341503478,0.0700407108225,0.0703911090423,0.0703054561441,0.0698771916533,0.0702042299917,0.0697993253822,0.0698304718906,0.0697526056196,0.0692776213661,0.0691218888239,0.0691608219595,0.0693165545016,0.0690284492987,0.0694567137895,0.0693165545016,0.069417780654,0.0693087678745,0.0690673824342,0.0685301051638,0.0684055191301,0.0685690382994,0.0682653598422,0.068319866232,0.0680551209104,0.0682419999609,0.0686001848078,0.0688259969939,0.069199755095,0.0693165545016,0.0695190068064,0.0689194365192,0.0689505830276,0.0691063155697,0.0687714906041,0.0687481307228,0.0685456784181,0.0680239744019,0.0677280825719,0.0680551209104,0.0680084011477,0.0682264267067,0.0680395476561,0.0682342133338,0.068903863265,0.0685067452825,0.0682575732151,0.0688805033836,0.0690050894173,0.0687481307228,0.0684522388928,0.068763703977,0.069129675451,0.0693710608913,0.0692386882305,0.0692854079932,0.0696280195859,0.0697759655009,0.0698538317719,0.0699161247888,0.0705546282115,0.0701341503478,0.0694489271624,0.0691374620782,0.0689505830276,0.0688493568752,0.0687481307228,0.0681874935712,0.0680006145206,0.0683899458759,0.0687714906041,0.0693866341456,0.069931698043,0.0697448189925,0.0700407108225,0.0704923351947,0.0703521759068,0.0708660932958,0.0711308386174,0.0706792142452,0.0702198032459,0.0698616183991,0.0695345800606,0.0698226852635,0.069783752128,0.0697526056196,0.0698304718906,0.0695034335522,0.0694645004166,0.0696591660943,0.0699083381617,0.069931698043,0.0701964433646,0.0702509497544,0.0698771916533,0.069783752128,0.0701030038394,0.0698694050262,0.0701030038394,0.0705935613471,0.0702898828899,0.0702665230086,0.0706870008723,0.0706714276181,0.0713488641764,0.0710062525837,0.0708193735331,0.0710373990921,0.0707726537705,0.0702509497544,0.0700251375683,0.0704144689236,0.0702353765002,0.0703755357881,0.0701107904665,0.0703132427712,0.0709050264313,0.0707025741265,0.0706558543639,0.0705390549573,0.0706558543639,0.0704611886862,0.0704300421778,0.0704066822965,0.070445615432,0.0711619851258,0.0705390549573,0.0708193735331,0.0706870008723,0.0713410775493,0.0711386252445,0.071831635057,0.0719172879552,0.0720808071244,0.0719328612094,0.071395583939,0.0715980362438,0.0718472083112,0.0717693420401,0.071683689142,0.0718004885486,0.0711308386174,0.0705702014657,0.0701808701104,0.070445615432,0.0701808701104,0.0698382585177,0.0698226852635,0.0699394846701,0.0697993253822,0.0700173509412,0.0699706311785,0.0702509497544,0.0705779880928,0.0709050264313,0.0707492938892,0.0706870008723,0.0706480677368,0.0709283863126,0.0706480677368,0.0705234817031,0.0704611886862,0.0705001218218,0.0701263637207,0.0695735131961,0.0699472712972,0.0703366026525,0.0698771916533,0.0703054561441,0.0706558543639,0.0708038002789,0.0706558543639,0.0705779880928,0.0708505200416,0.0709128130584,0.0706792142452,0.07058577472,0.07117755838,0.0707103607537,0.0706169212284,0.0708427334145,0.0712709979053,0.0716914757691,0.0713488641764,0.0713722240577,0.0715980362438,0.0713332909222,0.0710763322277,0.0707726537705,0.0707415072621,0.070663640991,0.0713021444137,0.0712087048885,0.0717381955317,0.0721742466497,0.0724779251068,0.0731942948006,0.073365600597,0.0739495976299,0.0740819702907,0.0742532760871,0.0734045337325,0.0733110942072,0.073295520953,0.0730463488856,0.0731086419024,0.0728205366995,0.0725480047508,0.0728828297164,0.0727971768182,0.0731553616651,0.0731709349193,0.0733422407156,0.0729606959874,0.0730074157501,0.0730385622585,0.0729684826145,0.0730385622585,0.0723221925647,0.0725869378863,0.0725713646321,0.0725324314966,0.0725012849881,0.0728984029706,0.0728127500724,0.0726725907845,0.0731242151567,0.0737159988167,0.0746737539508,0.0755925759494,0.0776248856242,0.0801866859422,0.0822657153796,0.0847730093079,0.0884093641666,0.09165638767,0.0951915163763,0.0985086195237,0.101311805282,0.10422400382,0.105119465937,0.105859195512,0.107408734306,0.108078384237,0.107868145306,0.108202970271,0.108039451102,0.107509960459,0.10753332034,0.107120629103,0.107377587798,0.10758782673,0.107525533713,0.10788371856,0.107961584831,0.108109530746,0.108023877848,0.108592301627,0.108740247542,0.108997206236,0.109223018422,0.109511123625,0.109931601489,0.110071760777,0.110352079353,0.110593464793,0.11049223864,0.11065575781,0.110562318284,0.110686904318,0.110819276979,0.111255328097,0.111122955436,0.110749197335,0.111177461826,0.110772557216,0.110585678166,0.110289786336,0.110367652607,0.109916028235,0.109542270134,0.109300884693,0.109526696879,0.110258639827,0.11089714325,0.11148892691,0.112049564062,0.112664707603,0.113201984874,0.11372368889,0.114128593499,0.113201984874,0.113225344755,0.112758147128,0.112002844299,0.111473353656,0.111753672232,0.111270901351,0.111185248453,0.111263114724,0.110858210115,0.112579054705,0.112625774468,0.113225344755,0.112913879671,0.113194198246,0.112797080264,0.112789293637,0.112797080264,0.112812653518,0.113365504043,0.112765933756,0.112290949502,0.112470041926,0.112508975061,0.112742573874,0.112656920976,0.112610201213,0.111613512944,0.111769245486,0.111208608334,0.110741410708,0.110827063606,0.110071760777,0.110118480539,0.109448830608,0.110001681133,0.110523385149,0.111068449046,0.110904929877,0.111520073419,0.112228656485,0.112719213993,0.113295424399,0.113529023212,0.113902781313,0.11396507433,0.113926141194,0.114494564973,0.114424485329,0.113933927822,0.114167526635,0.113949501076,0.114097446991,0.114214246397,0.114089660364,0.113972860957,0.113863848178,0.113575742975,0.114004007466,0.115031842244,0.114946189345,0.115265441057,0.115070775379,0.115086348633,0.115413386972,0.114985122481,0.11555354626,0.116223196191,0.115974024123,0.115942877615,0.116425648496,0.116674820563,0.116215409564,0.116760473461,0.117406763511,0.118115346578,0.117251030969,0.116853912986,0.116892846122,0.116994072274,0.116503514767,0.116698180444,0.117321110613,0.116308849089,0.116114183411,0.116067463649,0.116394501987,0.116604740919,0.116955139139,0.116262129326,0.116153116547,0.115226507921,0.114946189345,0.11549903987,0.115249867803,0.115335520701,0.116184263055,0.116690393817,0.116822766478,0.117671508833,0.117796094866,0.117967400663,0.118348945391,0.118800569763,0.119758324897,0.120311175422,0.120365681811,0.119976350456,0.120132082998,0.120357895184,0.121346796827,0.121782847945,0.121167704403,0.121541462505,0.121183277658,0.12128450381,0.121082051505,0.121237784047,0.12122999742,0.120887385828,0.120427974828,0.121253357302,0.121884074097,0.121268930556,0.120093149863,0.119882910931,0.120233309151,0.120209949269,0.119820617914,0.119898484185,0.120295602168,0.119914057439,0.120318962049,0.121214424166,0.12211767291,0.122125459538,0.121868500843,0.122055379894,0.12246807113,0.122545937401,0.12287297574,0.123005348401,0.122569297283,0.122390204859,0.122592657164,0.122250045571,0.12252257752,0.122429137995,0.122950842011,0.122966415265,