# R script for Peak Model
#  -- generated by MACS
p <- c(0.0444500769044,0.0518272073576,0.0591833479452,0.0665524053732,0.0739472964819,0.0737955236076,0.073630833893,0.073772919137,0.0737196371705,0.0737083349352,0.0737422416411,0.0736502091535,0.0735710935063,0.0736017710021,0.0736485945485,0.0737309394058,0.0738116696581,0.0734984362792,0.0734580711531,0.0736017710021,0.0736728136242,0.0738375033388,0.0738697954397,0.0737648461118,0.0737115641452,0.0736146878425,0.0735807811366,0.0735856249517,0.0734322374724,0.0733192151192,0.0733305173545,0.0732578601274,0.0733724970857,0.0733611948504,0.07334827801,0.0735081239095,0.0734160914219,0.073419320632,0.0735484890356,0.0735145823297,0.0735872395567,0.0733805701109,0.0731206186986,0.0731561400096,0.0730059817403,0.0727993122945,0.0727928538743,0.0727395719078,0.0726669146808,0.0726798315211,0.0726717584959,0.0726297787647,0.0726798315211,0.0725587361427,0.072747644933,0.0727331134876,0.0726782169161,0.07281707295,0.0728412920257,0.0726200911344,0.0724521722097,0.0727734786138,0.0729139492527,0.0729171784628,0.0730011379252,0.0729833772697,0.0730867119926,0.0728735841266,0.0727993122945,0.0731609838247,0.0732481724972,0.0730754097573,0.0730398884463,0.0730043671353,0.0725764967982,0.0725522777225,0.072532902462,0.0726975921766,0.0729494705637,0.0726330079748,0.072744415723,0.0724796204955,0.0722568049992,0.0724150362937,0.0727056652019,0.0727201966473,0.0726475394202,0.0724763912854,0.0721389388309,0.0722406589487,0.0721760747469,0.0724473283946,0.0725280586468,0.0722761802597,0.0721308658056,0.0722164398731,0.0723714419574,0.0724473283946,0.0725361316721,0.0723633689322,0.0721357096208,0.0723326914363,0.0724876935207,0.0726943629665,0.0726443102101,0.0728025415046,0.0725877990335,0.072676602311,0.072712123622,0.0728364482106,0.0727702494037,0.0725910282436,0.0724376407643,0.072390817218,0.0724182655037,0.0722067522428,0.0722325859235,0.0722939409152,0.072250346579,0.0721292512006,0.0722212836882,0.0721389388309,0.0722325859235,0.0721195635703,0.0720985737047,0.072003312007,0.072108261335,0.0721211781754,0.0720485209483,0.0722196690831,0.0721292512006,0.0719807075364,0.0719516446456,0.0721873769822,0.0721373242258,0.0723601397221,0.0722826386799,0.072213210663,0.0722358151336,0.0723520666969,0.0723795149827,0.0725974866638,0.0725716529831,0.0724118070836,0.072570038378,0.0725135272014,0.0724118070836,0.0725910282436,0.0727331134876,0.0726572270505,0.0728412920257,0.0727201966473,0.0728429066307,0.0728913447821,0.0730350446312,0.0730253570009,0.0731852029004,0.0731060872532,0.0732045781609,0.0732594747325,0.0730608783119,0.0733870285311,0.0734241644471,0.0734742172035,0.0733547364302,0.0732627039426,0.0734386958925,0.0732384848669,0.073312756699,0.07317228606,0.0733046836738,0.0731077018582,0.0732368702619,0.0731674422449,0.0732191096063,0.0733805701109,0.0732191096063,0.0732723915729,0.0731642130348,0.07334827801,0.0734128622118,0.0733805701109,0.0731803590853,0.0732400994719,0.073243328682,0.0731868175054,0.0732368702619,0.0733563510352,0.0733176005141,0.0731303063288,0.0731464523793,0.0733644240605,0.07352426996,0.073810055053,0.0738827122801,0.0738827122801,0.0737680753218,0.0737664607168,0.0738633370195,0.0739456818769,0.0738229718934,0.073810055053,0.073810055053,0.0738358887338,0.0737228663806,0.0736938034897,0.0734806756237,0.0735371868003,0.0736550529687,0.0737470854562,0.0738891707003,0.0737131787503,0.0737309394058,0.0737551584815,0.0737487000613,0.0740409435745,0.0743025095919,0.0743993858947,0.0743105826172,0.0741846434236,0.074341260113,0.074554387979,0.0745995969203,0.0744639700965,0.0746561080969,0.0745818362648,0.0745673048194,0.074517252063,0.0745430857437,0.0747885057106,0.0748660067528,0.0748321000469,0.0747755888703,0.0747223069038,0.0744010004997,0.0741684973731,0.074412302735,0.0743380309029,0.0744575116763,0.0743380309029,0.0744752723318,0.074518866668,0.0744332926006,0.074588294685,0.0748143393914,0.0749402785849,0.0748030371561,0.0746835563827,0.0745463149538,0.0746318890212,0.0744413656258,0.0743267286676,0.0745333981134,0.0743864690543,0.0745043352226,0.0747529843996,0.0747723596602,0.0751227289551,0.0752244490729,0.0754585668046,0.0755070049559,0.0758073214944,0.0756603924352,0.075900968587,0.0759397191081,0.0760818043521,0.0764144129915,0.0764580073278,0.0764127983865,0.0764580073278,0.076572644286,0.0767244171603,0.0770166606735,0.0769391596313,0.0770715572451,0.0769391596313,0.0768099912277,0.0767970743873,0.0771845795983,0.0771119223712,0.0772297885395,0.0771345268418,0.07706994264,0.0770424943543,0.0772959873464,0.0772394761698,0.0774509894308,0.077599533095,0.0772007256487,0.0774897399519,0.0774655208762,0.0777319307087,0.07777713965,0.0779870383059,0.0781872493316,0.0784423569288,0.0784213670632,0.0787410588622,0.0794208075864,0.0797082072845,0.0804250919247,0.0809046296232,0.0819492790877,0.0829115836949,0.0836656042512,0.0849944242037,0.0862877228452,0.0872661735028,0.088194571404,0.0890729165488,0.0897365192225,0.0904889251737,0.0908941910402,0.0913059153268,0.091703108168,0.0918871731432,0.0918984753785,0.0920728527234,0.0922843659844,0.0923731692619,0.0924329096486,0.0927445284224,0.0927832789435,0.0929027597169,0.0930722932466,0.0932418267764,0.0934597984576,0.0935550601553,0.0934985489787,0.0934468816172,0.0936148005419,0.0933419322892,0.0935582893654,0.0936793847438,0.0938004801222,0.0938505328786,0.093863449719,0.0940685045597,0.0943704357033,0.0947595555193,0.095281072949,0.0955394097563,0.095778371303,0.0958381116897,0.0956976410507,0.0957864443282,0.0961368136231,0.0960044160094,0.0959656654883,0.0958897790511,0.095565243437,0.0955426389664,0.0954845131847,0.0955813894874,0.0956653489498,0.0955620142269,0.0955523265966,0.0958639453704,0.0959656654883,0.0961755641442,0.0959769677236,0.0957864443282,0.0958591015553,0.0959608216732,0.0961416574383,0.0962611382116,0.0960367081103,0.0959721239085,0.0959608216732,0.0959850407488,0.0961109799424,0.0965549963299,0.0965033289685,0.096450047002,0.0963483268841,0.0964112964809,0.0966728624982,0.0966082782964,0.0967761972212,0.0969796374569,0.0972024529532,0.0971039620454,0.0973074022812,0.097515686332,0.0977659501141,0.0979677757448,0.098009755476,0.0982099665016,0.0982567900479,0.098116319409,0.0982535608379,0.0983552809557,0.0984650740988,0.0984634594938,0.0985022100149,0.0983229888548,0.0982212687369,0.0982002788714,0.098046891392,0.0982616338631,0.0981776744007,0.0983601247709,0.0983326764851,0.0984085629222,0.0986152323681,0.0986572120992,0.0988396624694,0.099004352184,0.0994080034454,0.0994386809413,0.0997599873454,0.0998358737825,0.0997454559,0.0997648311605,0.099393472,0.0993999304202,0.0994483685716,0.0995613909248,0.0997389974798,0.0996437357821,0.0996679548578,0.0996921739335,0.0997519143201,0.100003792707,0.10011035664,0.100344474372,0.10027020254,0.100388068708,0.100068376909,0.100433277649,0.100384839498,0.100547914608,0.100948336659,0.100954795079,0.101313237399,0.101416572122,0.101842827854,0.102143144393,0.102469294612,0.102633984326,0.102826122327,0.103058625453,0.103139355706,0.103396077908,0.103447745269,0.103559153018,0.103471964345,0.103325035286,0.103292743185,0.102977895201,0.103237846614,0.103076386109,0.103250763454,0.103189408462,0.103215242143,0.10309576137,0.10347034974,0.103678633791,0.103864313371,0.103959575069,0.103962804279,0.104137181624,0.103972491909,0.104150098464,0.104406820667,0.104658699054,0.104610260902,0.104495623944,0.104611875507,0.104981620063,0.10505104808,0.10507365255,0.105199591744,0.105218967004,0.105367510669,0.105543502619,0.105711421543,0.106026269527,0.106050488603,0.105984289796,0.106239397393,0.106463827495,0.106649507075,0.106772217058,0.106802894554,0.10684325968,0.106856176521,0.106743154167,0.106819040605,0.107009564,0.106909458487,0.107040241496,0.107224306471,0.107471341043,0.10736477711,0.10737446474,0.107639259968,0.10805905728,0.108204371734,0.108469166961,0.108570887079,0.108501459062,0.108504688272,0.108813077836,0.109294230139,0.109620380359,