# R script for Peak Model
#  -- generated by MACS
p <- c(0.0429802181072,0.0501678998342,0.0574042056465,0.0647568619481,0.0719306510795,0.0719375973773,0.0722414979094,0.0724759354627,0.0724047359095,0.072406472484,0.0719862214625,0.0719619094199,0.0717934616964,0.0717986714198,0.0717726228028,0.0719323876539,0.0717743593772,0.0716371699942,0.0718090908666,0.0718976561645,0.0720921525051,0.0721407765902,0.0721980835477,0.0720296358242,0.0721164645476,0.0718976561645,0.0720278992497,0.0720852062072,0.0720504747178,0.0719949043348,0.0720574210157,0.071869870973,0.0718455589305,0.0719202316326,0.071817773739,0.0717500473347,0.0715798630367,0.0716458528665,0.0717361547389,0.0715034537601,0.0713558449302,0.0715729167388,0.0715347121005,0.0715173463558,0.0713575815047,0.0713801569728,0.0712221286961,0.0707445707171,0.0706178007809,0.0708088239725,0.070695946632,0.0706924734831,0.0706507956958,0.0704250410148,0.0703833632276,0.0705865424405,0.0708713406534,0.0712481773131,0.0712794356536,0.0712325481429,0.0712412310153,0.0711457194195,0.0711040416322,0.0713610546536,0.0716284871219,0.0712533870366,0.0711370365471,0.0712099726748,0.0710710467173,0.0708730772278,0.0708973892704,0.0708557114832,0.0710241592066,0.0709286476109,0.0709095452917,0.0709807448449,0.0709929008662,0.0708435554619,0.0709303841853,0.0711682948876,0.0713784203983,0.0713940495685,0.0714096787388,0.0713784203983,0.0714270444834,0.0716562723134,0.0716406431431,0.071677111207,0.0716840575049,0.0714947708877,0.0713350060366,0.0715520778452,0.0714461468026,0.0713367426111,0.0711509291429,0.0709564328024,0.0709199647385,0.070781038781,0.0708574480576,0.0710015837385,0.0710675735684,0.0708609212066,0.0709095452917,0.0709911642917,0.0708973892704,0.0710102666109,0.0709008624193,0.0709790082705,0.0711214073769,0.0711474559939,0.0710693101428,0.0711457194195,0.0711839240578,0.0711109879301,0.0712064995259,0.0711057782067,0.0710311055045,0.0713037476962,0.0711057782067,0.071114461079,0.0710641004194,0.0711075147812,0.0711266171003,0.071203026377,0.0714183616111,0.0714721954196,0.0717101061219,0.071562497292,0.0715051903346,0.0714183616111,0.0715347121005,0.0713575815047,0.0713124305685,0.0712776990791,0.0709859545683,0.0710276323556,0.0710970953343,0.0710241592066,0.0711370365471,0.0713714741004,0.0714287810579,0.0716007019303,0.0715677070154,0.0716545357389,0.0716996866751,0.0719619094199,0.0719896946114,0.0720782599093,0.0721650886328,0.0720556844412,0.0720331089731,0.0717118426964,0.0717205255687,0.0715902824835,0.0715486046963,0.0713853666962,0.071369737526,0.071284645377,0.0709963740151,0.0710502078237,0.0711596120152,0.071562497292,0.0717014232495,0.0717101061219,0.0718229834624,0.0717604667815,0.0715729167388,0.0716944769517,0.0716562723134,0.0715798630367,0.0715850727601,0.0712447041642,0.0711005684833,0.0714357273558,0.0715208195048,0.0715416583984,0.071506926909,0.0713367426111,0.0714895611643,0.071758730207,0.0717309450155,0.0719237047816,0.0719636459944,0.0716892672283,0.0719132853348,0.0719497533986,0.0721477228881,0.0723404826541,0.0723682678456,0.0722501807817,0.0721147279732,0.072121674271,0.0721946103987,0.0721442497391,0.0718455589305,0.0718264566113,0.0720504747178,0.0721442497391,0.0722935951435,0.0724082090584,0.0726113882713,0.0726721683777,0.0727972017395,0.0729639128885,0.0730698439311,0.0731236777396,0.0731045754205,0.073128887463,0.0731757749737,0.0729257082502,0.0730246929949,0.0730889462503,0.0730420587396,0.0731202045907,0.0732712865695,0.0731931407184,0.0728701378672,0.0728354063778,0.0727624702501,0.0726009688245,0.072573183633,0.0724603062925,0.0724933012074,0.0724846183351,0.0724099456329,0.0724985109308,0.0726391734628,0.0727381582075,0.0727902554416,0.0732122430376,0.0732382916546,0.0733754810376,0.0734050028036,0.0733199106546,0.0733390129738,0.0732886523142,0.073358115293,0.0733129643568,0.0734050028036,0.0732591305482,0.0731167314418,0.073021219846,0.0728684012927,0.073047268463,0.0729604397396,0.0731393069099,0.0730594244843,0.0732191893354,0.0731514629311,0.0732278722078,0.0734987778249,0.0736446500803,0.0737679468676,0.0738443561443,0.0738825607826,0.0739033996762,0.0743010752296,0.074195144187,0.0741326275061,0.0740336427614,0.0738269903996,0.0738460927187,0.0739016631017,0.0739259751443,0.0741638858466,0.07416909557,0.0741117886125,0.0742159830806,0.0742524511445,0.0743392798679,0.0744747326765,0.0746744387404,0.074839413315,0.0749331883363,0.0750703777194,0.0751276846768,0.0751259481024,0.0752075671024,0.0754524241025,0.0756486570175,0.0757667440814,0.0757285394431,0.0757024908261,0.0756660227622,0.0756365009962,0.0757632709325,0.0758570459538,0.0759456112517,0.0761748390816,0.0760897469326,0.0761001663795,0.0760150742305,0.0761748390816,0.0761731025072,0.0761678927838,0.076016810805,0.0760775909114,0.0762547215072,0.0766176655712,0.0772098374651,0.0780416566358,0.0792086346789,0.0802766279774,0.0813480944247,0.0828189729999,0.0845173428306,0.0856582722567,0.0868426160445,0.0878029417259,0.0890793239606,0.089784373195,0.0903348673017,0.0908541030679,0.0913594462384,0.0915018453448,0.0914150166214,0.0918404773663,0.0917762241109,0.0917623315152,0.0915904106427,0.091520947664,0.0914584309831,0.0914132800469,0.0915574157278,0.0917762241109,0.0920870709409,0.0920488663025,0.0922398894941,0.092609779856,0.0929814067924,0.0930977572818,0.0933912383671,0.0936586708353,0.0938549037503,0.0939886199844,0.0940563463887,0.094094551027,0.0941171264951,0.0940667658355,0.0940268246227,0.0941067070483,0.0941970089207,0.0942074283675,0.0942074283675,0.0942803644952,0.0945877381762,0.0949211604742,0.0954838106022,0.0954716545809,0.0956644143469,0.0958484912407,0.0960586167514,0.0962513765175,0.096445872858,0.0963677270069,0.0962253279004,0.0960672996237,0.0959440028365,0.0962357473472,0.0963503612622,0.0964997066665,0.0965483307517,0.0966785738368,0.0966889932836,0.0968626507305,0.0970015766881,0.0972446971137,0.0974965004117,0.0974982369862,0.0975416513479,0.0974635054968,0.0974999735607,0.0974912906883,0.0975138661564,0.0977934546459,0.097956692646,0.0979948972843,0.0979775315396,0.098126876944,0.0982362811355,0.0985679668591,0.0984950307314,0.0986721613272,0.0989152817529,0.0988961794337,0.0989395937954,0.0992799623914,0.0994779318808,0.0996672184979,0.0999624361577,0.0999311778172,0.100122201009,0.100130883881,0.100240288073,0.100228132051,0.100219449179,0.100196873711,0.100077050073,0.100049264881,0.0998617148385,0.100120464434,0.100304541328,0.100254180668,0.100410472371,0.100664012243,0.100830723392,0.101054741499,0.101223189222,0.101473255946,0.101396846669,0.101629547648,0.101659069414,0.101811887967,0.101961233371,0.102120998223,0.102233875563,0.102105369052,0.102136627393,0.102115788499,0.102421425606,0.102450947372,0.10255514184,0.102591609904,0.102470049691,0.102687121499,0.102935451649,0.103133421138,0.10335570267,0.103532833266,0.103727329606,0.103683915245,0.103994762075,0.104498368671,0.104838737267,0.104685918713,0.104769274288,0.105241622543,0.105347553586,0.105434382309,0.105394441097,0.105851160182,0.106061285693,0.105974456969,0.106314825565,0.106465907544,0.106333927884,0.106392971416,0.106523214501,0.106880948842,0.107261258651,0.107304673012,0.1073463508,0.107563422608,0.107547793438,0.107822172204,0.108157331077,0.108501172822,0.108971784503,0.109291314205,0.109438923035,0.109765399035,0.10984875461,0.110364517227,0.110432243631,0.110470448269,0.110736144163,0.110505179759,0.110545120972,0.110461765397,0.110498233461,0.11081255344,0.1111077711,0.110880279844,0.110963635419,0.110958425695,0.110671890908,0.110668417759,0.110621530248,0.110807343716,0.110798660844,0.110480867716,0.110361044078,0.110454819099,0.110822972887,0.111380413291,0.112215705611,0.112630746909,0.112906862249,0.113014529866,0.113620594356,0.114023479633,0.114561817718,0.115051531719,0.115044585421,0.115042848846,0.115002907633,0.115391900315,0.115834726804,0.116185514847,0.116253241251,0.116433844996,0.116692594592,0.116918349273,0.117373331784,0.117595613316,0.117878674954,