# R script for Peak Model
#  -- generated by MACS
p <- c(0.0438613570046,0.0512718862753,0.0584682089187,0.0658430370848,0.0732076649353,0.073069960675,0.073021509176,0.0731056617795,0.0731719638308,0.0730852611484,0.0728889050734,0.0728481038111,0.0729424567302,0.0727741515231,0.0725650450536,0.0727639512075,0.0728124027065,0.0726772485251,0.0723763392154,0.0724528415822,0.0725395442647,0.0721366317992,0.0720728798268,0.0719428258031,0.0720320785645,0.0718688735151,0.0718127717794,0.0716368163356,0.0717311692548,0.0717413695704,0.0717592201226,0.0720040276966,0.0719657765132,0.0720728798268,0.0719147749353,0.0717617702015,0.0719581262765,0.0722360848761,0.0723202374797,0.0720754299057,0.0719479259609,0.0719836270654,0.0718153218583,0.0719275253297,0.0718663234362,0.0720958305369,0.0719606763554,0.0717362694126,0.0716725174402,0.0718153218583,0.0719606763554,0.0719632264343,0.0721111310102,0.0720626795112,0.0722998368485,0.0720473790378,0.0722156842449,0.0722717859807,0.0721340817203,0.0721621325881,0.0722080340083,0.0720167780911,0.0720958305369,0.0721340817203,0.0718510229629,0.0718841739885,0.0715450134954,0.0715475635743,0.0714787114441,0.0712415541068,0.070820791089,0.0711115000831,0.0708921932981,0.0708233411679,0.0711472011877,0.0714940119175,0.0717413695704,0.0717464697282,0.0718765237518,0.0719275253297,0.0721697828248,0.0720244283278,0.0721264314836,0.0724910927657,0.0724732422134,0.072361038742,0.0722768861384,0.0723431881897,0.0723457382686,0.0722972867696,0.07243499103,0.0724247907144,0.0723253376375,0.071726069097,0.0716164157045,0.071384358525,0.0713384571049,0.0712747051325,0.0712313537912,0.0713129563159,0.0712339038701,0.0712772552114,0.071529713022,0.0718382725684,0.0720142280122,0.0722309847183,0.0724273407933,0.0724757922923,0.0724528415822,0.0725471945014,0.0725089433179,0.0725216937124,0.0724375411089,0.0721978336927,0.072067779669,0.0720779799846,0.071822972095,0.0716240659412,0.071677617598,0.071629166099,0.0713716081305,0.0715195127064,0.0716444665723,0.0718739736729,0.0720550292745,0.07201932817,0.0722156842449,0.0723814393732,0.072141731957,0.071922425172,0.0722411850339,0.0717770706749,0.0716266160201,0.071677617598,0.0713767082883,0.0712976558425,0.0710553983474,0.070846291878,0.0713053060792,0.0715348131798,0.0714175095506,0.0718408226473,0.0717872709905,0.0717898210694,0.0720116779333,0.0718918242252,0.0721391818781,0.0723788892943,0.072190183456,0.0721927335349,0.0723559385842,0.0722972867696,0.0721850832982,0.0718637733574,0.071506762312,0.0719198750931,0.0720014776177,0.0719989275388,0.0720524791956,0.0721238814047,0.0723584886631,0.072605846316,0.0726185967105,0.0728379034955,0.0730036586237,0.0728965553101,0.0727843518387,0.0727588510497,0.0725905458426,0.0728277031799,0.0726364472627,0.0723151373219,0.072386539531,0.0723176874008,0.0722743360595,0.0721060308524,0.0719122248564,0.0721085809313,0.0722743360595,0.0718561231207,0.0718025714639,0.0720856302213,0.0724298908722,0.0726593979728,0.0727308001819,0.0725344441069,0.0727435505763,0.0726083963949,0.0727563009708,0.0725038431602,0.0726109464738,0.0723584886631,0.0722284346394,0.0719275253297,0.0721468321148,0.0725828956059,0.0726899989195,0.0726211467893,0.0726032962371,0.072899105389,0.072899105389,0.0729322564146,0.0727614011286,0.0729781578347,0.0727537508919,0.0727639512075,0.0726950990773,0.0726389973416,0.0726772485251,0.0728302532588,0.0728659543633,0.0728787047578,0.0731311625685,0.0733071180123,0.0733606696691,0.073337718959,0.0733581195902,0.0734907236928,0.0733963707736,0.0732841673022,0.0731694137519,0.0730138589393,0.0732357158032,0.0732510162766,0.0734932737717,0.0736513786632,0.0735111243239,0.073827334107,0.0740032895508,0.0741970955468,0.0741715947579,0.0743347998072,0.0743271495705,0.0743092990182,0.0740899922332,0.0739522879729,0.0742327966514,0.0741537442056,0.0740746917599,0.0740491909709,0.0742404468881,0.0742633975981,0.0739828889196,0.0740058396297,0.0742098459413,0.0740797919176,0.0739956393141,0.0739191369472,0.0737610320557,0.0739471878151,0.0740925423121,0.0743296996494,0.0745235056455,0.0742965486238,0.074291448466,0.0743016487816,0.074388351464,0.074365400754,0.0747045612471,0.0746255088013,0.0744954547776,0.0744342528841,0.0745464563555,0.0747683132195,0.0745974579335,0.0745923577757,0.0748907170064,0.0751304244226,0.0749162177954,0.0750054705568,0.0750539220558,0.0749468187422,0.0748932670853,0.0750437217402,0.0753497312077,0.0754338838112,0.0751992765528,0.0749468187422,0.0753191302609,0.0754491842846,0.0754746850735,0.0756225896495,0.0756276898073,0.075757743831,0.075903098328,0.0761147548763,0.0761938073221,0.076538067973,0.0766528215233,0.0763901633971,0.0767012730223,0.0770174828054,0.0770531839099,0.0770888850145,0.0770072824898,0.077124586119,0.0770608341466,0.0774484461388,0.0776958037916,0.0786418830619,0.0791340482888,0.0797027158825,0.0806232943638,0.0816509761587,0.0828571634764,0.0841016019774,0.085626549157,0.0867791848178,0.0880669746601,0.0889187010112,0.0896403733387,0.0905456513466,0.0914024778556,0.091733988112,0.0922771549168,0.0925015618596,0.0928458225105,0.0927999210904,0.0927387191969,0.0930243280332,0.093345637974,0.0932181340292,0.0933838891575,0.0937995520174,0.0936490973626,0.0937740512285,0.0937664009918,0.0941693134573,0.0942279652719,0.094151462905,0.0940316091969,0.0942815169287,0.0941999144041,0.0939602069879,0.0943274183488,0.094544175055,0.0944880733193,0.0944421718991,0.0947073801043,0.0949037361792,0.0953602003016,0.0956254085067,0.0956968107158,0.0956840603213,0.0955106549564,0.0953168489603,0.0954851541674,0.0954826040885,0.0956968107158,0.0957835133982,0.0957707630038,0.095301548487,0.0952071955678,0.0954520031418,0.0958396151339,0.0964388836744,0.0966785910906,0.0967550934575,0.096765293773,0.0968443462188,0.0969157484279,0.097351811919,0.0978082760413,0.0979612807751,0.0977572744634,0.097622120282,0.0975864191774,0.0977113730433,0.0978363269092,0.0979842314851,0.0978465272248,0.0980683840887,0.0979842314851,0.0980811344832,0.0985120978165,0.0985809499467,0.0986753028659,0.0990272137535,0.098843608073,0.098695703497,0.0988206573629,0.0986498020769,0.0989532614655,0.099062914858,0.099014463359,0.0992643710907,0.0992057192761,0.0989124602031,0.0989226605187,0.0989328608343,0.0990807654103,0.0989583616233,0.0988461581519,0.0989583616233,0.0990909657258,0.0991929688817,0.0996953344241,0.0998661897101,0.100146698389,0.100549610854,0.100870920795,0.101268733103,0.101248332472,0.101401337205,0.101416637679,0.10157474257,0.101556892018,0.101788949197,0.101998055667,0.101860351406,0.102100058823,0.102576923576,0.102791130203,0.102941584858,0.103209343142,0.103377648349,0.103619905844,0.103727009158,0.103910614839,0.104221724464,0.104124821466,0.104188573438,0.104471632196,0.104701139296,0.104680738665,0.104594035983,0.10413757186,0.104316077383,0.10464503756,0.10494594687,0.105336108941,0.105499313991,0.105634468172,0.105914976851,0.106001679533,0.106317889316,0.106899307304,0.106927358172,0.106912057699,0.106848305726,0.106733552176,0.106672350283,0.106787103833,0.106782003675,0.107184916141,0.107261418507,0.107536827028,0.107715332551,0.107893838074,0.107904038389,0.108444655115,0.108837367265,0.10901077263,0.109202028547,0.109092375154,0.109258130283,0.109273430756,0.109500387778,0.11002570403,0.110482168153,0.110209309711,0.11041841618,0.110622422492,0.110426066417,0.110609672097,0.110558670519,0.111198740322,0.11145884837,0.111178339691,0.111359395293,0.111611853103,0.111507299869,0.111741907127,0.11229017409,0.112685436318,0.113177601545,0.112930243892,0.113085798705,0.113310205648,0.113547362985,0.11356011338,0.114118580658,0.114444990756,0.114827502591,0.114911655194,0.115062109849,0.115187063715,0.115472672551,0.115414020737,0.115388519948,0.115880685175,0.115556825155,0.115572125628,0.115373219474,0.115804182808,0.115783782177,0.116089791644,0.116008189119,0.11628359764,0.116459553084,0.116793613419,0.117066471861,0.117227126831,0.117234777068,0.117117473439,0.117321479751,