# R script for Peak Model
#  -- generated by MACS
p <- c(0.0441849547041,0.0517535843523,0.0591072784425,0.06643682247,0.0738460617044,0.073645616184,0.0732012550305,0.0732350651182,0.0732254050932,0.0733751354819,0.0730032245164,0.0729839044662,0.0730080545289,0.0731553699113,0.0730466946292,0.0730032245164,0.0732398951308,0.0732519701621,0.073232650112,0.0732737052185,0.0734669057201,0.0731336348549,0.0731722749552,0.0729839044662,0.0731022397734,0.0732616301872,0.0733244203502,0.0733195903377,0.0733437404004,0.0734717357326,0.0736118060962,0.0734862257702,0.0735779960085,0.0733703054693,0.0731867649928,0.0731626149301,0.0732205750806,0.0732109150555,0.0730152995477,0.0725999184694,0.072462263112,0.072578183413,0.0724574330995,0.0725685233879,0.0726844436888,0.072614408507,0.0726433885822,0.0725395433127,0.0728172690336,0.073080504717,0.0729380193471,0.0731771049678,0.0731481248925,0.073107069786,0.0731481248925,0.072991149485,0.0727448188455,0.0727351588205,0.07267719867,0.072614408507,0.072829344065,0.0727617238894,0.0726578786199,0.0728076090086,0.0723656628613,0.0725564483565,0.0727351588205,0.0725830134255,0.0724405280556,0.0725661083816,0.0725636933753,0.0725564483565,0.0727520638644,0.0727375738267,0.0729742444411,0.0729500943784,0.0728897192217,0.0731577849176,0.0732592151809,0.0732881952562,0.0730732596982,0.0729331893346,0.0728245140524,0.0729645844161,0.0730418646167,0.0731867649928,0.0730780897107,0.0728124390211,0.0729090392719,0.0724139629866,0.0728220990462,0.0726941037139,0.0724767531497,0.0724574330995,0.0723922279302,0.072426038018,0.072426038018,0.0727013487327,0.0724067179678,0.0726747836637,0.072703763739,0.073206085043,0.0732809502373,0.0729211143032,0.0730032245164,0.0730008095101,0.0728752291841,0.0727375738267,0.0728583241402,0.0726699536512,0.0726288985446,0.0722497425603,0.0723101177171,0.0727254987954,0.0724695081308,0.0723173627359,0.0725105632374,0.0726675386449,0.0726458035885,0.0728848892092,0.0727254987954,0.0727568938769,0.0729331893346,0.0727448188455,0.0730104695352,0.0730225445665,0.0730780897107,0.0731891799991,0.073116729811,0.0731577849176,0.073017714554,0.0727810439396,0.0726361435634,0.0725805984192,0.0726530486073,0.072578183413,0.0725902584443,0.0726602936261,0.0727955339772,0.0726458035885,0.0728945492342,0.0731360498612,0.0730732596982,0.0732085000493,0.0733147603251,0.0735514309395,0.0734330956323,0.0732833652436,0.0733485704129,0.073421020601,0.0733147603251,0.0732712902123,0.0735007158079,0.0732085000493,0.0728220990462,0.0728583241402,0.0729839044662,0.0731577849176,0.0731022397734,0.0730853347295,0.0729718294349,0.0730829197233,0.0729090392719,0.0732254050932,0.0735079608267,0.0730515246418,0.0731529549051,0.0727810439396,0.072802778996,0.0730515246418,0.0731360498612,0.0731577849176,0.0732785352311,0.0731022397734,0.0730249595728,0.0733630604505,0.0732229900869,0.0735514309395,0.0732036700367,0.0730515246418,0.0730225445665,0.0728873042154,0.0728076090086,0.0730056395226,0.0728969642405,0.0727593088832,0.0729814894599,0.0727786289333,0.0730635996731,0.0730949947546,0.0729887344788,0.0730853347295,0.0732543851684,0.0730611846668,0.0732447251433,0.073457245695,0.0733413253941,0.0732374801245,0.0731867649928,0.0731601999239,0.0734089455696,0.0738025915915,0.073582826021,0.0735949010524,0.0735176208517,0.0733509854192,0.0732568001747,0.0734693207264,0.0733509854192,0.0734741507389,0.0736552762091,0.0735296958831,0.0736673512404,0.0737542914661,0.0737567064724,0.0738074216041,0.0738388166856,0.0739523219802,0.0742541977639,0.0741914076009,0.074263857789,0.0741624275257,0.0741551825069,0.0742541977639,0.0745995436604,0.0747975741745,0.0748627793438,0.0746888988924,0.0746575038109,0.0749424745507,0.074766179093,0.0749038344504,0.0750390748014,0.075043904814,0.0748627793438,0.0747468590428,0.0748579493312,0.075142920071,0.0754423808484,0.0752733304096,0.0753240455412,0.0751332600459,0.0750342447889,0.0750922049394,0.0751477500836,0.0749907746761,0.0752491803469,0.0752298602967,0.0749303995193,0.0750752998955,0.0748313842623,0.0750680548767,0.074918324488,0.0749231545005,0.0751501650898,0.0754037407481,0.0751501650898,0.0749207394942,0.0750849599206,0.074918324488,0.0751187700083,0.0750559798453,0.0751622401212,0.0752298602967,0.0750849599206,0.0752346903093,0.0752467653406,0.0753964957293,0.0756766364565,0.0759060620521,0.0760171523405,0.0759084770584,0.0760606224534,0.0760413024032,0.0762345029048,0.0761330726415,0.0762514079487,0.0766257339204,0.0765387936947,0.0765387936947,0.0765629437574,0.0767078441336,0.0767875393405,0.0771570352997,0.0774106109579,0.0774613260896,0.0775917364281,0.0772149954501,0.0775241162526,0.0776641866162,0.0778356520614,0.0780819827008,0.0780916427259,0.0781520178826,0.0779322523121,0.0781809979579,0.078325898334,0.0788692747446,0.0789924400644,0.0797845621207,0.0804969889702,0.081320506108,0.0826584195813,0.0836437421392,0.0849164504431,0.0862253838411,0.087713027703,0.0889157008252,0.0901183739473,0.0905868851636,0.0910892064676,0.0918088783358,0.0920455489502,0.0926758655865,0.0929052911821,0.093173356878,0.0933134272417,0.0936153030253,0.0939123487965,0.094168339461,0.0943663699751,0.0944291601381,0.0946537557211,0.0944291601381,0.0943687849814,0.0944726302509,0.0945426654328,0.0942432046554,0.094204564555,0.0942359596366,0.0946658307525,0.0944074250817,0.0945426654328,0.0947093008653,0.0949459714797,0.0951778120816,0.0952913173763,0.095602853185,0.0957646586051,0.0959964992069,0.095979594163,0.0963321850784,0.0962452448527,0.0961703796583,0.0961921147147,0.095916804,0.0959192190063,0.0964046352664,0.0966727009623,0.0966678709498,0.0964384453542,0.0969214466081,0.0968683164701,0.0971653622413,0.0974817280626,0.0978125839215,0.097906769166,0.0976121384011,0.097503463119,0.0976217984262,0.0979985394042,0.0976531935077,0.0978463940092,0.0979043541597,0.0980347644982,0.0978874491158,0.0979647293164,0.0980371795045,0.0979792193541,0.0981748348619,0.0983076602067,0.0986216110217,0.0989017517489,0.0991480823884,0.0990176720499,0.0991191023132,0.0992350226141,0.0992760777207,0.0990925372442,0.0989886919746,0.0988148115233,0.0988510366173,0.099000767006,0.099251927658,0.0993799229903,0.0992760777207,0.0991794774699,0.0994258081094,0.0995538034417,0.0997759840185,0.099744588937,0.0996648937301,0.099592443542,0.0992350226141,0.0992108725514,0.0994910132787,0.0994137330781,0.0992664176956,0.0993364528774,0.0991794774699,0.0992422676329,0.0991311773445,0.0996021035671,0.0996383286611,0.0995996885608,0.0995320683852,0.0996745537551,0.0997880590498,0.0997614939808,0.100080274808,0.100522220956,0.100850661808,0.100406300655,0.100449770768,0.100841001783,0.100935187028,0.101229817793,0.101162197617,0.101526863564,0.101657273902,0.101543768608,0.101664518921,0.102002619799,0.102256195457,0.102345550689,0.102792326849,0.102980697338,0.103323628228,0.103265668078,0.103195632896,0.103330873247,0.103359853322,0.103495093673,0.103625504012,0.103495093673,0.103188387877,0.103333288253,0.103531318767,0.103528903761,0.103946699846,0.104139900347,0.103924964789,0.103912889758,0.103854929607,0.104265480673,0.104632561626,0.104634976632,0.104552866419,0.104910287347,0.104726746871,0.104731576883,0.105294273344,0.105359478513,0.105837649755,0.105791764635,0.105687919366,0.105472983808,0.105745879516,0.105683089353,0.105731389479,0.1060477553,0.105808669679,0.105741049504,0.105697579391,0.10594391003,0.106156430582,0.106274765889,0.105977720118,0.106238540795,0.10626752087,0.106071905363,0.106269935877,0.106639431836,0.106030850256,0.105617884184,0.105680674347,0.105902854924,0.106134695526,0.106098470432,0.105994625162,0.106354461096,0.106429326291,0.106400346215,0.107298728547,0.107733429676,0.108018400416,0.108238165986,0.108622151983,0.108786372409,0.109228318557,0.108735657278,0.10914862335,0.109208998507,0.109221073538,0.109315258782,0.109421519058,0.109180018431,0.109228318557,0.109247638607,0.109286278707,0.109648529648,0.109312843776,0.109288693713,0.108921612761,0.108989232936,