# R script for Peak Model
#  -- generated by MACS
p <- c(0.0430104914144,0.0500753515739,0.0571096999698,0.0642244884696,0.0712754796456,0.0712588368655,0.0711645277782,0.0710757662842,0.0710563497074,0.070998099977,0.0706680181714,0.0707318154951,0.0709093384831,0.0707872914289,0.0708233507858,0.0707651010554,0.0708344459725,0.0711035042511,0.0711423374047,0.0708205769891,0.071236646492,0.0710008737737,0.0710618973008,0.0710480283174,0.0712144561185,0.0714391336501,0.0712616106622,0.0709564930267,0.0709675882135,0.071050802114,0.0706596967813,0.0709121122797,0.0706430540012,0.0707262679018,0.0704599834199,0.0705237807437,0.0705681614907,0.0705459711172,0.0704128288762,0.0702547224651,0.0704405668431,0.0701770561579,0.0703823171127,0.0704461144365,0.0702353058883,0.0701021636474,0.0700577829004,0.0701493181911,0.0700161759501,0.0703074246022,0.0702491748718,0.0705015903702,0.0705321021337,0.0702602700585,0.0705764828807,0.0705487449139,0.0705376497271,0.0705570663039,0.0706569229846,0.070662470578,0.0706874347482,0.0706791133581,0.0704821737934,0.0705848042708,0.0705404235238,0.0702963294154,0.070379543316,0.0704100550796,0.0702547224651,0.0699523786264,0.0696999631279,0.0694947021732,0.0692173225045,0.0693476909488,0.0694420000361,0.0696472609909,0.0693033102018,0.069469738003,0.069611201634,0.0697748556384,0.0699496048297,0.0698358791655,0.0702963294154,0.0701437705977,0.0700355925269,0.0701299016143,0.0705681614907,0.0701215802242,0.0700855208673,0.0700799732739,0.0701299016143,0.070229758295,0.0701299016143,0.0699967593733,0.0699967593733,0.0698663909291,0.0698414267589,0.069955152423,0.0700577829004,0.0703490315525,0.0702852342287,0.0703629005359,0.0702880080254,0.0704904951835,0.0706652443747,0.0705903518642,0.0704350192497,0.0706069946443,0.0706347326111,0.0702408534817,0.0704128288762,0.0706763395614,0.0705459711172,0.0705986732542,0.0703296149757,0.0703074246022,0.0703379363657,0.0703601267392,0.0703545791458,0.0704128288762,0.0702713652453,0.0699773427965,0.0701160326308,0.0699412834396,0.0698136887921,0.0696916417379,0.069752665265,0.0697693080451,0.0694947021732,0.0693532385422,0.0694309048494,0.0693560123388,0.0694503214262,0.06952244014,0.0697055107213,0.0697720818418,0.0694863807831,0.0692617032515,0.0694919283765,0.0697193797047,0.0698913550993,0.0700355925269,0.0698663909291,0.0698358791655,0.0698136887921,0.0698691647258,0.0700411401203,0.0701326754109,0.0701659609712,0.0702713652453,0.0698525219457,0.0698025936053,0.0696971893312,0.0699190930661,0.0699412834396,0.0698830337092,0.0696749989577,0.0694114882726,0.0693615599322,0.069186810741,0.0691840369443,0.0691979059277,0.0692561556581,0.0690758588736,0.0690869540603,0.0691646203675,0.0691923583344,0.0694170358659,0.0691091444338,0.0689981925663,0.069134108604,0.0693532385422,0.0693449171521,0.0695695946837,0.0696084278373,0.0696611299743,0.0698081411987,0.0697776294351,0.0701188064275,0.0703129721955,0.0704183764696,0.0701493181911,0.0702880080254,0.0700106283568,0.0701909251414,0.070229758295,0.0702353058883,0.0703629005359,0.0705404235238,0.0706652443747,0.0705487449139,0.0706957561382,0.0708261245825,0.0708261245825,0.0707678748521,0.0707234941051,0.0705986732542,0.0705293283371,0.0705515187105,0.0704766262,0.0705848042708,0.0704877213868,0.0701132588341,0.0701520919878,0.0700134021534,0.0700161759501,0.0703018770088,0.0703379363657,0.0702796866353,0.0701631871745,0.0705043641669,0.0706652443747,0.071333729376,0.071563954501,0.0717248347088,0.0718163699994,0.0718857149166,0.0719744764105,0.071572275891,0.0719883453939,0.0720438213277,0.0720743330912,0.0715972400612,0.0715362165341,0.0713170865959,0.0713808839197,0.0714058480899,0.0714918357871,0.071952286037,0.0716388470115,0.0714640978203,0.0715805972811,0.0717165133187,0.0718302389828,0.0723267485896,0.0724044148969,0.0725902592748,0.0724349266604,0.0724515694405,0.0724543432372,0.07237667693,0.0723600341499,0.0723711293366,0.0724793074074,0.0721714159752,0.0719550598337,0.0718219175928,0.0719633812238,0.0718968101033,0.0718163699994,0.0719633812238,0.0717553464723,0.0719855715973,0.0717081919286,0.0719994405807,0.0724959501875,0.0724848550007,0.0726401876152,0.0728232581965,0.0730812212883,0.0732837084463,0.0734002079072,0.0731727565789,0.0734584576376,0.0734307196707,0.0731394710187,0.0732143635292,0.0731838517656,0.0733114464132,0.073516707368,0.0732365539027,0.0733613747536,0.0735971474719,0.0736886827625,0.0738828485305,0.0739743838212,0.0738578843604,0.0736970041526,0.0736553972023,0.0735083859779,0.0734751004177,0.0736415282188,0.0738384677836,0.0739993479914,0.0742905966434,0.0745125003783,0.0749257960845,0.0753113538239,0.0752891634504,0.0755942810858,0.0758245062108,0.0759631960451,0.075902172518,0.0759853864186,0.075619245256,0.0756053762726,0.0756747211897,0.075902172518,0.0765845265028,0.0772003093671,0.078332018415,0.0788701349721,0.0799075349327,0.0811002675077,0.0826591412453,0.0845120374316,0.0864842068754,0.0883565196385,0.0898127628987,0.0912884227357,0.0920623120111,0.0932134376359,0.0942258734263,0.0949193225978,0.0952299878266,0.0955378792588,0.0954047370179,0.0955961289892,0.0954407963748,0.0950552386354,0.0950746552122,0.0953964156278,0.0953409396941,0.0951856070797,0.0953132017272,0.0952466306068,0.0957209498401,0.0956266407527,0.0958873776412,0.096419946605,0.0967417070206,0.0968055043443,0.0968609802781,0.0973269781213,0.0976986668773,0.0976847978938,0.0975322390761,0.0976320957568,0.0977818807778,0.0978207139314,0.0980037845127,0.0980953198034,0.0982534262145,0.0981951764841,0.0983310925217,0.0984281754057,0.0982950331648,0.0981535695338,0.098186855094,0.0981507957371,0.0979899155293,0.0980620342431,0.0983948898455,0.0985557700533,0.0985946032069,0.0987887689749,0.0990772438302,0.0992991475651,0.0991881956977,0.0991549101374,0.0995571106569,0.0996847053045,0.0996763839144,0.0996153603873,0.0996347769641,0.0999704063632,0.100172893521,0.100655534145,0.100691593502,0.100627796178,0.100422535223,0.100672176925,0.100697141095,0.100860795099,0.100874664083,0.100672176925,0.100588963024,0.100183988708,0.100572320244,0.100802545369,0.101024449104,0.100957877983,0.100930140017,0.101124305785,0.101238031449,0.101620815391,0.101587529831,0.101382268876,0.101679065122,0.101698481699,0.101986956554,0.102297621783,0.102536168298,0.102170027135,0.102056301471,0.101634684375,0.102059075268,0.102611060808,0.102464049584,0.102777488609,0.102699822302,0.102330907343,0.10232535975,0.102824643153,0.103373854897,0.103703936703,0.103715031889,0.104095042035,0.104086720645,0.10425037465,0.104541623302,0.105071418469,0.105354345731,0.105329381561,0.105021490129,0.105199013116,0.105398726478,0.105312738781,0.105617856416,0.105462523802,0.105506904549,0.105445881021,0.105504130752,0.105778736624,0.105936843035,0.106039473512,0.106006187952,0.105886914695,0.106103270836,0.106447221625,0.106488828575,0.10670241092,0.10671073231,0.106663577767,0.10719614673,0.107434693245,0.107612216233,0.108019964346,0.10851092636,0.108902031692,0.109257077668,0.109196054141,0.109454017233,0.109714754121,0.109404088893,0.109623218831,0.109717527918,0.109820158395,0.109628766424,0.109520588353,0.109326422585,0.110011550367,0.110197394745,0.110566309704,0.110871427339,0.111270854062,0.111545459934,0.111784006449,0.111861672756,0.112263873276,0.112793668443,0.112760382883,0.113012798381,0.113029441161,0.113667414399,0.113467701038,0.114036329358,0.114291518653,0.114488458218,0.114604957679,0.114513422388,0.114427434691,0.114568898322,0.114635469442,0.114657659816,0.115057086539,0.114385827741,0.114349768384,0.114510648592,0.114516196185,0.114674302596,0.114862920771,0.115131979049,0.115681190793,0.115958570462,0.116091712703,0.116918304115,0.11708195812,0.117195683784,0.117359337788,0.117517444199,0.118252500321,0.118491046836,0.118330166628,0.118321845238,0.118438344699,0.118491046836,0.119045806173,0.119434137709,0.119769767108,0.119661589038,0.119633851071,0.119922325926,0.120377228583,0.120698988998,0.120895928563,0.121278712506,