>CTCTCTCCCTCT	7-AGAGGGAGAGAG	11.459724	-9.273758	0	T:6.0(5.88%),B:338.7(0.71%),P:1e-4
0.001	0.890	0.074	0.035
0.001	0.061	0.170	0.768
0.001	0.869	0.001	0.129
0.001	0.107	0.096	0.796
0.001	0.835	0.068	0.096
0.001	0.210	0.181	0.608
0.001	0.952	0.001	0.046
0.074	0.842	0.001	0.083
0.057	0.874	0.001	0.068
0.074	0.181	0.001	0.744
0.001	0.931	0.001	0.067
0.001	0.002	0.096	0.901
