>AGAGGGAGAGAG	7-AGAGGGAGAGAG,BestGuess:Zfp281(Zf)/ES-Zfp281-ChIP-Seq(GSE81042)/Homer(0.628)	11.459724	-9.273758	0	T:6.0(5.88%),B:338.7(0.71%),P:1e-4
0.901	0.096	0.002	0.001
0.067	0.001	0.931	0.001
0.744	0.001	0.181	0.074
0.068	0.001	0.874	0.057
0.083	0.001	0.842	0.074
0.046	0.001	0.952	0.001
0.608	0.181	0.210	0.001
0.096	0.068	0.835	0.001
0.796	0.096	0.107	0.001
0.129	0.001	0.869	0.001
0.768	0.170	0.061	0.001
0.035	0.074	0.890	0.001
