# R script for Peak Model
#  -- generated by MACS
p <- c(0.0393941842897,0.0460922914238,0.0530232570881,0.0593241349648,0.0663098908715,0.0662961933109,0.0656798030839,0.0657482908869,0.0654606421142,0.0654743396748,0.0648442518872,0.0644881153115,0.0644607201903,0.0645292079933,0.0641867689783,0.0639676080087,0.0642415592207,0.0648579494478,0.0657345933263,0.0662277055079,0.0666797250078,0.0672002323106,0.0670358615834,0.0669262810986,0.066912583538,0.0672687201136,0.0670769542652,0.0665838420836,0.0660222420989,0.0656387104021,0.0659400567353,0.065227783584,0.0646661835994,0.064953832372,0.0650086226144,0.065090807978,0.0653099689476,0.0652688762658,0.065090807978,0.0647346714024,0.0640908860541,0.0648305543266,0.0653236665082,0.0649127396902,0.0649675299326,0.0642552567813,0.0640497933723,0.0641867689783,0.064748368963,0.0648442518872,0.0649264372508,0.0643785348267,0.0644196275085,0.0652414811446,0.0647894616448,0.0653784567506,0.0660496372201,0.0655976177203,0.0655565250385,0.0656661055233,0.0658030811293,0.0660496372201,0.0661181250231,0.0657208957657,0.0662003103867,0.06536475919,0.0648305543266,0.0647757640842,0.0647209738418,0.0653373640688,0.0652140860234,0.0653373640688,0.0646935787206,0.0647620665236,0.0647620665236,0.0654743396748,0.0653784567506,0.0656250128415,0.0658989640535,0.0654058518718,0.0654058518718,0.06536475919,0.0652003884628,0.065022320175,0.0646524860388,0.06467988116,0.0647757640842,0.0647209738418,0.06467988116,0.0645839982358,0.0645703006752,0.0646661835994,0.064953832372,0.0658578713717,0.0664194713563,0.0661044274625,0.0657893835687,0.0656661055233,0.0655291299173,0.0659674518565,0.066638632326,0.0664468664775,0.066775607932,0.0659400567353,0.06536475919,0.0655976177203,0.0657893835687,0.0658030811293,0.0660085445383,0.06536475919,0.0650771104174,0.0656798030839,0.0654743396748,0.0655702225991,0.0657345933263,0.0655428274779,0.0654195494324,0.0655702225991,0.0650771104174,0.0655291299173,0.065227783584,0.0649812274932,0.0651455982204,0.0654058518718,0.0656113152809,0.0655017347961,0.0657893835687,0.0655839201597,0.0655017347961,0.0654880372354,0.0656250128415,0.065159295781,0.0652825738264,0.0651866909022,0.06536475919,0.0653921543112,0.0658578713717,0.0664605640382,0.0674878810833,0.0675837640075,0.0670906518258,0.0674878810833,0.0674741835227,0.0677344371741,0.0672824176742,0.0674467884015,0.0675426713257,0.0671728371894,0.06650165672,0.0658304762505,0.0670769542652,0.0668851884168,0.0668851884168,0.0663098908715,0.0662824957503,0.0664879591594,0.0665427494018,0.067255022553,0.0679262030225,0.0682823395981,0.0683234322799,0.0688439395828,0.0689809151888,0.0689809151888,0.0693918420069,0.0696794907795,0.0693781444463,0.0690631005524,0.0682823395981,0.0682686420375,0.0678029249771,0.0672961152348,0.0669947689016,0.0674467884015,0.0672961152348,0.0674193932803,0.0676248566893,0.0675563688863,0.0674330908409,0.0680631786285,0.0682138517951,0.0682275493557,0.068802846901,0.0690220078706,0.0690631005524,0.068734359098,0.0686932664162,0.0686110810526,0.069145285916,0.0687206615374,0.0683371298405,0.0681864566739,0.0679672957043,0.0678303200983,0.0681727591133,0.0681042713103,0.068391920083,0.068802846901,0.0689672176282,0.0700493249157,0.0701452078399,0.0707205053852,0.0706520175822,0.0710629444002,0.0706657151428,0.0710629444002,0.0711588273244,0.0712958029305,0.0707889931882,0.0697205834613,0.0698164663855,0.0698027688249,0.0696794907795,0.0691178907948,0.0691315883554,0.0689261249464,0.0679672957043,0.0671591396288,0.0676933444923,0.0679399005831,0.0681864566739,0.0675152762045,0.0682001542345,0.0686932664162,0.0689946127494,0.0686247786132,0.0692274712796,0.0697890712643,0.0693781444463,0.0695973054159,0.0698164663855,0.0704602517338,0.0699123493097,0.069282261522,0.0693507493251,0.0694055395675,0.0695151200523,0.0696247005371,0.0705972273398,0.0704054614914,0.0704602517338,0.0701452078399,0.0705972273398,0.0714738712183,0.0717889151121,0.0726655589906,0.072720349233,0.0730490906874,0.0727614419148,0.0732682516571,0.073131276051,0.0733504370207,0.0728299297178,0.0720628663241,0.0719395882787,0.0716519395061,0.0718163102333,0.0712958029305,0.0715971492637,0.0710903395214,0.0712547102487,0.0715149639001,0.0715149639001,0.0716930321879,0.0710081541578,0.071035549279,0.0707752956276,0.0708848761124,0.0704328566126,0.070487646855,0.070282183446,0.0701315102793,0.0704054614914,0.0702958810066,0.070487646855,0.0701863005217,0.0703780663702,0.0704465541732,0.0703369736884,0.0710766419608,0.0711862224456,0.0714875687789,0.0719806809605,0.0720902614453,0.0724053053392,0.0731175784904,0.0732134614147,0.0731997638541,0.0737750613993,0.0731997638541,0.0733230418995,0.072720349233,0.072583373627,0.0728847199602,0.0734737150661,0.0733778321419,0.0733367394601,0.0739394321265,0.0744188467476,0.0745284272324,0.0752133052625,0.0766926418074,0.0783637442008,0.0798019880639,0.0808019099879,0.0824867099418,0.0842126025776,0.0860480756982,0.0874726220007,0.0892396073183,0.0904723877725,0.0914038218934,0.0913764267722,0.0919380267568,0.0924585340597,0.0924585340597,0.0929927389231,0.0926229047869,0.0927324852717,0.0928831584383,0.0932803876958,0.0931845047715,0.093513246226,0.0934858511048,0.0937461047562,0.0934584559836,0.0934858511048,0.0931845047715,0.0931160169685,0.0935680364684,0.093787197438,0.0941844266954,0.0943761925439,0.0944035876651,0.0941707291348,0.0944583779075,0.0939789632864,0.0940200559682,0.093992660847,0.0937050120744,0.0926913925899,0.0931708072109,0.0930338316049,0.0927872755141,0.0931160169685,0.093855685241,0.0948556071649,0.0953624169072,0.0954582998314,0.0957048559222,0.0962938510281,0.09588292421,0.0957596461646,0.0966910802855,0.0968828461339,0.0964719193159,0.0965541046795,0.0971020071036,0.0971978900278,0.0976499095276,0.0980471387851,0.0981704168305,0.0987046216939,0.0989511777847,0.099594963133,0.0998552167844,0.0995401728906,0.0989511777847,0.0988826899817,0.0991429436332,0.0991292460726,0.0994442899664,0.0996771484966,0.099389499724,0.0998552167844,0.100635977739,0.101252367966,0.102279685011,0.103786416677,0.103827509359,0.104416504465,0.10477264104,0.105498611752,0.105964328813,0.10589584101,0.105854748328,0.106032816616,0.10634786051,0.105128777616,0.105526006873,0.105416426389,0.106019119055,0.10612869954,0.106457440994,0.106169792222,0.106909460494,0.108142240948,0.108731236054,0.109361323842,0.109566787251,0.110142084796,0.110320153084,0.111114611599,0.111292679887,0.111388562811,0.110320153084,0.109005187266,0.108375099479,0.108936699463,0.108936699463,0.109224348236,0.109032582387,0.108060055585,0.107320387312,0.108210728751,0.109265440918,0.110073596993,0.110703684781,0.111210494523,0.111498143296,0.111799489629,0.11249806522,0.113347313977,0.114991021249,0.114689674916,0.114593791992,0.114511606628,0.114949928567,0.1152512749,0.115223879779,0.115799177325,0.115306065143,0.115881362688,0.116073128537,0.116484055355,0.116566240718,0.116785401688,0.116497752915,0.116675821203,0.116908679733,0.116511450476,0.117100445582,0.116525148036,0.116347079749,0.116662123642,0.117730533369,0.118908523581,0.119675586975,0.119661889414,0.120401557687,0.120155001596,0.121086435717,0.122031567398,0.122593167383,0.122798630792,0.122182240565,0.121634338141,0.122428796656,0.123332835655,0.124031411246,0.124332757579,0.124428640503,0.124538220988,0.124825869761,0.124853264882,0.126058650215,0.127044874578,0.125757303882,0.125812094124,0.125236796579,0.127113362381,0.127510591639,0.127798240411,0.12844202576,0.129743294017,0.12959262085,0.130058337911,0.131291118365,0.130674728138,0.131195235441,0.130674728138,0.130661030577,0.130784308622,0.130537752532,0.130250103759,0.131208933001,0.131126747638,0.131195235441,0.131948601274,0.131852718349,0.13208557688,0.132208854925,0.132359528092,0.133044406122,0.132592386622,0.132893732955,0.13300331344,0.134236093894,0.134920971924,0.136030474333,0.136550981636,0.137016698696,0.137345440151,0.137276952348,0.138208386468,0.137537205999,0.138002923059,0.137386532832,