# R script for Peak Model
#  -- generated by MACS
p <- c(0.0239360128576,0.027920119847,0.0321050007319,0.036082833537,0.0401108598161,0.0402551660535,0.0401234081846,0.0405688752653,0.0408072942662,0.0407633749766,0.0408386651874,0.0407633749766,0.0406818105815,0.0410080681617,0.0410770841883,0.0409578746879,0.0413594224789,0.0412904064523,0.0411461002149,0.0412904064523,0.0411272776622,0.0412841322681,0.0411461002149,0.0411021809253,0.0411084551095,0.0411774711361,0.0410708100041,0.0410645358199,0.041014342346,0.0406316171076,0.0405312301599,0.040349278817,0.0406818105815,0.0403869239224,0.0405939720022,0.0404998592387,0.0404747625017,0.040374375554,0.0402928111589,0.0406504396603,0.0407696491608,0.0410708100041,0.0410394390829,0.0409516005036,0.0407257298711,0.0405814236337,0.0410457132671,0.0408700361086,0.0411649227676,0.0411335518464,0.0413656966631,0.0412088420573,0.0411147292937,0.0412151162415,0.0411335518464,0.0415037287163,0.0410206165302,0.0412402129784,0.0412653097154,0.0413531482947,0.0410645358199,0.0412402129784,0.041309229005,0.0413970675843,0.0413594224789,0.0409704230563,0.0413656966631,0.0415852931114,0.0414974545321,0.0417170509803,0.0421248729556,0.0421562438768,0.0419554699813,0.0422189857191,0.0423381952196,0.0424448563516,0.0423946628777,0.0420433085606,0.041949195797,0.0415915672956,0.0412151162415,0.0411774711361,0.0413155031893,0.0410519874514,0.0413845192158,0.0413531482947,0.0413907934001,0.0415539221902,0.0414723577951,0.041629212401,0.0422629050088,0.0423632919566,0.0423193726669,0.0424260337989,0.04229427593,0.0425515174836,0.042614259326,0.0424699530886,0.0424260337989,0.0424197596147,0.0421562438768,0.0422001631664,0.0423444694038,0.0423883886935,0.0422503566403,0.04229427593,0.0420119376394,0.0423946628777,0.0425766142206,0.0426770011683,0.0426644527998,0.042614259326,0.0427334688264,0.0429467910904,0.0432793228549,0.0434173549081,0.0435365644085,0.0434173549081,0.0434800967504,0.0434487258293,0.0435365644085,0.0437185157514,0.0434487258293,0.0433859839869,0.0430910973278,0.0432981454076,0.0437310641198,0.0438189026991,0.0439443863838,0.044189079569,0.0441953537533,0.0440949668055,0.0445592564389,0.0448792398349,0.0450611911777,0.0446721917551,0.0444149502015,0.0443773050961,0.0444525953069,0.0441953537533,0.044402401833,0.04442749857,0.0444212243857,0.0443835792803,0.0446470950182,0.0447725787029,0.0451176588358,0.0452368683363,0.0452431425205,0.0454564647845,0.0455443033638,0.0460525122869,0.0460776090238,0.0460650606554,0.046428963341,0.0464666084464,0.0464038666041,0.0463034796563,0.0465168019203,0.0467991402109,0.0467991402109,0.0466046404996,0.0465920921311,0.0466109146838,0.0463599473144,0.0466673823419,0.046748946737,0.0471316719754,0.0473010749497,0.0472257847389,0.0473073491339,0.0473826393448,0.0478218322412,0.0483112186116,0.0485370892441,0.0486813954815,0.0488382500874,0.0489511854036,0.0488006049819,0.0490578465356,0.0493966524843,0.0495660554586,0.0495660554586,0.049415475037,0.0496476198537,0.0497982002753,0.0501056353029,0.0499926999866,0.0504946347255,0.0504883605412,0.0501370062241,0.0504758121728,0.0504193445146,0.0505009089097,0.0503503284881,0.0507079569895,0.050588747489,0.0510906822278,0.0508459890426,0.0509401018062,0.0513416495972,0.0513416495972,0.0518812294415,0.0518937778099,0.0523706158118,0.0523266965222,0.0524082609172,0.0523455190749,0.0527156959448,0.0530795986304,0.0533117434471,0.053230179052,0.0534121303949,0.0539203393179,0.0536003559219,0.0534874206057,0.0537321137909,0.0539454360549,0.0542716936351,0.0540709197396,0.0542465968982,0.0545728544784,0.0546230479523,0.0547673541897,0.0549053862429,0.0551689019807,0.0552504663758,0.0555579014033,0.0557335785619,0.0563421744327,0.0562041423796,0.0559531750102,0.055601820693,0.0556143690614,0.0558276913254,0.055921804089,0.0562794325904,0.0561727714584,0.0560974812476,0.0558778847993,0.0561664972741,0.056881754277,0.0572958504365,0.0576973982276,0.0583624617565,0.0589271383377,0.0590087027327,0.0592408475494,0.0597741532094,0.060188249369,0.0602635395798,0.060376474896,0.0609160547402,0.0607717485028,0.0610791835304,0.0612360381362,0.0615183764268,0.061788166349,0.061788166349,0.0621332464819,0.0625912619311,0.0626226328522,0.062616358668,0.0632249545388,0.0632249545388,0.0632375029073,0.0635449379348,0.0642350982007,0.0642852916746,0.0643292109642,0.0645676299652,0.0651323065464,0.0654522899424,0.0650319195986,0.0650068228616,0.0656907089433,0.0661863694979,0.0664436110515,0.0670773036593,0.0676921737143,0.0682129310059,0.0684199790856,0.0692983648786,0.0702081215927,0.0707163305157,0.0708920076743,0.0712872812812,0.0718582320466,0.0719648931786,0.0719711673628,0.0721405703372,0.0727617145764,0.0725923116021,0.0730566012355,0.0733765846315,0.0739287128442,0.0745498570835,0.074323986451,0.075202372244,0.0759364517995,0.0766140636969,0.077097175883,0.0780132067814,0.0792805919969,0.0804475902646,0.0817149754802,0.0822608295086,0.0836662467773,0.0843124877536,0.0855108569425,0.0867217744999,0.0876001602929,0.088164836874,0.088164836874,0.0891059645093,0.0886416748759,0.0891812547201,0.0896643669063,0.0901161081712,0.089978076118,0.0899153342757,0.0904988334096,0.0910384132538,0.0917662186251,0.0918477830201,0.0922869759166,0.0923685403117,0.0924689272594,0.0933724097893,0.09435118253,0.0953613261919,0.0955809226401,0.0959824704312,0.0968545820399,0.0973063233048,0.0983792088091,0.0989501595745,0.0996716907615,0.100211270606,0.100412044501,0.100951624346,0.101510026742,0.102225283745,0.10300328259,0.103825200725,0.104596925386,0.105293359836,0.105914504076,0.106472906473,0.107432856661,0.107062679791,0.107326195529,0.107696372398,0.107382663187,0.10780303353,0.107953613952,0.108631225849,0.109528434195,0.109961352907,0.110463287646,0.112226333416,0.112922767866,0.113951734081,0.115363425534,0.116317101538,0.117088826199,0.118011131281,0.118500517652,0.118801678495,0.120018870237,0.120326305264,0.121650158138,0.12224620564,0.123112043064,0.123576332698,0.12454255707,0.125308007547,0.126261683551,0.127478875292,0.127968261663,0.128627051007,0.12929838872,0.129637194669,0.129938355512,0.131199466544,0.132240981127,0.132887222103,0.133727962791,0.134524784188,0.135352976508,0.136419587828,0.136796038882,0.137655602122,0.138195181966,0.139073567759,0.139713534551,0.140999742319,0.142235756614,0.142869449221,0.143559609487,0.144450543649,0.145987718786,0.147186087975,0.148196231637,0.149388326642,0.149953003223,0.151069808017,0.151063533833,0.152349741601,0.153391256184,0.154006126239,0.155537027192,0.156622461065,0.157419282463,0.157883572096,0.159276440997,0.160035617289,0.161045760951,0.161321825057,0.162043356244,0.163304467276,0.163335838197,0.164082466121,0.165305932047,0.165895705365,0.166385091735,0.166178043655,0.167156816396,0.168499491822,0.17036292454,0.171511100255,0.172339292574,0.173876467712,0.175056014348,0.176737495723,0.177935864912,0.180326329106,0.181794488217,0.18304305088,0.18357635654,0.184191226595,0.185809966128,0.18673227121,0.188112591742,0.188997251719,0.190691281463,0.191149296912,0.192222182416,0.194324034135,0.195541225876,0.197254078173,0.197806206385,0.198816350047,0.199061043232,0.200102557816,0.201081330556,0.202549489667,0.203126714617,0.20347179475,0.204764276702,0.205755597811,0.207336692239,0.208685641849,0.210160075145,0.211358444334,0.212299571969,0.213585779737,0.215555873587,0.216603662354,0.218291417914,0.219332932497,0.220481108212,0.221372042373,0.223216652538,0.224164054358,0.225776519706,0.226767840815,0.227138017685,0.228355209427,0.22844932219,0.229459465852,0.230701754331,0.231755817282,0.232590283786,0.23324907313,0.234409797214,0.235269360454,0.236574390775,0.237333567068,0.23813666265,0.239849514946,0.240483207554,0.241405512636,0.242101947086,0.243243848617,0.243149735854,0.243683041514,0.244649265886,0.245772344864,0.245828812522,0.246305650524,0.247127568659,0.247924390057,0.248733759823,0.249486661931,0.250528176514,0.251613610387,0.252096722573,0.251852029388,0.253219801551,