# R script for Peak Model
#  -- generated by MACS
p <- c(0.0251290883337,0.0295356835737,0.0336433967017,0.0378354099126,0.0420580776991,0.0420350867674,0.0420580776991,0.0422343415087,0.042211350577,0.0422420051526,0.0422036869331,0.0419124684651,0.042211350577,0.0422956506598,0.0422343415087,0.0424029416744,0.0425178963328,0.042211350577,0.0425178963328,0.0422343415087,0.0425178963328,0.0424719144694,0.0426864964985,0.0428091148008,0.0427937875131,0.0429087421715,0.0427324783619,0.0427094874302,0.0424719144694,0.0427861238692,0.0431233242006,0.0433992153808,0.0432612697907,0.0430007058982,0.0426788328546,0.0424872417572,0.0423876143866,0.0426558419229,0.0428857512398,0.0423722870988,0.0421960232892,0.0422343415087,0.0420044321918,0.0419354593968,0.0425945327718,0.0428474330203,0.0428934148837,0.0428091148008,0.0424489235378,0.0426635055668,0.0421883596453,0.0417821865188,0.041920132109,0.0422649960843,0.0421040595625,0.0417362046555,0.0417821865188,0.042065741343,0.041989104904,0.0420274231235,0.042134714138,0.042356959811,0.0423876143866,0.0420044321918,0.04184349567,0.0424872417572,0.0423416325232,0.0421577050697,0.0423263052354,0.0423033143037,0.0425332236206,0.0424872417572,0.0425255599767,0.0425638781962,0.0425945327718,0.0421117232063,0.0422956506598,0.0418741502456,0.0419048048212,0.0420887322747,0.0422573324404,0.0423722870988,0.0423109779476,0.0423339688793,0.0420197594796,0.042211350577,0.0424412598939,0.0430850059811,0.0434528608881,0.0435754791904,0.0433762244491,0.0433915517369,0.0436674429172,0.0437977248634,0.0439433340974,0.0439203431657,0.0439126795218,0.0436827702049,0.0431922969956,0.0430390241177,0.0432076242834,0.0432536061468,0.0431003332689,0.0429317331032,0.0430620150494,0.0431769697078,0.0432306152151,0.0434068790247,0.0433072516541,0.0434375336003,0.0434298699564,0.0436137974099,0.0435754791904,0.043973988673,0.0440199705364,0.044042961468,0.0439050158779,0.0436751065611,0.0441042706192,0.0440123068925,0.0441655797704,0.0442881980727,0.0441349251948,0.043897352234,0.0443648345117,0.0446637166236,0.0444721255262,0.0446790439114,0.045223162628,0.045437744657,0.0453611082181,0.0453457809303,0.0453764355059,0.0456983085495,0.0453227899986,0.0451235352573,0.0457749449884,0.0461657908271,0.0455986811788,0.0454070900815,0.0452691444913,0.0452154989841,0.0451235352573,0.045223162628,0.0457059721934,0.0456446630422,0.0456216721105,0.0452001716963,0.0452538172035,0.0454530719448,0.0456753176178,0.0457902722762,0.0460968180321,0.0460661634565,0.0457212994812,0.0459818633736,0.0459665360858,0.0459971906614,0.0460968180321,0.0462807454856,0.0467329004754,0.046832527846,0.0468785097094,0.0465872912414,0.0471237463141,0.0474609466455,0.0472233736847,0.0478058106208,0.0480203926499,0.0478747834158,0.0477981469769,0.048227311035,0.048595165942,0.0492772302487,0.0489936754246,0.0487484388199,0.0487561024638,0.0485108658592,0.0485645113664,0.0487484388199,0.0484572203519,0.0481966564595,0.0486488114493,0.0486028295859,0.0486564750932,0.0482196473911,0.0486871296688,0.0490626482197,0.048817411615,0.0491392846586,0.0492465756732,0.0491622755903,0.0484878749275,0.0487637661077,0.0490090027124,0.0497677034581,0.0499669581993,0.0497830307458,0.050135558365,0.0504574314087,0.0504114495453,0.0506796770816,0.051016877413,0.0510858502081,0.0508636045351,0.0509402409741,0.0509555682619,0.0509249136863,0.0512314594421,0.0509019227546,0.0513387504567,0.0513310868128,0.0515609961296,0.0517066053636,0.0521510967096,0.0523273605192,0.0523196968753,0.0525572698361,0.0524269878898,0.0526568972067,0.0529711066064,0.0532776523622,0.0530937249088,0.0535458798986,0.053591861762,0.0533619524451,0.0535535435425,0.0538907438739,0.0543428988637,0.0543275715759,0.0545038353855,0.0545957991123,0.0550019722388,0.0548563630047,0.0552242179117,0.0560059095891,0.0561438551792,0.0560595550964,0.0562588098376,0.0567109648275,0.056672646608,0.0567416194031,0.0569485377882,0.0570021832955,0.0573853654903,0.057553965656,0.0581747208115,0.0587878123232,0.0587571577476,0.0595235221372,0.0599450225514,0.060634750502,0.0610179326968,0.0611328873552,0.0611635419308,0.0612555056576,0.0611712055747,0.0613091511648,0.0615467241256,0.061370460316,0.061447096755,0.0614241058233,0.0616386878524,0.0617766334425,0.0620525246227,0.0625813160515,0.0629415073146,0.0628112253684,0.0634089895922,0.0636695534847,0.063792171787,0.0639990901722,0.0646045180399,0.0650796639615,0.0656544372536,0.0655624735269,0.065631446322,0.066213883258,0.0662751924092,0.0663824834237,0.0669879112915,0.0672714661156,0.0674324026374,0.0680301668613,0.0682907307537,0.0687582130314,0.0693483136113,0.0695015864892,0.0699843960547,0.0708350605271,0.0715324521216,0.0718849797408,0.0721915254966,0.0724137711696,0.0725440531158,0.0731034991202,0.0736169632612,0.0742377184167,0.0749121190795,0.0751420283964,0.0753642740694,0.0763145659124,0.0773644851261,0.0779929039256,0.0787745956029,0.0796099327875,0.0803226516698,0.0808437794547,0.0819856623952,0.0826447357702,0.0837559641351,0.0843000828517,0.0847675651293,0.0859707572209,0.0868290853372,0.0873885313416,0.0884307869114,0.0890055602036,0.0888063054623,0.0892354695204,0.0893580878228,0.0900784703489,0.0905306253388,0.0902087522952,0.0904463252559,0.0909751166847,0.091028762192,0.0919407358156,0.0922242906397,0.0924848545322,0.0929293458781,0.0933431826485,0.0942704835598,0.0951977844712,0.09631667648,0.0965619130846,0.0968224769771,0.0974279048448,0.0983168875367,0.0988763335411,0.0998879345353,0.100202143935,0.100194480291,0.100615980705,0.100493362403,0.101351690519,0.101696554495,0.102003100251,0.10290741023,0.103942002156,0.103980320376,0.104754348409,0.10526781255,0.105566694662,0.10603417694,0.106532313793,0.10808036986,0.108724115947,0.109007670771,0.109605434995,0.110548063194,0.111329754871,0.111781909861,0.113100056611,0.11425726684,0.115046622161,0.115445131643,0.116211496033,0.116648323735,0.117292069822,0.117943479553,0.118671525723,0.119606490279,0.120211918146,0.120870991521,0.120932300673,0.121583710404,0.122066519969,0.123323357568,0.12407439467,0.125047677445,0.125676096244,0.126266196824,0.127055552145,0.127959862125,0.1289331449,0.129415954465,0.130442882747,0.131040646971,0.132067575253,0.132105893472,0.132443093804,0.133914513432,0.135041069084,0.135930051776,0.136956980058,0.138190826726,0.138236808589,0.138995509335,0.139355700598,0.140689174636,0.141877039439,0.142175921551,0.142482467307,0.143333131779,0.143731641262,0.144107159813,0.146053725362,0.14711130822,0.148498427765,0.149617319774,0.149900874598,0.150874157373,0.151809121928,0.152230622342,0.154062233233,0.155280752613,0.156039453358,0.157533863918,0.158438173898,0.159580056838,0.161480640524,0.162292986777,0.16300570566,0.164139924956,0.164860307482,0.165664990091,0.166523318208,0.16705977328,0.167879783177,0.168232310796,0.168975684254,0.17046243117,0.171826559783,0.173251997548,0.174225280323,0.175658381731,0.176984192125,0.178248693368,0.180064976971,0.181950233369,0.183145761817,0.184517554074,0.185115318298,0.185766728029,0.187560020701,0.187958530184,0.188947140246,0.189452940743,0.189621540909,0.190081359543,0.191775024844,0.193031862442,0.194357672836,0.195568528572,0.195208337309,0.196940320829,0.198066876482,0.199622596193,0.202159262322,0.203615354662,0.204665273876,0.205186401661,0.206811094167,0.208198213712,0.21039767951,0.211187034831,0.212397890567,0.213639400878,0.213723700961,0.21452838357,0.215110820506,0.216076439637,0.216927104109,0.218712733137,0.219517415746,0.221578935954,0.22243726407,0.222904746348,0.224276538605,0.225947212974,0.227150405066,0.229173607054,0.230568390243,0.230047262458,0.231633636745,0.232239064612,0.233357956621,0.235036294634,0.234921339976,0.235105267429,0.235496113268,0.235741349873,0.236139859355,0.238178388632,0.238799143787,0.239419898943,0.24051580002,0.24138179178,0.242301429047,0.243634903085,0.24474613145,0.245727077869,0.24696858818,0.247298124867,0.246876624453,0.248072152901,0.248317389505,0.248685244412,0.250095354889,