# R script for Peak Model
#  -- generated by MACS
p <- c(0.0298097322861,0.0349132125301,0.0400927380095,0.044697699488,0.0497251344966,0.0495561450845,0.04935335779,0.049226615731,0.0495392461433,0.0496913366142,0.0492097167898,0.0489562326717,0.0488463895539,0.0486605012006,0.0484070170825,0.0486858496124,0.0488210411421,0.0487280969654,0.0487618948479,0.04865205173,0.0487196474948,0.0484070170825,0.048077487729,0.0483732192001,0.048440814965,0.0479338467288,0.0485084107298,0.0484915117886,0.0485844559652,0.0484999612592,0.0484492644356,0.0489224347893,0.0492604136134,0.049268863084,0.0495054482609,0.0499025733792,0.0496068419081,0.049843427085,0.0495307966727,0.0496237408493,0.0496575387317,0.0495054482609,0.0494125040843,0.0497758313202,0.0498772249674,0.049801179732,0.0499363712616,0.0500546638501,0.0503503953212,0.0502996984975,0.0502152037915,0.0503672942624,0.0505785310274,0.0506630257335,0.0509249593221,0.0508489140867,0.0504855868508,0.0500377649089,0.0498687754968,0.0503250469093,0.0505700815568,0.0509587572045,0.0508827119691,0.0508235656749,0.0504517889684,0.0508066667337,0.0507813183219,0.0510686003224,0.0507897677925,0.0506123289098,0.0506123289098,0.0506038794392,0.0505700815568,0.0505109352626,0.0504517889684,0.0500377649089,0.0497758313202,0.0492519641428,0.0497758313202,0.0499025733792,0.0498096292026,0.0497251344966,0.0499110228498,0.0501476080267,0.050417991086,0.0510179034988,0.0515586696173,0.0519219968532,0.051778355853,0.0517614569118,0.0516262653822,0.0516431643234,0.0511023982048,0.0507390709689,0.05033349638,0.0503250469093,0.0499955175558,0.050502485792,0.0510263529694,0.050460238439,0.0509756561458,0.0507644193807,0.0508827119691,0.051077049793,0.0514150286171,0.0510939487342,0.0514741749113,0.0509418582633,0.050460238439,0.0506207783804,0.0505109352626,0.0502827995563,0.0508404646161,0.0510179034988,0.0506799246747,0.050544733145,0.050502485792,0.0508827119691,0.0506545762629,0.0509249593221,0.0507728688513,0.0511361960872,0.0508066667337,0.0504264405566,0.0510432519106,0.0515164222643,0.0511784434402,0.0511108476754,0.0516600632646,0.0522008293831,0.0520909862653,0.0519388957945,0.0518797495002,0.0521839304419,0.0516262653822,0.0515417706761,0.0517614569118,0.0517445579706,0.0514572759701,0.0507644193807,0.0511108476754,0.0511530950284,0.0512206907932,0.0510517013812,0.0510686003224,0.0507052730865,0.0509503077339,0.0512122413226,0.0514657254407,0.0519388957945,0.0517361085,0.0517952547942,0.0518375021472,0.0521923799125,0.0525050103248,0.052564156619,0.0526064039721,0.0523360209128,0.0523867177364,0.0522092788537,0.0524965608542,0.0525050103248,0.0527077976193,0.0528260902077,0.0528429891489,0.05313872062,0.0529950796198,0.0531049227376,0.0528514386195,0.0530880237964,0.0529190343844,0.0528936859726,0.053011978561,0.0528514386195,0.0529950796198,0.0533330584439,0.0533077100321,0.0535696436208,0.0537217340916,0.0538315772094,0.0536879362092,0.0537639814446,0.0536456888562,0.0536625877974,0.0539667687391,0.0537470825034,0.0539752182097,0.0538822740331,0.0537724309152,0.0538907235037,0.0545582316813,0.05482016527,0.0551074472704,0.055732708095,0.0555890670948,0.0558594501541,0.0560537879779,0.0561636310958,0.0563664183902,0.0561298332134,0.0559101469777,0.0564086657433,0.0561720805664,0.0559861922131,0.0561636310958,0.0560622374485,0.0561298332134,0.0561974289782,0.0564762615081,0.0565523067435,0.0566452509201,0.0563579689196,0.056755094038,0.0566199025083,0.0565100593905,0.0566199025083,0.0569916792148,0.057371905392,0.0577605810397,0.058157706158,0.0583182460994,0.0582590998052,0.0583773923937,0.0584618870997,0.0586984722766,0.0589181585122,0.0587998659238,0.0587914164532,0.0584111902761,0.0586984722766,0.0591547436891,0.0594420256896,0.0594673741014,0.0598222518667,0.0596110151017,0.0598391508079,0.0603207706323,0.0605573558092,0.0608446378096,0.0610558745747,0.0609544809275,0.0610474251041,0.0610305261629,0.0610981219277,0.0615543933403,0.0616473375169,0.0614276512812,0.0614614491636,0.0615712922815,0.0612924597516,0.0614361007518,0.0616135396345,0.0625345319302,0.0628302634013,0.0630330506957,0.0631090959311,0.063430175814,0.0636160641673,0.063920245109,0.0640892345211,0.0643089207567,0.0643765165215,0.0638441998736,0.063920245109,0.064004739815,0.0645117080512,0.064663798522,0.0647398437575,0.0651369688758,0.0658889717594,0.0660495117009,0.066514232584,0.067004301879,0.0670549987026,0.0673929775267,0.0675957648212,0.0678239005274,0.0684153634696,0.068449161352,0.0685590044699,0.0691927147651,0.069108220059,0.0694208504713,0.069809526119,0.070257348061,0.0704685848261,0.0708488110032,0.0709417551798,0.071617712828,0.0719894895345,0.0717951517107,0.0729696281244,0.0733160564191,0.0735864394784,0.0735441921254,0.0737554288905,0.0743384423621,0.0749045568924,0.0757157060703,0.0757410544821,0.0766113499542,0.0774393980732,0.0781745020157,0.0790954943114,0.0806924442553,0.0819936627281,0.0825597772584,0.0835652642602,0.0839285914961,0.085035472145,0.085694530852,0.0854410467339,0.0860494086173,0.0866831189125,0.0873759755019,0.087544964914,0.088736340269,0.0890067233283,0.0897502767413,0.0901220534478,0.0908487079196,0.0917865991565,0.0920147348628,0.0926315462168,0.0924118599811,0.0928005356288,0.0922597695103,0.0923949610399,0.0923358147457,0.0924541073341,0.0924203094517,0.0926146472756,0.0931976607472,0.093391998571,0.094093304631,0.0942284961607,0.0946171718084,0.095326927339,0.0960789302227,0.0971266645774,0.0975491381075,0.0983771862266,0.0990784922866,0.0995685615816,0.100219170818,0.101165511525,0.101985110174,0.102221695351,0.102475179469,0.103201833941,0.103996084177,0.104046781001,0.104781884943,0.105449393121,0.10557613518,0.105593034121,0.106530925358,0.106852005241,0.107772997537,0.108119425831,0.109040418127,0.10978397154,0.109555835834,0.110130399835,0.110865503777,0.111254179425,0.111355573072,0.112056879132,0.112572296839,0.112208969603,0.11244555478,0.112470903192,0.113366547076,0.113721424841,0.114279089901,0.114980395961,0.115495813668,0.116214018669,0.117092763611,0.117920811731,0.118554522026,0.119551559557,0.120590844441,0.121334397854,0.121900512384,0.122745459445,0.123024291974,0.123134135092,0.122779257327,0.123835441152,0.124266364153,0.12492542286,0.125246502743,0.125254952214,0.124891624978,0.125398593214,0.126404080216,0.127654601865,0.129150158161,0.129437440162,0.129766969515,0.130578118693,0.1310935364,0.131634302519,0.132994667286,0.134422627817,0.135242226466,0.135521058996,0.135309822231,0.135977330408,0.137075761587,0.138089698059,0.138571317883,0.140387954063,0.141148406417,0.141477935771,0.142720007949,0.144494396776,0.145804064719,0.146632112838,0.147240474722,0.147654498781,0.148457198488,0.149580978079,0.150941342846,0.151667997317,0.151760941494,0.152335505495,0.152698832731,0.153974702792,0.154447873146,0.154540817322,0.155706844266,0.156129317796,0.156230711443,0.156847522797,0.158005100269,0.158114943387,0.159382363978,0.159804837508,0.160911718157,0.162652309101,0.162863545866,0.162897343748,0.163818336044,0.164815373575,0.165068857693,0.166648908696,0.167721991462,0.168203611287,0.168719028994,0.16936963823,0.170704654585,0.172098817235,0.172943764295,0.174228083827,0.175596898064,0.176433395654,0.177269893243,0.179137226247,0.180353950013,0.181300290721,0.182762049135,0.184392796962,0.18549967761,0.186344624671,0.187781034673,0.188110564027,0.188769622734,0.188761173263,0.188904814263,0.189217444676,0.189724412912,0.190138436971,0.190501764207,0.19152415015,0.191211519738,0.192157860445,0.193475977859,0.194667353214,0.196610731453,0.197531723749,0.197911949926,0.198942785339,0.199948272341,0.200252453283,0.201274839226,0.202288775698,0.20217893258,0.20344635317,0.20470532429,0.205803755469,0.207265513883,0.207400705413,0.208389293473,0.209377881534,0.210679100006,0.211110023007,0.211862025891,0.211946520597,0.210957932536,0.211397305008,0.211262113478,0.211211416654,0.211701485949,0.211490249184,0.211498698655,0.211650789126,0.21198876795,0.211752182773,0.212090161597,