# R script for Peak Model
#  -- generated by MACS
p <- c(0.0454586380489,0.0534721212387,0.0608071172934,0.0687105755423,0.0760088966167,0.0764856713603,0.0768157461827,0.0766690462616,0.0762656214786,0.0760822465773,0.0758438592055,0.0744502099551,0.0745052224255,0.0736433603891,0.0741384726228,0.0740284476819,0.0731482481554,0.0732582730962,0.0735516729384,0.0740834601524,0.0735149979581,0.0747986222677,0.074706934817,0.0750003346592,0.0754037594422,0.0750736846197,0.0762656214786,0.0764856713603,0.0769624461038,0.0766323712814,0.077384208377,0.0767057212419,0.0767423962222,0.0764673338701,0.0755687968534,0.0760272341069,0.0754220969323,0.0752020470507,0.075238722031,0.0754404344225,0.0750186721493,0.0756788217943,0.0756971592844,0.0758621966956,0.0755871343436,0.0746335848565,0.0746519223466,0.0747619472874,0.0745235599156,0.0740651226622,0.0741568101129,0.073900085251,0.0741934850932,0.0745052224255,0.0751103596,0.0745418974058,0.0739367602313,0.0737533853299,0.0739184227411,0.0741384726228,0.0734233105074,0.0733866355272,0.0733132855666,0.0729832107442,0.0728731858033,0.0738634102707,0.0740651226622,0.0738450727806,0.0737533853299,0.0732949480765,0.074303510034,0.0738267352904,0.0738450727806,0.0740834601524,0.0739367602313,0.0741201351326,0.0745602348959,0.0752753970112,0.0753487469718,0.0758438592055,0.0760272341069,0.0769441086137,0.0768340836729,0.0770357960644,0.0774392208474,0.0772375084559,0.0768707586531,0.0764673338701,0.0762289464984,0.0760639090871,0.0754771094027,0.0744868849354,0.0741201351326,0.0742118225833,0.0741201351326,0.0737900603102,0.0736250228989,0.0737900603102,0.0738634102707,0.073368298037,0.0730748981948,0.072964873254,0.072964873254,0.0724147485499,0.071626236474,0.0715162115332,0.0719196363162,0.0726347984316,0.0725981234513,0.072964873254,0.0731115731751,0.073368298037,0.0734233105074,0.0739734352115,0.073900085251,0.0743768599945,0.0751103596,0.0742118225833,0.0746152473663,0.0750736846197,0.0749086472085,0.0745969098762,0.0752203845408,0.0750920221099,0.0758621966956,0.0758255217153,0.075513784383,0.0753854219521,0.0750920221099,0.0743768599945,0.0751470345803,0.0749819971691,0.0743585225044,0.0741017976425,0.0739734352115,0.0739367602313,0.0734599854877,0.0734783229778,0.0733132855666,0.0738634102707,0.0732949480765,0.0745602348959,0.0744685474452,0.0749819971691,0.0750186721493,0.0750920221099,0.0756238093238,0.0759905591266,0.0760639090871,0.0758805341858,0.0757154967745,0.0754037594422,0.0751103596,0.0745052224255,0.0743401850143,0.074706934817,0.07377172282,0.0736250228989,0.0733316230568,0.0732399356061,0.0725064360006,0.0722680486288,0.0730015482343,0.0732215981159,0.0741934850932,0.0736066854088,0.0736616978792,0.0737350478398,0.0738634102707,0.0737900603102,0.0748719722282,0.0748536347381,0.0740467851721,0.0744868849354,0.0734233105074,0.0738267352904,0.0737350478398,0.0737167103496,0.0734783229778,0.0727631608625,0.0726347984316,0.0719196363162,0.0721946986683,0.0714795365529,0.0718462863557,0.0715345490234,0.0715895614938,0.0708743993784,0.0700492123223,0.0703426121645,0.070544324556,0.0708010494179,0.0713878491023,0.0712594866713,0.070819386908,0.0708743993784,0.0711861367108,0.0713695116121,0.0723964110598,0.0727814983527,0.0722680486288,0.0732766105863,0.0728548483132,0.0725981234513,0.0726164609414,0.0722313736485,0.0722130361584,0.0725431109809,0.0730382232146,0.0728548483132,0.0732949480765,0.0726714734118,0.0727264858822,0.0738083978003,0.0741201351326,0.074835297248,0.074835297248,0.0746885973269,0.0747619472874,0.0754587719126,0.0753304094817,0.0753120719915,0.0756788217943,0.0750553471296,0.0749269846986,0.0738634102707,0.0740651226622,0.0742668350537,0.0740467851721,0.0734233105074,0.0731849231357,0.0735883479187,0.0731849231357,0.0733316230568,0.0727081483921,0.0729465357639,0.072561448471,0.072158023688,0.0718279488655,0.0728181733329,0.0729281982737,0.0724697610203,0.0735883479187,0.0731849231357,0.0735516729384,0.0743401850143,0.0744868849354,0.0744685474452,0.0752753970112,0.0749819971691,0.0745602348959,0.0749453221888,0.0742301600735,0.0744868849354,0.0747802847776,0.0746335848565,0.0749636596789,0.0748903097184,0.0738083978003,0.0733316230568,0.0742851725439,0.073496660468,0.0738817477609,0.0744685474452,0.0738817477609,0.0738450727806,0.0740834601524,0.0742668350537,0.0739734352115,0.0742118225833,0.0736983728595,0.0743585225044,0.0740101101918,0.0741568101129,0.0741568101129,0.0746702598367,0.0741568101129,0.0739734352115,0.0747802847776,0.0746152473663,0.0753120719915,0.0751103596,0.0746885973269,0.0737900603102,0.0740101101918,0.0740834601524,0.0737533853299,0.074706934817,0.0749636596789,0.0751103596,0.0750003346592,0.0754771094027,0.0759538841463,0.0758438592055,0.0765223463405,0.0762472839885,0.0774025458671,0.0780076830416,0.0783010828838,0.0793829948019,0.0794563447624,0.0804465692298,0.0813634437366,0.0829037929081,0.0841690797276,0.0858194538399,0.0874698279522,0.0882400025379,0.0890468521039,0.0894136019067,0.0903121389234,0.0911006509992,0.0918158131146,0.0923659378187,0.0929344000129,0.0926226626806,0.0918158131146,0.0916507757033,0.0925859877003,0.0932277998551,0.0933194873058,0.0928977250326,0.0926410001707,0.0933561622861,0.0930260874636,0.0933928372663,0.0944564116943,0.0947681490266,0.0939979744408,0.0945297616548,0.0938512745197,0.0940896618915,0.094016311931,0.0937962620493,0.0937595870691,0.0936495621282,0.0930444249537,0.0919258380554,0.0921825629173,0.0914123883316,0.0920358629962,0.0917974756244,0.0921825629173,0.0917241256639,0.0917057881737,0.0913940508414,0.091742463154,0.0927143501313,0.0920908754666,0.0920908754666,0.0922375753877,0.0921825629173,0.0920175255061,0.0923109253483,0.0922192378976,0.0924576252694,0.0914490633118,0.0911556634696,0.0921275504469,0.0916324382132,0.091339038371,0.091467400802,0.091742463154,0.0921275504469,0.0917974756244,0.092274250368,0.0930994374241,0.0936312246381,0.0934295122466,0.0941446743619,0.0951165613392,0.0956666860433,0.0959050734151,0.0951715738096,0.0959050734151,0.095098223849,0.0946214491055,0.0944747491844,0.0948048240069,0.095098223849,0.0945480991449,0.0944013992238,0.093612887148,0.0943830617337,0.0944380742041,0.0947314740463,0.0957400360038,0.0958500609446,0.0951899112997,0.0947681490266,0.0954649736518,0.0955933360827,0.0958317234545,0.0949515239279,0.0949148489477,0.0952632612603,0.0940346494211,0.0937045745987,0.0944380742041,0.094016311931,0.0944564116943,0.0946397865956,0.0945297616548,0.0955016486321,0.0951532363195,0.0950432113786,0.0956666860433,0.095758373494,0.0951715738096,0.0950065363984,0.0941630118521,0.0936495621282,0.0938329370296,0.0936495621282,0.0944747491844,0.0943097117732,0.0941079993817,0.094291374283,0.0935945496578,0.0950432113786,0.096161798277,0.0959050734151,0.0959967608657,0.0958683984348,0.0955566611025,0.0956850235334,0.0962351482375,0.0960150983559,0.0971336852542,0.0957400360038,0.0941813493422,0.0939612994606,0.094016311931,0.0937779245592,0.0938329370296,0.0932461373452,0.0928793875425,0.0939246244803,0.0934661872269,0.0939979744408,0.0940713244014,0.09522658628,0.0948965114575,0.095098223849,0.0950248738885,0.0950798863589,0.095758373494,0.0943830617337,0.0940346494211,0.0946214491055,0.0949698614181,0.0945664366351,0.0954649736518,0.0966569105107,0.0970970102739,0.097500435057,0.0972620476852,0.0975921225076,0.0986373594454,0.098178922192,0.0976654724682,0.0973904101161,0.0972620476852,0.096161798277,0.0958683984348,0.0956850235334,0.0952632612603,0.0960150983559,0.0950798863589,0.0957216985137,0.09656522306,0.0968219479219,0.0957216985137,0.0958500609446,0.0959050734151,0.0959967608657,0.0955383236123,0.0954099611814,0.0958867359249,0.0951532363195,0.0945297616548,0.0946031116154,0.0963268356882,0.0962351482375,0.0951899112997,0.096033435846,0.0967485979613,0.0963268356882,0.0963084981981,0.09656522306,0.0970236603134,0.097243710195,0.0963451731783,0.0966569105107,0.0976838099583,0.0979405348202,0.098178922192,0.0986556969356,0.0987290468961,0.0982706096427,