# R script for Peak Model
#  -- generated by MACS
p <- c(0.0221122863678,0.0258109880835,0.0296872985251,0.0334481632949,0.0371601856651,0.0371690661013,0.0373599954816,0.0372667509006,0.0373155933002,0.0373688759179,0.0377329738059,0.0378528596959,0.0378528596959,0.0379683053677,0.0379771858039,0.0378439792596,0.0377374140241,0.0377906966418,0.0380260282036,0.0379727455858,0.037857299914,0.0377196531515,0.0376930118426,0.0376042074797,0.0377374140241,0.0380615499487,0.0381814358387,0.0382968815105,0.0383990065278,0.0384256478367,0.0384522891456,0.0385499739448,0.0384478489274,0.038496691327,0.0386565391803,0.0383768054371,0.0384567293637,0.0383634847827,0.0384434087093,0.0386432185259,0.0387853055065,0.0389051913965,0.0392470881937,0.0391227620857,0.0390517185953,0.0393980556107,0.03937585452,0.0397887948076,0.0397221915354,0.0393980556107,0.0392737295026,0.0393802947381,0.039011756632,0.0393536534293,0.0392959305934,0.0392737295026,0.0391494033945,0.0388519087787,0.0390783599042,0.0393891751744,0.039620066518,0.0399086806975,0.0399575230971,0.0398953600431,0.0399797241879,0.0398953600431,0.0401440122593,0.0401395720411,0.0402150557496,0.0401395720411,0.0400951698597,0.0398420774253,0.0400996100778,0.0401528926956,0.0403216209851,0.0405169905835,0.0405747134194,0.0405835938557,0.0405480721106,0.0408322460719,0.0408455667264,0.0407034797457,0.0407301210546,0.0407567623634,0.0406413166916,0.0405036699291,0.0406501971279,0.0406723982187,0.040592474292,0.0405169905835,0.0404947894928,0.040530311238,0.0407034797457,0.0407656427997,0.040712360182,0.0406457569098,0.0405391916743,0.0408233656356,0.0407922841086,0.0407922841086,0.040894409126,0.0410320558885,0.040894409126,0.0410231754522,0.0410009743615,0.0412052243962,0.0413029091954,0.0414139146491,0.0414583168305,0.0414627570487,0.0415959635931,0.0417602516645,0.0418579364637,0.0418934582088,0.0419467408266,0.0422442354424,0.0422486756605,0.0421598712976,0.0421465506432,0.0424396050408,0.0426660561663,0.0427726214018,0.043021273618,0.0434031323785,0.043780550921,0.0436784259036,0.0438826759383,0.044175730336,0.0444599042973,0.0444021814614,0.0443622194981,0.0444421434247,0.0444643445155,0.0443266977529,0.0445487086602,0.0447618391313,0.0450193717837,0.0453124261814,0.045241382691,0.045392350108,0.0455566381794,0.0455521979613,0.0456498827605,0.045574399052,0.0456987251601,0.0457209262508,0.0453346272721,0.044966089166,0.045241382691,0.0455877197064,0.0453657087991,0.0455832794883,0.04581861105,0.046182708938,0.046333676355,0.0462004698106,0.0465601274804,0.0466533720615,0.046791018824,0.0465601274804,0.0465601274804,0.0467688177333,0.0466533720615,0.04660896988,0.046484643772,0.0468709427507,0.0470707525672,0.0473771276193,0.0474748124185,0.0478966331424,0.0483761767022,0.0484649810651,0.0488823615709,0.0487402745902,0.0488912420072,0.0490200083334,0.0492420192407,0.0493663453488,0.0493707855669,0.0494285084028,0.0495927964743,0.0494240681847,0.0490466496423,0.0492553398951,0.0492420192407,0.0494862312387,0.0494551497117,0.0493752257851,0.0495483942928,0.0494817910206,0.0492464594589,0.0497393236731,0.0503476335591,0.0506895303564,0.0511823945706,0.0513955250416,0.051621976167,0.0521947643079,0.0523235306341,0.0524878187055,0.0528519165935,0.0529940035742,0.0530828079371,0.053322579717,0.0533803025529,0.053473547134,0.0539353298212,0.05408185702,0.0543793516358,0.054810052796,0.0553784007187,0.0554627648635,0.0558401834059,0.0558401834059,0.0562575639116,0.0564484932919,0.0564751346008,0.0565062161278,0.0568747542339,0.0570523629598,0.0570168412146,0.0572344119038,0.0575674282647,0.0577050750273,0.0579759283342,0.0582512218592,0.0582334609866,0.0587751676005,0.0589350154537,0.058850651309,0.0590549013437,0.0593124339962,0.0593435155232,0.0600805917354,0.0599784667181,0.0601205536988,0.0603336841698,0.0603914070057,0.0603736461331,0.0607732657662,0.0613371734708,0.0617012713588,0.0619144018298,0.0616391083047,0.0618522387758,0.0622829399359,0.0627314019687,0.0630333368026,0.0637393314879,0.0644009239916,0.0644764077001,0.0647250599163,0.0649381903873,0.0657951524895,0.0661858916864,0.0664611852114,0.0666387939373,0.0670339733523,0.0671582994604,0.0671183374971,0.0673803103677,0.0679886202537,0.0683482779236,0.0684637235954,0.0690942345721,0.0695737781319,0.0701421260546,0.0702664521627,0.0705728272148,0.0713321045178,0.0716340393517,0.0718116480775,0.0723045122918,0.0727929362878,0.0727707351971,0.0728462189056,0.0732502787569,0.0734944907549,0.0739962354054,0.0737475831893,0.074133882168,0.0743425724208,0.0746311866003,0.0749819638339,0.0756257954651,0.0761941433878,0.0765315999669,0.0771931924707,0.0775439697042,0.0785119372601,0.078964839511,0.0794887852522,0.0798706440128,0.0798795244491,0.0803590680089,0.080878573532,0.0812604322925,0.0818376606515,0.0821973183214,0.0825658564275,0.0831741663135,0.0837513946725,0.0849014111724,0.0860203461452,0.0869039495563,0.0875211398786,0.0882715367453,0.0890130531757,0.0899543794227,0.0906470534535,0.0918237112622,0.0927161951096,0.0930847332157,0.0941415051345,0.0945944073854,0.0955890162501,0.0963305326805,0.0968500382036,0.0976359568155,0.0986572069891,0.0987016091706,0.0993143592747,0.100109158323,0.100215723558,0.100872875844,0.101281375913,0.101805321655,0.102413631541,0.102764408774,0.102586800048,0.103430441496,0.104012110073,0.104411729707,0.105104403737,0.105726034278,0.10579263755,0.106591876816,0.107266789974,0.108048268368,0.109318170758,0.109633426246,0.11060583402,0.110756801437,0.111271866742,0.111764730957,0.112945828983,0.113154519236,0.113416492107,0.113842753049,0.114619791224,0.115032731512,0.1154456718,0.116404758919,0.117417128657,0.118074280942,0.118886840863,0.119939172564,0.120889379247,0.121613134805,0.122190363164,0.123549069916,0.123802162351,0.124241743947,0.124743488598,0.125262994121,0.125675934408,0.126333086694,0.127305494468,0.128340065296,0.128539875113,0.129081581726,0.130515772188,0.131967723521,0.132655957334,0.133748250998,0.134458685901,0.135644224146,0.136447903631,0.136683235193,0.137957577801,0.139018789938,0.1392052791,0.140071121638,0.141039089194,0.141980415441,0.143130431941,0.143974073389,0.144777752873,0.146642644494,0.147339758743,0.148156758882,0.149302335164,0.149733036324,0.150945215878,0.151837699725,0.152490411793,0.153591585893,0.154284259924,0.154839287192,0.15585165693,0.156535450524,0.157530059389,0.158258255165,0.15865343458,0.159541478209,0.16073589689,0.16116659805,0.162432060222,0.162893842909,0.163408908214,0.164416837733,0.165247158527,0.166503740262,0.167702599162,0.168825974353,0.169634094055,0.17062870292,0.17117928997,0.172342627124,0.174114274165,0.175566225498,0.176516432182,0.177302350794,0.177750812826,0.178923030417,0.179593503357,0.180446025241,0.181631563486,0.183016911548,0.183811710596,0.18492620535,0.185823129416,0.1866268089,0.187914472163,0.188225287433,0.190085738836,0.1912268749,0.19244793489,0.192692146888,0.193473625282,0.194010891678,0.195542766938,0.197536424886,0.198952854474,0.2002804797,0.200737822169,0.20157258318,0.20246062681,0.203890377053,0.205169159879,0.206163768743,0.207180578699,0.208028660365,0.20849488327,0.20969374217,0.211163454376,0.212246867604,0.213081628615,0.214586862567,0.215514868159,0.216678205314,0.217512966325,0.218902754605,0.220860890807,0.221766695309,0.223294130351,0.224786043648,0.226415603708,0.226824103777,0.228000761586,0.229008691105,0.230327435895,0.23103343058,0.231490773049,0.232996007001,0.233249099435,0.233986175647,0.235011866039,0.236819034824,0.237680437145,0.238657285137,0.239336638513,0.239882785345,0.240477774577,0.240788589847,0.242036291146,0.242671242341,0.243048660883,0.243452720735,0.243896742549,0.245326492792,0.246130172277,0.24736899314,0.248669977057,0.249491417414,0.249611303303,0.250570390423,0.251636042778,0.252080064593,0.253114635421,0.253079113676,0.253305564801,0.253434331127,0.253767347488,0.25448222261,0.255459070602,0.255920853289,0.256054059834,0.256102902233,0.256360434886,0.256031858743,0.256511402303,