# R script for Peak Model
#  -- generated by MACS
p <- c(0.0333193838949,0.039089973416,0.0450105982647,0.0505734465631,0.056009341892,0.0563209537261,0.0564594478746,0.0562286242938,0.0566671890974,0.057105753901,0.0572442480495,0.0574289069142,0.0576366481369,0.0578328481806,0.0578328481806,0.0580059658663,0.0577174363902,0.0574635304513,0.0570249656477,0.0566441067393,0.0570480480058,0.0569095538573,0.056009341892,0.0562055419357,0.0562747890099,0.05603242425,0.0564825302327,0.0570249656477,0.0568864714992,0.0569788009315,0.0566902714555,0.0564594478746,0.0566556479183,0.0564594478746,0.0564132831584,0.0567018126345,0.056297871368,0.0559285536387,0.0561940007566,0.0564709890537,0.056851847962,0.0570942127219,0.0576135657788,0.0576135657788,0.058467613028,0.0585022365651,0.0583406600585,0.0589754249058,0.059021589622,0.0589061778316,0.0589985072639,0.0588830954735,0.0585599424603,0.0579598011501,0.0572327068704,0.057105753901,0.0579136364339,0.0575212363465,0.0575327775255,0.0578559305387,0.0576135657788,0.0575674010627,0.0574981539884,0.0581213776567,0.0583406600585,0.0581790835519,0.0576135657788,0.057659730495,0.0574404480932,0.0576135657788,0.057659730495,0.0579482599711,0.0584099071327,0.058744601325,0.0591254602334,0.0594832367837,0.0595986485741,0.0594601544256,0.0594832367837,0.0592754955609,0.0591947073076,0.05928703674,0.0594370720675,0.0594139897094,0.0594255308885,0.0590562131591,0.0588369307573,0.0590562131591,0.0592177896657,0.0594024485304,0.0593678249933,0.0589177190106,0.0585599424603,0.058467613028,0.05820216591,0.0583522012375,0.0584445306699,0.0586868954298,0.0583175777004,0.0577866834645,0.0583291188795,0.0581906247309,0.0591023778753,0.0591716249495,0.05928703674,0.0595178603208,0.0593332014561,0.0589754249058,0.059575566216,0.0598063897969,0.0594370720675,0.0606488958669,0.0604988605394,0.0607181429412,0.0608220135526,0.0612490371771,0.0616068137274,0.0618607196664,0.062587813946,0.0626570610203,0.0624146962604,0.0618953432035,0.06121441364,0.0610874606705,0.0610759194915,0.0604065311071,0.0606258135089,0.0615144842951,0.0608450959107,0.0607989311945,0.0611336253867,0.0611451665658,0.0615952725484,0.0618607196664,0.0617222255179,0.0620453785311,0.0621377079634,0.060937425343,0.0610643783125,0.061202872461,0.0613644489676,0.0614336960418,0.0613875313256,0.061202872461,0.0616068137274,0.0619415079197,0.0621492491424,0.0629109669592,0.062576272767,0.0630840846449,0.0630725434658,0.0631764140772,0.0627840139898,0.0631071670029,0.0627840139898,0.0629802140335,0.0631533317191,0.0628763434221,0.0631071670029,0.0632687435095,0.0632687435095,0.063118708182,0.0640420025054,0.0643074496233,0.06422666137,0.0635341906275,0.0633726141209,0.0637765553874,0.0634880259113,0.0630032963916,0.0631071670029,0.0634534023742,0.0635688141646,0.0632341199724,0.063684225955,0.064492108488,0.0645844379203,0.0645728967413,0.0652422851258,0.0654384851695,0.0657616381827,0.065323073379,0.0650691674401,0.0648614262174,0.0649768380078,0.0646652261736,0.0645959790994,0.0648037203221,0.0645959790994,0.0649075909335,0.0651153321563,0.0653461557371,0.0654615675276,0.0658885911521,0.0663040735976,0.06639640303,0.0669850031611,0.0671234973096,0.0672504502791,0.0668580501917,0.0666041442527,0.0678967563055,0.0680237092749,0.0681044975282,0.0683353211091,0.0681852857815,0.0678044268731,0.0677236386198,0.0682776152139,0.0688085094498,0.0697087214151,0.0691893683582,0.069420191939,0.0692932389696,0.0690624153887,0.0697548861313,0.0699741685331,0.0706781804546,0.0708743804984,0.0713014041229,0.0710128746469,0.0709897922888,0.071047498184,0.0717168865684,0.0715206865247,0.071589933599,0.071878463075,0.071047498184,0.0710128746469,0.0710821217211,0.0704011921576,0.0704588980528,0.0708397569612,0.0709782511097,0.070505062769,0.0708166746032,0.0703319450834,0.0707474275289,0.0704358156948,0.0693394036857,0.070239615651,0.0700664979654,0.0696163919828,0.0699164626379,0.0710013334678,0.0706204745594,0.0714514394505,0.0710705805421,0.0718438395379,0.072963333905,0.0725363102804,0.072963333905,0.0728479221146,0.0725478514595,0.0723978161319,0.0723285690577,0.0723170278786,0.0730672045164,0.0727325103242,0.0729287103679,0.0741520753464,0.0736211811104,0.0747060519404,0.0750869108488,0.0753177344296,0.0755370168314,0.07543314622,0.0757909227704,0.0757332168751,0.076241028753,0.075410063862,0.0761486993207,0.0756524286218,0.0752831108925,0.0752484873554,0.0757447580542,0.0762871934692,0.0759178757398,0.0765641817662,0.0767719229889,0.0773605231201,0.0773720642991,0.077614429059,0.0786069704567,0.079241735304,0.079795711898,0.0798765001513,0.0803843120292,0.0805343473567,0.0803035237759,0.0804189355663,0.0812268180992,0.0816076770076,0.0812614416364,0.0814691828591,0.0820116182741,0.0818500417675,0.0820116182741,0.0826579243005,0.0835581362658,0.0846199247377,0.0854162660916,0.0864088074892,0.0874590547821,0.0889594080575,0.090171231857,0.0925371735606,0.0939336562247,0.0947992446529,0.0953532212469,0.0955955860068,0.0960572331685,0.0967727862691,0.0975229629069,0.0977768688458,0.0978576570991,0.0969805274919,0.0976614570554,0.0987347867063,0.0993695515536,0.100535210637,0.100650622427,0.100281304698,0.100523669458,0.101273846096,0.101066104873,0.102243305135,0.102104810987,0.100950693082,0.101493128497,0.101804740332,0.102508752253,0.103478211293,0.103478211293,0.103789823127,0.103709034874,0.103593623083,0.104401505616,0.105913400071,0.105832611817,0.106086517756,0.10676744732,0.107713824001,0.108152388805,0.107713824001,0.109364212604,0.109987436272,0.109802777408,0.110045142168,0.109929730377,0.110460624613,0.110576036404,0.110033600989,0.109745071513,0.110760695268,0.110287506928,0.110633742299,0.111591660159,0.111522413085,0.112157177932,0.11219180147,0.112411083871,0.113092013435,0.114026848937,0.114165343086,0.11459236671,0.115042472693,0.114869355007,0.115504119855,0.115538743392,0.115734943436,0.115515661034,0.115850355226,0.116138884702,0.11664669658,0.117212214353,0.117154508458,0.11773156741,0.118020096886,0.119128050074,0.11990130907,0.120732273961,0.120997721079,0.122140297804,0.122255709594,0.123005886232,0.123548321647,0.124160004136,0.124367745359,0.12411383942,0.124090757062,0.124575486582,0.124910180774,0.12519871025,0.125371827936,0.125314122041,0.125821933918,0.126479781124,0.126341286975,0.126929887106,0.127183793045,0.127045298897,0.127760851998,0.127864722609,0.127449240163,0.127449240163,0.12796859322,0.128084005011,0.128914969902,0.130299911387,0.130796182086,0.131973382348,0.132377323614,0.132989006104,0.13399308868,0.134570147632,0.134858677109,0.135031794794,0.135793512611,0.134777888855,0.135724265537,0.135262618375,0.135262618375,0.135874300864,0.136128206803,0.136705265755,0.136693724576,0.137293865886,0.137951713092,0.138713430909,0.13870188973,0.140086831215,0.140525396018,0.14074467842,0.141321737372,0.142360443486,0.14315678484,0.142752843573,0.142983667154,0.142995208333,0.143352984884,0.143549184927,0.144576349862,0.144645596936,0.145049538203,0.144276279207,0.145268820605,0.146503726762,0.147380856369,0.148650386064,0.149308233269,0.149492892134,0.149135115584,0.150289233488,0.150843210082,0.151616469078,0.151362563139,0.152216610388,0.151754963226,0.152470516327,0.152332022178,0.153336104755,0.154224775541,0.153855457812,0.154617175629,0.155505846415,0.155586634668,0.155401975804,0.156429140738,0.156082905367,0.156140611262,0.156556093708,0.15749092921,0.158344976459,0.159152858992,0.159314435499,0.159510635543,0.159522176722,0.15941830611,0.159833788556,0.161414930085,0.161403388906,0.160687835805,0.160468553403,0.159395223752,0.159291353141,0.158968200128,0.159325976678,0.159268270783,0.160526259298,0.15918748253,0.159014364844,0.158806623621,0.15917594135,0.159233647246,0.159856870914,0.161184106504,0.162245894976,0.162926824539,0.162222812618,0.162938365718,0.163688542356,0.164381013099,0.163653918819,0.164415636636,0.164161730697,0.164196354234,0.162996071613,0.163053777509,0.162522883273,0.162234353797,0.161403388906,