# R script for Peak Model
#  -- generated by MACS
p <- c(0.0301161195907,0.0352632730663,0.0401708011472,0.0455096549385,0.0510689640927,0.0512894194557,0.0514236096767,0.0512223243452,0.0513277595189,0.0513085894873,0.0514236096767,0.0515098748187,0.0516632350713,0.0513756845978,0.0515098748187,0.0513852696136,0.0512127393295,0.0515290448503,0.0513085894873,0.0512798344399,0.0515098748187,0.0515577998977,0.0515290448503,0.0517399151975,0.0514331946925,0.051366099582,0.0518357653554,0.0513085894873,0.0510593790769,0.051145644219,0.0512031543137,0.0510881341243,0.051231909361,0.0507047334929,0.0501775576249,0.0501583875933,0.0495737016305,0.0499571022619,0.0506184683509,0.0508389237139,0.0506759784456,0.050129632546,0.0501679726091,0.0500625374355,0.0501679726091,0.0502734077827,0.0503980129879,0.0498229120409,0.0492765661413,0.0491327909045,0.049065695794,0.0492286410623,0.0490465257625,0.0496216267095,0.0497941569935,0.0498324970567,0.0498900071514,0.049995442325,0.0504651080984,0.0503021628301,0.0508389237139,0.0510881341243,0.050877263777,0.0508197536823,0.0511360592032,0.0511935692979,0.0515290448503,0.0518645204027,0.0513948546293,0.0518549353869,0.051366099582,0.0517399151975,0.0525738115707,0.0521520708762,0.0520658057342,0.0521041457973,0.0521137308131,0.0525354715075,0.0530338923283,0.0529284571546,0.0529955522651,0.0525833965864,0.0524300363339,0.053043477344,0.0529955522651,0.0527942669337,0.052957212202,0.0526696617285,0.0525354715075,0.0522383360183,0.0521233158289,0.0523437711919,0.0521712409078,0.0523437711919,0.0520082956395,0.0522287510025,0.0521712409078,0.0523341861761,0.0526792467443,0.0531584975334,0.0535035581016,0.0536089932752,0.0535131431174,0.0533885379122,0.0539636388592,0.0540403189855,0.0541649241907,0.0543853795537,0.0541169991118,0.0542416043169,0.0540690740328,0.0541649241907,0.0539923939066,0.0541457541591,0.0535706532121,0.053311857786,0.0532543476913,0.053091402423,0.0532831027386,0.0530530623598,0.0533310278175,0.0531297424861,0.0535131431174,0.053043477344,0.0537240134646,0.0543662095221,0.0544524746642,0.0541169991118,0.0538006935909,0.0540786590486,0.0544237196168,0.0549508954849,0.0553151260847,0.0559381521106,0.0559381521106,0.0554684863372,0.0555547514792,0.0556601866528,0.0561298524262,0.0562448726156,0.0558231319212,0.0556026765581,0.0555259964319,0.0557176967475,0.055918982079,0.05684872861,0.0572800543202,0.0578359852356,0.0581906308196,0.0581331207249,0.0584494262457,0.0585932014825,0.0586315415456,0.0586794666245,0.0584494262457,0.0579989305039,0.0577784751409,0.0580468555829,0.0578072301883,0.0577976451725,0.0578072301883,0.0582768959617,0.0586027864983,0.0583535760879,0.0588711669402,0.059014942177,0.059455852903,0.0596187981713,0.0597529883923,0.0596571382344,0.0602034841341,0.0597050633133,0.0595900431239,0.059542118045,0.0592162275084,0.0593791727767,0.0591491323979,0.0591874724611,0.0592929076347,0.0598488385501,0.0592641525873,0.0599255186764,0.0599351036921,0.0599542737237,0.0606348098443,0.0605868847654,0.0607977551126,0.0608552652073,0.0608456801915,0.0609511153652,0.0618329368172,0.0621204872907,0.0620438071644,0.0624272077958,0.0622738475432,0.061976712054,0.0620054671013,0.0623601126853,0.0625422279852,0.0626284931272,0.0623217726221,0.062197167417,0.0628489484902,0.06321317909,0.0631940090584,0.0635103145793,0.0634528044846,0.0633952943899,0.0638266201001,0.0634240494372,0.0641237555894,0.0641525106367,0.0641525106367,0.0640279054316,0.0641620956525,0.064315455905,0.0641812656841,0.0641812656841,0.0637595249896,0.064315455905,0.0639608103211,0.0642483607946,0.0642962858735,0.0647947066942,0.0651397672624,0.0654081477043,0.0659353235724,0.0663474792511,0.0673155658452,0.0673155658452,0.0674210010188,0.067631871366,0.068072782092,0.0682644824077,0.0683603325655,0.0685999579601,0.0686862231022,0.0686382980233,0.0684753527549,0.0690792087493,0.0693667592228,0.0693859292543,0.0694242693175,0.0692804940807,0.0696926497594,0.0702294106433,0.0710633070164,0.0713221024425,0.0715329727898,0.071389197553,0.0719163734211,0.0720601486578,0.0721080737368,0.0722422639577,0.0723381141156,0.0721751688472,0.0722614339893,0.0729994802046,0.0730857453466,0.0734787309938,0.0734403909306,0.0736608462936,0.0737950365146,0.0746001778404,0.0744659876194,0.0749356533928,0.0746001778404,0.0746001778404,0.0751848638032,0.0756449445607,0.0757312097028,0.0759900051289,0.0764884259497,0.0766609562338,0.0774756825753,0.0778111581277,0.078462939201,0.0784725242168,0.0788079997692,0.0788079997692,0.0790284551322,0.0794597808424,0.0796035560792,0.0794597808424,0.0799773716947,0.0795843860476,0.0796898212212,0.0797089912528,0.0798623515053,0.0801786570262,0.0810796485098,0.0815972393621,0.0822490204353,0.0831691819505,0.0836196776923,0.084827389681,0.085891326433,0.0863705772221,0.0869456781691,0.088364260505,0.0883834305366,0.0884601106628,0.0895815575095,0.0898020128725,0.0909330447349,0.0924858172918,0.0931471833808,0.0953517370109,0.0963294086208,0.0968565844889,0.0980547114618,0.0999046195079,0.100613910676,0.101994152949,0.10237755358,0.102003737964,0.102578838911,0.102003737964,0.102904729448,0.103115599795,0.103623605632,0.103288130079,0.102952654527,0.102943069511,0.102799294274,0.103566095537,0.104169951531,0.104802562573,0.104467087021,0.10476422251,0.104754637494,0.105368078504,0.10610612472,0.106662055635,0.107294666677,0.107055041282,0.107179646487,0.107323421724,0.107572632134,0.107706822355,0.108684493965,0.108866609265,0.109393785133,0.10971967567,0.109403370149,0.110726102327,0.111301203274,0.111205353116,0.111866719205,0.113036091131,0.11290190091,0.113524926936,0.113956252646,0.114828489082,0.115863670787,0.116659227097,0.117646483723,0.119275936406,0.11963058199,0.119841452337,0.1200619077,0.120454893347,0.121298374736,0.121212109594,0.121681775367,0.120943729152,0.120291948079,0.120704103757,0.122113101078,0.122323971425,0.123531683413,0.123934254076,0.124078029313,0.124768150449,0.125851257233,0.126934364016,0.127231499506,0.127576560074,0.1272890096,0.128257096195,0.128736346984,0.129589413388,0.129944058972,0.13083546544,0.130720445251,0.131103845882,0.132579938313,0.133471344781,0.134209390996,0.134468186422,0.135378762921,0.135522538158,0.13604012901,0.136471454721,0.137065725699,0.137669581694,0.138005057246,0.137583316552,0.13774626182,0.137899622072,0.137880452041,0.139203184219,0.13988372034,0.139442809614,0.139605754882,0.140353386113,0.14111060236,0.142414164506,0.143295985958,0.143708141637,0.144043617189,0.144062787221,0.144196977442,0.145289669241,0.146372776025,0.146411116088,0.147091652208,0.147264182493,0.147561317982,0.148174758992,0.148567744639,0.149775456628,0.150801053317,0.151615779658,0.152890586757,0.154529624456,0.155421030924,0.155660656319,0.15629326736,0.156724593071,0.157587244491,0.157654339602,0.158334875722,0.158833296543,0.158804541495,0.15897707178,0.159034581874,0.159417982506,0.16045316421,0.161910086609,0.161699216262,0.162235977146,0.162983608377,0.162993193393,0.163261573835,0.163280743866,0.163884599861,0.164929366581,0.165466127465,0.166232928727,0.168456652389,0.168447067373,0.169683534409,0.170488675735,0.171552612487,0.172971194823,0.174130981733,0.174964878106,0.175597489148,0.176163005079,0.176019229842,0.17770619262,0.177677437573,0.179143944987,0.178923489624,0.178674279214,0.178635939151,0.179096019908,0.180150371645,0.180361241992,0.181559368965,0.182076959817,0.18223032007,0.18229741518,0.182815006032,0.183169651616,0.183648902405,0.184310268495,0.184741594205,0.184875784426,0.184712839157,0.184358193573,0.185220844994,0.185585075594,0.18688863774,0.187923819445,0.188719375755,0.188767300834,0.188259294997,0.189668292317,0.19050218869,0.191489445316,0.190559698785,0.190828079227,0.190703474022,0.190454263612,0.190751399101,0.191288159985,0.19159488049,0.190713059038,0.189984597838,0.189955842791,0.19068430399,0.190444678596,0.189476592002,0.189332816765,0.18909319137,0.188834395944,0.189323231749,0.189744972444,0.190645963927,0.190636378911,