# R script for Peak Model
#  -- generated by MACS
p <- c(0.0305992636214,0.036036597822,0.0413978853903,0.0465025155751,0.0519303439466,0.0513885116923,0.0514930758116,0.0511603717958,0.0514740641535,0.0516546749049,0.0523581062525,0.0516261574179,0.0514360408374,0.0516356632469,0.0514170291794,0.0517402273661,0.0515025816406,0.0514930758116,0.0514835699825,0.05170220405,0.0514930758116,0.0515976399308,0.0516166515888,0.0514645583245,0.0516071457598,0.0513219708892,0.0514455466664,0.0515310991276,0.051236418428,0.0511698776248,0.0506850803447,0.0512174067699,0.0511318543087,0.0510748193346,0.0513599942052,0.0513885116923,0.0513124650601,0.0509987727024,0.0511128426507,0.0507706328059,0.0509132202412,0.05082766778,0.0509892668734,0.0511888892829,0.0508656910961,0.0511033368217,0.0514455466664,0.0520349080658,0.0520729313819,0.0521679896721,0.0524246470557,0.0522345304753,0.0523866237396,0.0524151412267,0.0523295887655,0.0518733089724,0.0513029592311,0.0513219708892,0.0514645583245,0.0515786282727,0.051274441744,0.0513599942052,0.0510367960185,0.0509037144122,0.0505329870803,0.050808656122,0.0511698776248,0.0510558076765,0.0510272901895,0.0510843251636,0.0515120874696,0.051692698221,0.05170220405,0.0519303439466,0.052548222833,0.0526242694652,0.0525006936879,0.0521870013302,0.0522345304753,0.0522345304753,0.0516166515888,0.0515310991276,0.0514550524955,0.0513504883762,0.051274441744,0.0511318543087,0.0516451690759,0.0520539197238,0.0519018264595,0.051683192392,0.0522250246462,0.0523010712784,0.0528904326778,0.0527573510715,0.0527858685585,0.0531851133774,0.0529094443358,0.0531946192065,0.0527383394134,0.0526337752942,0.0526717986103,0.0523010712784,0.0522250246462,0.052567234491,0.0523295887655,0.0518638031434,0.0518542973144,0.0514645583245,0.0519493556046,0.0522155188172,0.0520824372109,0.0524721762008,0.0518828148015,0.05170220405,0.0517592390242,0.0521584838431,0.0521489780141,0.0523390945945,0.0527003160973,0.0528143860456,0.0528524093617,0.0526527869522,0.0526432811232,0.0532136308645,0.0536413931705,0.0536699106576,0.0539075563831,0.0537839806058,0.0535843581964,0.0534702882481,0.0533086891547,0.0539455796992,0.0541642137667,0.0539645913572,0.0534988057352,0.0537459572897,0.0536699106576,0.0536413931705,0.0537649689478,0.054297295373,0.0540976729635,0.0540216263314,0.0542022370828,0.0539550855282,0.0541547079377,0.0540216263314,0.0542022370828,0.0539740971863,0.0539836030153,0.0536604048285,0.0542402603989,0.0537934864348,0.0540501438184,0.0540121205024,0.0539455796992,0.0547915984821,0.0546680227049,0.0552003491301,0.0552193607881,0.0554379948556,0.0553429365654,0.0556376172651,0.0557041580682,0.0559513096228,0.0561034028872,0.055609099778,0.0558847688197,0.0558467455036,0.0558562513326,0.0557326755553,0.0558372396746,0.056046367913,0.0558847688197,0.0559037804777,0.0559037804777,0.0558372396746,0.0557992163585,0.0562650019805,0.0565121535351,0.0566357293124,0.0566642467995,0.0568543633799,0.0568733750379,0.0569969508152,0.0571490440796,0.0567783167477,0.056445612732,0.0559132863067,0.0558087221875,0.0563505544417,0.0566927642865,0.0560938970581,0.0565977059963,0.0565596826802,0.0567497992607,0.0572441023698,0.0577288996499,0.0580806153237,0.0582422144171,0.0583657901944,0.0581661677849,0.0585939300909,0.0583467785363,0.0583657901944,0.0584418368266,0.0584703543136,0.0579285220594,0.0584608484846,0.0585083776297,0.0578714870852,0.0579285220594,0.0582897435622,0.0583657901944,0.0583657901944,0.0583182610493,0.0582802377332,0.0589551515937,0.0583087552202,0.0584608484846,0.0588315758164,0.0589551515937,0.0587555291843,0.059059715713,0.0594304430448,0.0593258789256,0.0593258789256,0.0594589605319,0.0598106762057,0.0600768394183,0.0601718977085,0.0604380609211,0.0608373057401,0.0607517532789,0.0606281775016,0.061673818694,0.0621966392902,0.0621776276322,0.0626814365703,0.0628810589798,0.0631662338504,0.0633563504309,0.0637555952498,0.0638221360529,0.063860159369,0.0624723083318,0.0623677442126,0.0621966392902,0.0620255343678,0.0625008258189,0.0628810589798,0.0627955065186,0.0623012034094,0.0625008258189,0.062538849135,0.0639267001722,0.0643069333331,0.0644875440845,0.0644780382554,0.0638981826851,0.0636035019854,0.0644590265974,0.0648772830744,0.0648202481002,0.0654666444737,0.0649153063905,0.06472518981,0.0649628355356,0.0649913530226,0.0653715861835,0.0661035350182,0.0653430686964,0.065133940458,0.065590220251,0.0655426911059,0.0663792040598,0.0666833905885,0.0674248452522,0.0682898756932,0.0689552837248,0.0688602254345,0.0693355168856,0.0700104307462,0.0698773491399,0.0707138620938,0.0704952280263,0.0708564495291,0.0711891535449,0.0709895311354,0.0714077876124,0.0713222351512,0.0719020907215,0.0722252889083,0.0726435453852,0.0724439229758,0.0728906969398,0.0730618018622,0.0735275874843,0.0739173264742,0.0740028789354,0.074687298625,0.0752291308792,0.076027620517,0.077320413264,0.0785466652078,0.079925010416,0.0813413789403,0.0822634443554,0.0833566146929,0.0840600460405,0.085153216378,0.0857425777774,0.0859231885288,0.0864079858089,0.0869878413793,0.0867692073118,0.0867406898247,0.0867216781667,0.087292027908,0.0877673193591,0.0879194126234,0.0879004009654,0.0887083964322,0.0886703731161,0.0882045874941,0.0886608672871,0.0891456645672,0.0892977578316,0.0891551703963,0.0896209560183,0.0899726716921,0.0910848536877,0.0911704061489,0.0919118608126,0.0926533154763,0.0931381127564,0.0934518051142,0.0939270965652,0.0945164579646,0.0946210220838,0.0952959359444,0.0951628543381,0.0958187565406,0.0960468964371,0.0965507053753,0.0966647753236,0.0969499501942,0.0971495726037,0.0976248640548,0.0982332371122,0.0983948362055,0.09903172675,0.0995260298591,0.100372048642,0.100714258487,0.100904375067,0.102035568721,0.103024174939,0.103328361468,0.103451937245,0.104440543463,0.104706706676,0.105201009785,0.105467172998,0.1061230752,0.106912059009,0.107159210564,0.107216245538,0.107434879605,0.108233369243,0.108223863414,0.10894630642,0.108413979995,0.108547061601,0.108870259788,0.109535667819,0.109782819374,0.110267616654,0.111455845282,0.111531891914,0.112007183365,0.112235323261,0.112644073909,0.113737244247,0.114355123133,0.115125095284,0.115315211864,0.116246783109,0.116446405518,0.117064284405,0.117435011736,0.117929314846,0.118822862774,0.118347571322,0.118889403577,0.119089025986,0.119954056427,0.121018709278,0.121522518216,0.121997809667,0.122378042828,0.123224061611,0.124222173658,0.125476943089,0.125990257856,0.126674677546,0.127187992313,0.127035899048,0.127482673013,0.128727936614,0.12926026304,0.12954543791,0.13061959659,0.130914277289,0.131874366021,0.132406692446,0.132872478068,0.133062594648,0.133604426903,0.133718496851,0.134745126385,0.135591145168,0.136113965764,0.136874432086,0.136959984547,0.138091178201,0.138480917191,0.139517052554,0.140619728721,0.141855486494,0.142996185976,0.143480983256,0.143804181443,0.144992410071,0.146199650357,0.146589389346,0.1474259023,0.148319450228,0.149070410721,0.149289044789,0.149146457353,0.150106546085,0.150676895826,0.151713031189,0.151579949583,0.152958294791,0.153946901009,0.155410798679,0.156503969016,0.157920337541,0.158756850495,0.159441270184,0.161000226144,0.161104790263,0.162083890652,0.163082002699,0.164507877053,0.163899503995,0.164574417856,0.165135261768,0.165677094022,0.166884334308,0.167007910086,0.167787388065,0.168633406848,0.168509831071,0.169213262419,0.169954717082,0.170610619285,0.170525066824,0.172198092731,0.172644866695,0.173604955427,0.17434641009,0.175506121231,0.176190540921,0.176437692475,0.178015660093,0.179175371234,0.180990984577,0.181504299344,0.182378835614,0.183595581729,0.18485035116,0.185221078491,0.185886486523,0.186646952845,0.187588029918,0.188215414633,0.188804776033,0.189555736525,0.189479689893,0.189821899738,0.190781988469,0.191827629662,0.192854259196,0.19339609145,0.19369077215,0.19417556943,0.194641355052,0.195354292229,0.197169905572,0.198263075909,0.198320110884,0.199603397802,0.200506451559,0.201827761793,0.20301599042,0.203339188607,0.203909538348,