# R script for Peak Model
#  -- generated by MACS
p <- c(0.046983708643,0.0540661193227,0.0619989769541,0.0695554072463,0.0774185561112,0.0777252746839,0.0772233715649,0.0774743231244,0.077000303512,0.0770700122785,0.0765541674062,0.0771536627983,0.0760104390272,0.0753412348685,0.0749508657759,0.0746441472032,0.0752018173354,0.0748253899962,0.0742677198639,0.0738355255114,0.0742816616172,0.0740028265511,0.075271526102,0.0757455457144,0.0755224776615,0.0756618951945,0.0752854678553,0.0752157590887,0.0756758369478,0.0752018173354,0.0746999142164,0.0748393317495,0.074407137397,0.0746441472032,0.0749508657759,0.0750205745424,0.0749369240226,0.0745186714234,0.0738355255114,0.0743513703837,0.0737658167449,0.0734033311589,0.0733057388857,0.0729293115465,0.0728038357667,0.0727341270002,0.0726923017403,0.0727759522601,0.0731523795994,0.0731523795994,0.073500923432,0.0741004188242,0.0740307100577,0.0745326131767,0.0749648075292,0.0749508657759,0.075229700842,0.0754388271416,0.0760662060404,0.0760243807805,0.0764147498731,0.0758291962342,0.0757455457144,0.0754945941549,0.0752018173354,0.0746162636966,0.0737797584982,0.0740028265511,0.0740725353176,0.0743234868771,0.0741283023308,0.074225894604,0.0741840693441,0.0740585935643,0.0742677198639,0.0749508657759,0.0752436425953,0.0753272931152,0.0750484580491,0.0753412348685,0.0757037204545,0.0755364194148,0.0759267885074,0.0764147498731,0.0767214684458,0.0763729246132,0.0769166529921,0.0763032158466,0.0760104390272,0.0751739338288,0.0751599920755,0.0756340116879,0.0752575843487,0.07454655493,0.0738912925246,0.0743234868771,0.0734590981721,0.0740307100577,0.0740864770709,0.0740167683044,0.0736124574585,0.0728596027799,0.0734869816787,0.0740585935643,0.0743931956436,0.0737239914849,0.0742677198639,0.0735288069386,0.0733754476523,0.0739749430445,0.0739610012911,0.0741422440841,0.0738912925246,0.0732499718725,0.0731105543394,0.073682166225,0.0735288069386,0.0743792538903,0.0745326131767,0.0740585935643,0.0738355255114,0.0744350209036,0.0741701275907,0.074407137397,0.0740307100577,0.0736682244717,0.0734033311589,0.0731663213527,0.0732778553791,0.0735845739519,0.0734869816787,0.0737100497316,0.0737239914849,0.0736542827184,0.0742119528507,0.0742677198639,0.074365312137,0.0747835647362,0.0741840693441,0.0739888847978,0.0743234868771,0.0734312146655,0.0730408455729,0.0729014280398,0.0721206898547,0.0723019326477,0.0723716414142,0.0722043403745,0.0727201852469,0.0732220883659,0.0735148651853,0.0742119528507,0.0746580889565,0.0746999142164,0.0747696229829,0.0748532735028,0.0756061281813,0.0750763415557,0.0749508657759,0.07454655493,0.074727797723,0.0745186714234,0.0742119528507,0.0742119528507,0.0746023219432,0.0744489626569,0.073500923432,0.0739749430445,0.0737658167449,0.0737518749915,0.0739191760312,0.073682166225,0.0746720307098,0.0745883801899,0.0750345162957,0.0756061281813,0.0757594874677,0.075229700842,0.0750345162957,0.0750623998024,0.074727797723,0.0749787492825,0.0744210791503,0.0747556812296,0.0739191760312,0.0731523795994,0.0735706321986,0.0742537781106,0.0748393317495,0.0748672152561,0.0745744384366,0.0745744384366,0.0739331177845,0.0738076420048,0.0735845739519,0.0743374286304,0.0734451564188,0.0730687290795,0.0726086512204,0.072455291934,0.0718697382952,0.0717860877753,0.0723019326477,0.0723298161543,0.0728735445332,0.072455291934,0.073319680639,0.0736124574585,0.0737658167449,0.0736124574585,0.0738912925246,0.0739191760312,0.0745186714234,0.074225894604,0.0745883801899,0.0750066327891,0.0751042250623,0.0747835647362,0.0746302054499,0.0749508657759,0.0749369240226,0.0748253899962,0.0740585935643,0.0745744384366,0.0742956033705,0.0737239914849,0.0733475641457,0.073180263106,0.0735706321986,0.0737518749915,0.0737797584982,0.0736682244717,0.0736403409651,0.0734312146655,0.0734451564188,0.0740864770709,0.0742537781106,0.0737937002515,0.0737937002515,0.0737100497316,0.0734312146655,0.0737379332382,0.0738494672647,0.0737100497316,0.0736403409651,0.073361505899,0.0734730399254,0.0737797584982,0.0737518749915,0.0736124574585,0.0737658167449,0.0742677198639,0.0741980110974,0.0741422440841,0.0740028265511,0.0733336223924,0.07281777752,0.0734590981721,0.0733754476523,0.0735985157052,0.0736682244717,0.0732220883659,0.0731523795994,0.0726644182336,0.0724134666741,0.072497117194,0.0727201852469,0.0723019326477,0.0723995249208,0.0724134666741,0.072315874401,0.072134631608,0.0722043403745,0.0727062434936,0.0738773507713,0.0738355255114,0.0740725353176,0.0745047296701,0.0742537781106,0.0741143605775,0.0743513703837,0.0748393317495,0.0742816616172,0.074225894604,0.073361505899,0.0735985157052,0.073500923432,0.0730269038196,0.0736542827184,0.073500923432,0.0742537781106,0.0738494672647,0.0749648075292,0.0752854678553,0.0752018173354,0.0755085359082,0.0755364194148,0.075773429221,0.0759128467541,0.0767214684458,0.0768887694855,0.0777392164372,0.0782968865695,0.079412226834,0.0814895480767,0.0826048883412,0.0836226363326,0.0846961513372,0.0855465982889,0.0862018606943,0.0865364627736,0.0874147932319,0.0875402690117,0.0883349489502,0.0878191040778,0.0878191040778,0.0884883082366,0.0889065608357,0.0888926190824,0.0886834927828,0.089282988175,0.0897848912941,0.0903425614263,0.0901752603866,0.0903007361664,0.0908026392854,0.0907189887656,0.0909141733119,0.0914718434441,0.0924338244223,0.0924338244223,0.0921549893562,0.0919737465632,0.0921131640962,0.0924477661756,0.0919040377967,0.0918064455235,0.0915833774706,0.0909559985718,0.090830522792,0.091011765585,0.0910396490916,0.0915415522107,0.0917646202636,0.0914579016908,0.0912627171446,0.0910675325983,0.0911651248714,0.0919458630566,0.0920295135764,0.0916670279904,0.0909281150652,0.0908444645454,0.0907608140255,0.0909281150652,0.0917227950037,0.0917646202636,0.0921828728628,0.0917785620169,0.0916252027305,0.0923919991624,0.0930193780612,0.0927544847483,0.0928799605281,0.0927544847483,0.0927544847483,0.0929496692946,0.0933400383872,0.0936746404666,0.0942183688455,0.0936328152067,0.0938977085195,0.0933679218938,0.0929496692946,0.0936328152067,0.0932285043608,0.0938001162463,0.0932285043608,0.0929775528013,0.0925593002021,0.093465514167,0.0930472615678,0.0934515724137,0.0936188734534,0.093284271374,0.0932145626075,0.092740542995,0.0927684265017,0.0929914945546,0.0929357275413,0.091736736757,0.0917088532504,0.0920295135764,0.0920992223429,0.0916112609772,0.0919458630566,0.0917785620169,0.091053590845,0.0909281150652,0.0905656294792,0.0905238042193,0.0907747557788,0.090509862466,0.0904680372061,0.0909699403251,0.0913184841578,0.0913463676644,0.0915694357173,0.0919458630566,0.0924059409157,0.0925035331888,0.0922525816293,0.0923641156558,0.0920713388363,0.09187615429,0.0910675325983,0.0909559985718,0.0908862898053,0.0908165810387,0.0912348336379,0.0914021346776,0.0923083486425,0.0926429507219,0.0929078440347,0.0927266012417,0.0936885822199,0.0944135533918,0.0953197673568,0.0942880776121,0.0943159611187,0.0941765435856,0.0939255920261,0.0939116502728,0.0943717281319,0.0947481554712,0.0950548740439,0.0943856698852,0.0938837667662,0.0946226796914,0.0947063302113,0.0944414368984,0.0939534755327,0.0933818636471,0.092782368255,0.0925035331888,0.0923919991624,0.0927963100083,0.0932145626075,0.0929357275413,0.0922665233826,0.0927544847483,0.0934236889071,0.0943438446253,0.0950827575505,0.0961841560618,0.0964072241147,0.0962120395684,0.0959889715155,0.0956683111894,0.095877437489,0.0959471462555,0.0952779420968,0.0947481554712,0.0943717281319,0.0930333198145,0.0922665233826,0.0923222903958,0.0924059409157,0.0930333198145,0.0929914945546,0.093284271374,0.0935352229335,0.0933958054004,0.0935631064401,0.0942183688455,0.095013048784,0.0951385245638,0.0952779420968,0.0956822529427,0.096421165868,0.096421165868,0.0961283890485,0.0963096318415,0.096602408661,0.0963096318415,0.09537553437,0.0948875730042,0.0952918838501,0.0948596894976,0.0949433400175,0.0953476508634,0.0953894761233,0.0949712235241,0.0950548740439,0.0953615926167,0.0961005055419,0.0973413215862,0.0968394184672,0.0972437293131,