>STGCCCCGGGGM	6-STGCCCCGGGGM	5.932218	-870.312816	0	T:5731.0(33.97%),B:6536.7(20.22%),P:1e-377
0.177	0.388	0.239	0.196
0.174	0.032	0.145	0.649
0.014	0.110	0.801	0.075
0.038	0.690	0.214	0.058
0.013	0.931	0.004	0.052
0.060	0.806	0.005	0.129
0.208	0.448	0.068	0.276
0.243	0.081	0.457	0.219
0.183	0.008	0.745	0.064
0.078	0.007	0.878	0.037
0.053	0.211	0.684	0.052
0.250	0.383	0.226	0.141
