>GCTGTGTCACGG	22-CCGTGACACAGC	11.219841	-160.416506	0	T:111.0(0.66%),B:21.4(0.07%),P:1e-69
0.030	0.051	0.850	0.069
0.051	0.829	0.075	0.045
0.092	0.036	0.024	0.848
0.056	0.048	0.848	0.048
0.042	0.012	0.030	0.916
0.018	0.012	0.952	0.018
0.054	0.076	0.063	0.807
0.024	0.916	0.030	0.030
0.803	0.143	0.024	0.030
0.133	0.619	0.092	0.156
0.138	0.042	0.724	0.096
0.061	0.018	0.891	0.030
