>CTGGTCAAACAG	11-CTGTTTGACCAG	7.851431	-446.330253	0	T:1081.0(6.41%),B:730.8(2.26%),P:1e-193
0.071	0.768	0.062	0.099
0.107	0.040	0.053	0.800
0.083	0.030	0.778	0.109
0.097	0.106	0.722	0.075
0.113	0.114	0.098	0.675
0.098	0.748	0.076	0.078
0.852	0.058	0.026	0.064
0.637	0.138	0.162	0.063
0.759	0.065	0.104	0.072
0.087	0.723	0.126	0.064
0.804	0.046	0.051	0.099
0.104	0.074	0.735	0.087
