# R script for Peak Model
#  -- generated by MACS
p <- c(0.0345191868537,0.0400773610082,0.0463668738671,0.0518884810863,0.0571175528237,0.0567153165362,0.0573003874998,0.0568250173419,0.0572272536294,0.0565690487953,0.0567153165362,0.0572638205646,0.0574466552407,0.057336954435,0.0584705294271,0.0593847028077,0.0607376794111,0.0609570810225,0.0606645455406,0.0613593173099,0.0612496165043,0.0619443882736,0.0615787189213,0.0615421519861,0.0609936479577,0.0609936479577,0.0607742463463,0.0609936479577,0.0622003568202,0.0620540890792,0.0622369237554,0.0607742463463,0.0608108132815,0.0615787189213,0.0620906560145,0.0623100576258,0.0611033487634,0.0603720100588,0.0590921673259,0.0594212697429,0.0594212697429,0.0601526084475,0.0597869390952,0.0593481358725,0.0591653011964,0.0594578366782,0.0603720100588,0.0608473802168,0.0615055850509,0.0617981205327,0.062017522144,0.0619443882736,0.0622369237554,0.0627854277838,0.0630779632656,0.0627122939133,0.0621637898849,0.0618712544031,0.0612861834395,0.0607376794111,0.0614324511804,0.0621637898849,0.0626391600429,0.062492892302,0.0615787189213,0.0619809552088,0.0616152858565,0.0624563253667,0.0626025931076,0.0624563253667,0.0622369237554,0.0621637898849,0.062017522144,0.0619809552088,0.0630413963304,0.0623466245611,0.0627488608486,0.0625660261724,0.0626757269781,0.0631876640713,0.0632607979417,0.0632973648769,0.0639190027758,0.0639921366462,0.0638093019701,0.0638824358406,0.0638824358406,0.0636996011644,0.0645406406746,0.0639190027758,0.0640287035815,0.0634070656826,0.0627854277838,0.0635167664883,0.062492892302,0.0633339318122,0.0635899003588,0.0646503414803,0.0643943729337,0.0643943729337,0.0639190027758,0.0647966092212,0.0637361680997,0.0628585616542,0.0635899003588,0.0628585616542,0.0636630342292,0.0626391600429,0.0616152858565,0.0620540890792,0.0629682624599,0.0627122939133,0.0635167664883,0.0638824358406,0.0638824358406,0.0635899003588,0.0624563253667,0.0629316955247,0.0639190027758,0.0639190027758,0.0628951285895,0.0622369237554,0.0625660261724,0.0626757269781,0.0622734906906,0.0623466245611,0.062492892302,0.0611764826338,0.0613958842452,0.0618346874679,0.0611399156986,0.0603354431236,0.0604451439293,0.0605182777997,0.0609936479577,0.0613958842452,0.061688419727,0.0623831914963,0.0625660261724,0.0617981205327,0.0623466245611,0.0633339318122,0.0629682624599,0.0625294592372,0.0630048293951,0.0629316955247,0.0628951285895,0.0639921366462,0.0634436326179,0.0630779632656,0.0639190027758,0.0641018374519,0.0641018374519,0.0643578059985,0.0641749713224,0.0638093019701,0.0637727350349,0.063955569711,0.0645040737394,0.0645040737394,0.0649794438974,0.0643943729337,0.0644675068042,0.0646137745451,0.064430939869,0.0645040737394,0.0651257116383,0.0649794438974,0.0649063100269,0.0651257116383,0.0643212390633,0.0654913809905,0.0656742156667,0.0662592866303,0.0664421213064,0.0669174914644,0.0662958535655,0.0656742156667,0.0652719793792,0.0651257116383,0.0651988455087,0.064430939869,0.0640287035815,0.062821994719,0.0628951285895,0.063151097136,0.063151097136,0.0635533334235,0.0639190027758,0.0642846721281,0.0647966092212,0.0649794438974,0.0658204834076,0.0660398850189,0.0661495858246,0.0661495858246,0.0666249559826,0.0669540583996,0.0669906253348,0.0672100269462,0.0677219640393,0.0671368930757,0.0667346567882,0.0667712237235,0.0669540583996,0.066368987436,0.0671003261405,0.0664055543712,0.0670637592053,0.0672831608166,0.0668809245291,0.0688921059666,0.0684898696791,0.0685995704848,0.0684898696791,0.0692212083836,0.0680144995212,0.0677585309746,0.0667346567882,0.0671368930757,0.0664055543712,0.0656742156667,0.0664055543712,0.0662227196951,0.0667712237235,0.067502562428,0.068307035003,0.0684898696791,0.0694040430598,0.0700256809586,0.0701353817643,0.0709398543393,0.0703547833756,0.0711592559506,0.0703913503109,0.0695868777359,0.0698794132177,0.0700988148291,0.0698062793473,0.0685995704848,0.0684167358086,0.0668443575939,0.0675756962984,0.0675391293632,0.0683436019382,0.0684898696791,0.067831664845,0.067831664845,0.0687824051609,0.0698428462825,0.0706838857927,0.070903287404,0.0705376180518,0.0708667204688,0.0706107519222,0.0703182164404,0.0711958228859,0.0714152244972,0.0703913503109,0.0701719486995,0.0695137438654,0.0698428462825,0.070574184987,0.0708667204688,0.0718174607847,0.0726219333597,0.0715249253029,0.0721465632017,0.0719271615904,0.0715980591733,0.0718174607847,0.0711958228859,0.0710129882097,0.0702816495052,0.0691115075779,0.0682339011325,0.0682339011325,0.0672465938814,0.0670637592053,0.0674659954928,0.0678682317803,0.0694040430598,0.0701719486995,0.07024508257,0.0702816495052,0.0709398543393,0.0722196970722,0.0735726736756,0.0735726736756,0.0732801381938,0.0731704373881,0.0732435712585,0.0717443269143,0.0719271615904,0.0724756656188,0.0734629728699,0.0732435712585,0.0718540277199,0.0725853664245,0.0724756656188,0.0752913196312,0.0767539970403,0.0804472574981,0.0825681397413,0.0856397623003,0.0901374953331,0.0992792291398,0.107616490371,0.11628285402,0.124473847511,0.129556651507,0.136650636941,0.142830448994,0.148900560242,0.153507994081,0.156872152121,0.15504380536,0.158042294049,0.156616183575,0.158298262595,0.159614672263,0.160272877097,0.158737065818,0.15994377468,0.160675113385,0.161443019025,0.162393759341,0.161004215802,0.162905696434,0.159834073875,0.158590798077,0.158481097271,0.159395270652,0.15910273517,0.159980341616,0.157859459372,0.157530356955,0.157713191632,0.156945285992,0.160675113385,0.162210924664,0.161040782737,0.162503460146,0.162466893211,0.162101223859,0.164295239972,0.164258673037,0.163344499656,0.164148972231,0.161589286766,0.161918389183,0.162393759341,0.160784814191,0.159980341616,0.160199743227,0.159614672263,0.162613160952,0.162064656924,0.161443019025,0.163125098045,0.162028089988,0.161187050478,0.162137790794,0.163344499656,0.16316166498,0.162869129499,0.160748247255,0.161991523053,0.161772121442,0.162174357729,0.162978830304,0.164514641584,0.165428814964,0.164807177066,0.16477061013,0.165977318993,0.164916877871,0.16392957062,0.165136279483,0.164843744001,0.164404940778,0.162795995628,0.16155271983,0.162357192405,0.161187050478,0.160236310162,0.16063854645,0.161443019025,0.160382577903,0.159212435976,0.160821381126,0.160894514996,0.160236310162,0.159504971458,0.161333318219,0.162466893211,0.162540027081,0.164002704491,0.164734043195,0.165684783511,0.163527334333,0.164551208519,0.165904185122,0.16553851577,0.164734043195,0.164222106102,0.164331806908,0.164880310936,0.16392957062,0.165282547223,0.166233287539,0.165794484317,0.166269854475,0.167403429467,0.168025067365,0.167769098819,0.167805665754,0.166269854475,0.168244468977,0.167184027855,0.169012374617,0.168792973005,0.168207902042,0.168098201236,0.169195209293,0.169085508487,0.170036248803,0.169012374617,0.168610138329,0.168281035912,0.167805665754,0.169341477034,0.168171335106,0.167110893985,0.16714746092,0.166672090762,0.166745224633,0.16791536656,0.166891492373,0.16637955528,0.164880310936,0.164295239972,0.165831051252,0.166818358503,0.165648216576,0.166452689151,0.165501948835,0.165355681094,0.16630642141,0.167842232689,0.167403429467,0.167476563337,0.167330295596,0.169012374617,0.169378043969,0.169999681868,0.172303398787,0.172449666528,0.172778768945,0.172778768945,0.174204879419,0.175009351994,0.175228753605,0.175082485864,0.174972785058,0.175045918929,0.174607115706,0.174533981836,0.174497414901,0.174899651188,0.174863084253,0.175667556828,0.176325761662,0.175484722152,0.177093667302,0.176472029403,0.176362328597,0.177605604395,0.178958580998,0.178666045516,0.179909321314,0.178556344711,0.179799620508,0.180238423731,0.180786927759,0.180896628565,0.181335431788,0.18170110114,0.181664534205,0.1809331955,0.180494392278,0.181664534205,0.180384691472,0.180713793889,0.17932425035,0.181298864853,0.180823494695,0.180494392278,0.178775746322,0.180055589055,0.179726486638,0.17932425035,0.180823494695,0.182030203557,0.181554833399,0.181189164047,0.180567526148,0.18001902212,0.180677226954,0.180494392278,0.181335431788,0.18246900678,