# R script for Peak Model
#  -- generated by MACS
p <- c(0.0267707315374,0.0311236960151,0.0359663689964,0.0401560973062,0.0451892124834,0.0448355341196,0.0451348004275,0.0454612727633,0.0455700968752,0.0462230415469,0.046005393323,0.0468215741625,0.0468215741625,0.0466039259387,0.0463862777148,0.0468215741625,0.0465767199107,0.0462230415469,0.0464134837428,0.0461958355189,0.0469848103305,0.0468759862185,0.0466311319666,0.0470936344424,0.0466039259387,0.0462774536028,0.0456245089312,0.046059805379,0.0457877450991,0.0455700968752,0.0453524486513,0.0452980365954,0.0453252426234,0.0451892124834,0.0453524486513,0.0454068607073,0.0464134837428,0.0465767199107,0.0468215741625,0.0462502475749,0.046059805379,0.0457605390711,0.0457333330431,0.046032599351,0.0466583379946,0.0467943681346,0.046059805379,0.0460870114069,0.0455156848193,0.0461414234629,0.0466311319666,0.0467399560786,0.0469031922465,0.0464134837428,0.0456517149592,0.0453252426234,0.0455428908472,0.0453796546793,0.0454884787913,0.0452436245394,0.0446178858957,0.0449443582316,0.0442642075319,0.0443458256159,0.0440465593081,0.0439921472521,0.0435840568323,0.0436928809442,0.044100971364,0.0448899461756,0.0449171522036,0.0444274436998,0.0449443582316,0.0456245089312,0.0466855440226,0.0466311319666,0.0469576043025,0.0471480464984,0.0465495138827,0.045896569211,0.0457877450991,0.0460870114069,0.0464134837428,0.0467127500506,0.0461686294909,0.0469576043025,0.0473384886943,0.0467127500506,0.0475833429461,0.0480730514499,0.0489708503734,0.0488348202334,0.0493245287372,0.0485627599536,0.0482634936458,0.0472024585543,0.0467399560786,0.0469848103305,0.0473929007502,0.0476377550021,0.0466583379946,0.0466311319666,0.0458421571551,0.046032599351,0.0470664284144,0.0475289308902,0.0476649610301,0.047855403226,0.0468215741625,0.0468487801905,0.0475833429461,0.0472568706103,0.0467943681346,0.0464134837428,0.0462774536028,0.0461958355189,0.0462774536028,0.0461686294909,0.0471752525264,0.0471752525264,0.0469848103305,0.0477193730861,0.0485627599536,0.0491068805133,0.0488076142055,0.0491340865413,0.0495149709331,0.0492701166812,0.0492973227092,0.0486443780376,0.0483995237857,0.047882609254,0.0474201067782,0.0473656947222,0.047773785142,0.0479642273379,0.0479370213099,0.04780099117,0.0471752525264,0.0468487801905,0.0473112826663,0.0472024585543,0.0482090815898,0.0485899659816,0.047855403226,0.0471480464984,0.0470936344424,0.047882609254,0.0485083478976,0.0486987900935,0.047882609254,0.0473656947222,0.0466583379946,0.0464406897708,0.0472024585543,0.047746579114,0.0468487801905,0.0467399560786,0.0461142174349,0.0466039259387,0.0475017248622,0.0483723177577,0.0490524684573,0.0491340865413,0.0494061468211,0.0487259961215,0.049651001073,0.0500046794368,0.0511745386402,0.0513377748081,0.0511473326122,0.0523171918156,0.05158262906,0.0513105687801,0.0507392421924,0.0516642471439,0.051473804948,0.0506576241085,0.049678207101,0.0502495336887,0.0507120361644,0.0498686492969,0.0495693829891,0.0501407095767,0.0506848301364,0.0509568904163,0.0510385085003,0.0510385085003,0.0513921868641,0.0509296843883,0.0504399758846,0.0501407095767,0.0507392421924,0.0513105687801,0.0504671819126,0.0501679156047,0.0494061468211,0.0502223276607,0.0499774734088,0.0499502673808,0.0502767397167,0.0499502673808,0.0505215939685,0.0493245287372,0.0494605588771,0.0495693829891,0.0501135035488,0.049596589017,0.0494877649051,0.0499230613529,0.0498686492969,0.0504127698566,0.0504127698566,0.0509296843883,0.0508208602764,0.0506304180805,0.0509568904163,0.0513921868641,0.0518818953678,0.051473804948,0.05144659892,0.051473804948,0.0517458652279,0.0519363074238,0.0529429304592,0.0540039655506,0.0544664680264,0.0540855836346,0.0539767595227,0.0535142570469,0.0548745584462,0.0557179453137,0.0547657343342,0.0544664680264,0.0541127896626,0.0536502871868,0.0536230811588,0.0543576439144,0.0555547091458,0.0557995633977,0.0549833825581,0.0539767595227,0.05522823681,0.0558267694256,0.0555275031178,0.0553098548939,0.055146618726,0.0545208800824,0.0543032318585,0.0547657343342,0.0559083875096,0.0563436839574,0.0556091212018,0.0544664680264,0.0546024981663,0.0543304378865,0.0544120559704,0.0552826488659,0.0547385283062,0.0550650006421,0.0541127896626,0.0539767595227,0.0544664680264,0.05509220667,0.0559627995656,0.0572142768529,0.0582753119443,0.0582481059163,0.0586834023641,0.058901050588,0.0586834023641,0.0581120757764,0.0577583974126,0.0592275229238,0.0592003168958,0.0589554626439,0.0582481059163,0.0583841360563,0.0579760456365,0.0576767793286,0.0579216335805,0.058901050588,0.0586017842801,0.0581392818044,0.0585745782522,0.0580304576925,0.058846638532,0.0587106083921,0.0591186988119,0.0595812012876,0.0601797339033,0.060615030351,0.0619209196943,0.0624378342261,0.0619481257223,0.0618937136663,0.0618665076384,0.062601070394,0.0630635728697,0.0638253416533,0.0645599044089,0.0669812408996,0.0686408086067,0.0694841954742,0.0728305369164,0.0766121748063,0.0802849885844,0.0833048576907,0.086406344881,0.0885828271198,0.0908409274426,0.0916571082822,0.0925549072057,0.0933982940732,0.0942416809408,0.0944049171087,0.0939968266889,0.0939696206609,0.0947858015005,0.0954931582281,0.0964181631796,0.0958468365919,0.0950306557523,0.0963365450956,0.0955203642561,0.0953843341161,0.0952483039762,0.0972343440191,0.097397580187,0.0972343440191,0.0959828667318,0.0961733089277,0.0981593489706,0.0984858213065,0.0991387659781,0.0994924443419,0.100716715601,0.100335831209,0.0998189166777,0.0996012684538,0.101396866301,0.102512313448,0.10262113756,0.103110846064,0.104525559519,0.105096886107,0.103927026903,0.102838785784,0.103002021952,0.104199087183,0.104144675127,0.104335117323,0.104525559519,0.104988061995,0.104008644987,0.104171881155,0.105151298163,0.105151298163,0.106076303114,0.105450564471,0.10585865489,0.107055720122,0.10667483573,0.10613071517,0.107137338206,0.107137338206,0.108062343157,0.109232202361,0.108470433577,0.109613086752,0.110075589228,0.109558674696,0.110918976096,0.112088835299,0.112279277495,0.113258694502,0.112578543803,0.113041046279,0.115380764685,0.116169739497,0.116088121413,0.117530040896,0.117992543372,0.119407256827,0.118944754351,0.119733729163,0.12084917631,0.120631528086,0.119407256827,0.119325638743,0.119951377387,0.119978583415,0.121175648646,0.121964623458,0.123733015277,0.124113899669,0.125229346816,0.126317587935,0.127460241111,0.129038190734,0.129582311294,0.129935989657,0.130316874049,0.129119808818,0.129718341433,0.130942612693,0.132411738204,0.134044099883,0.134207336051,0.134914692779,0.135894109786,0.136628672542,0.13597572787,0.138043385997,0.137852943801,0.137199999129,0.136764702682,0.136220582122,0.137444853381,0.136547054458,0.137009556934,0.137934561885,0.138995596976,0.138315446277,0.1398933959,0.141389727439,0.141852229915,0.142559586642,0.143212531314,0.145062541217,0.145062541217,0.144409596545,0.145769897945,0.147130199344,0.14800079224,0.149197857471,0.150775807094,0.153414791809,0.153822882228,0.154367002788,0.156625103111,0.158583937126,0.157958198482,0.159182469741,0.158366288902,0.159753796329,0.160433947029,0.160025856609,0.16122292184,0.161739836372,0.162610429268,0.163562640247,0.166283243046,0.166881775661,0.169711202572,0.169303112152,0.170690619579,0.172676659622,0.174445051441,0.175370056393,0.176512709568,0.177573744659,0.178362719471,0.180593613766,0.182008327221,0.183722306984,0.18445686974,0.185925995251,0.185844377167,0.188401743798,0.18823850763,0.189245130665,0.189979693421,0.189870869309,0.190823080288,0.191530437016,0.192074557576,0.192564266079,0.194631924206,0.19552972313,0.198821652516,0.200263571999,0.202494466294,0.205405511288,0.206548164464,0.208588616563,0.21024818427,0.211771721837,0.213512907628,0.214465118607,0.214410706551,0.216614394818,0.218437198693,0.218083520329,0.218546022805,0.219144555421,0.220967359296,0.222436484807,0.224476936906,0.22483061527,0.225129881578,0.226408564893,0.225592384053,0.22793210246,0.230734323343,0.232965217637,0.234978463708,0.233182865861,0.232992423665,0.236284353052,