# R script for Peak Model
#  -- generated by MACS
p <- c(0.0288077829238,0.0339157708652,0.0389444422236,0.0444014231299,0.0489066050409,0.049208008056,0.0490969648399,0.0492397346892,0.050017037202,0.0498425407195,0.0498425407195,0.049557001021,0.0490969648399,0.048747971875,0.0491604181063,0.0489700583072,0.0485576120759,0.0484307055432,0.0482720723773,0.0487955618247,0.0493983678551,0.0493507779053,0.0498584040361,0.0496045909707,0.0493031879556,0.0490493748901,0.0490969648399,0.048938331674,0.0491128281565,0.0489066050409,0.04839897891,0.0483513889603,0.0479548060456,0.0481610291612,0.048747971875,0.0488748784077,0.0489700583072,0.0490811015233,0.0490335115736,0.0490493748901,0.049017648257,0.0491762814229,0.0489859216238,0.0489224683574,0.0479230794124,0.0478437628295,0.0480817125783,0.0483196623271,0.048129302528,0.047859626146,0.0479072160958,0.0473361366986,0.0482879356939,0.0476534030304,0.0481927557944,0.0489859216238,0.0486052020257,0.0485893387091,0.049017648257,0.0490811015233,0.0488114251413,0.0492397346892,0.0487638351916,0.04974736082,0.0501915336845,0.0494142311717,0.049287324639,0.0492555980058,0.0489224683574,0.0491445547897,0.0493190512721,0.0498901306693,0.0499694472523,0.0492238713726,0.048747971875,0.0487003819252,0.0491604181063,0.0488431517745,0.0487162452418,0.0488272884579,0.0485258854427,0.048129302528,0.0478120361963,0.0476058130806,0.0475264964977,0.0476375397138,0.0473044100655,0.0480182593119,0.0481610291612,0.0483196623271,0.0487321085584,0.0489859216238,0.0491604181063,0.0499377206191,0.0502708502674,0.0504929366997,0.0506832964987,0.0500646271518,0.050366030167,0.050017037202,0.0503025769006,0.0501439437347,0.0498901306693,0.0493349145887,0.049287324639,0.0493507779053,0.0494459578048,0.0499218573025,0.0499218573025,0.0502549869508,0.0495887276541,0.0493507779053,0.0492555980058,0.0497156341868,0.0493507779053,0.0488431517745,0.0486052020257,0.0488590150911,0.0488114251413,0.0490017849404,0.0493190512721,0.04974736082,0.0501122171015,0.0496045909707,0.0507784763982,0.0510322894636,0.0511433326798,0.0507467497651,0.0511909226295,0.0509688361973,0.0510322894636,0.050826066348,0.0509529728807,0.0516668221272,0.0513495557954,0.0513336924788,0.0516033688608,0.0516033688608,0.0512861025291,0.0511116060466,0.0515399155945,0.0521427216248,0.0521427216248,0.052364808057,0.0517144120769,0.0519999517755,0.0515399155945,0.0514764623281,0.0514130090618,0.0508736562978,0.0506674331821,0.0499218573025,0.050366030167,0.0498901306693,0.0498425407195,0.049826677403,0.0498584040361,0.0502549869508,0.0506832964987,0.0508102030314,0.0504453467499,0.0504136201167,0.0500329005186,0.0503977568001,0.0512385125793,0.0514447356949,0.0513812824286,0.0511433326798,0.0507150231319,0.0512385125793,0.0519999517755,0.0519682251423,0.052174448258,0.0520316784087,0.0518413186096,0.0519999517755,0.0519364985092,0.0519364985092,0.0518730452428,0.0516668221272,0.0508577929812,0.0510164261471,0.0509212462475,0.0510322894636,0.0506832964987,0.0506198432324,0.0509688361973,0.0505881165992,0.0507943397148,0.0508736562978,0.0516826854438,0.0521109949916,0.0520316784087,0.051825455293,0.0521903115746,0.051904771876,0.05244412464,0.0520316784087,0.0522061748912,0.0524282613234,0.0519840884589,0.0514130090618,0.0515875055442,0.0517144120769,0.0517778653433,0.0521427216248,0.0522061748912,0.0532055638362,0.0531103839367,0.0533483336855,0.0536338733841,0.0545539457462,0.0544904924798,0.0545063557964,0.0547443055452,0.0546491256457,0.0539670030324,0.0534276502684,0.0536338733841,0.0534752402182,0.0534276502684,0.0529517507708,0.0532055638362,0.0532214271528,0.0531262472533,0.0528089809215,0.0532690171026,0.053713189967,0.0534911035348,0.0539987296656,0.0543794492637,0.0549029387111,0.054522219113,0.0540145929822,0.0542842693642,0.054601535696,0.0550298452438,0.0550932985102,0.0553471115756,0.0552677949926,0.0550932985102,0.0546332623291,0.0548077588116,0.0554264281585,0.0555057447415,0.0554581547917,0.0555850613244,0.0559181909728,0.0563782271538,0.0561244140884,0.0567113568022,0.0571079397169,0.0577741990136,0.0584563216268,0.0580438753956,0.0581549186117,0.0579011055463,0.0574727959984,0.0569968965007,0.0571555296666,0.0569175799178,0.0570920764003,0.0571079397169,0.057409342732,0.05713966635,0.0576314291643,0.0578852422297,0.0584721849434,0.0592018975065,0.0589956743908,0.0589956743908,0.0585990914761,0.0582659618278,0.0579169688628,0.0585832281595,0.0581231919785,0.0575997025311,0.0575838392145,0.0579962854458,0.0586784080591,0.0583928683605,0.0591067176069,0.0596302070544,0.0599950633359,0.0602488764013,0.0616607115776,0.0625649206231,0.0626283738895,0.0619779779094,0.0617558914771,0.0623904241407,0.0618827980099,0.062184201025,0.0622159276582,0.0624380140904,0.0623745608241,0.062263517608,0.0629773668544,0.0634532663521,0.0645795618298,0.064880964845,0.0659913970061,0.0668638794185,0.0674508221322,0.0681646713787,0.0690847437408,0.0706869387162,0.0716228743949,0.0729871196215,0.0739230553002,0.0753348904765,0.0766039558035,0.0765563658538,0.0773971216329,0.0779682010301,0.0784599638443,0.0786503236434,0.078317193995,0.0783489206282,0.0792531296737,0.0797131658548,0.0795386693723,0.0813153608302,0.082362339725,0.0832506854539,0.083092052288,0.0830444623383,0.0843452542985,0.0845832040473,0.0841866211326,0.0837900382179,0.0849956502786,0.0839486713838,0.0831079156046,0.0836948583184,0.0841548944994,0.0853287799269,0.0859315859573,0.0870420181184,0.087327557817,0.0876924140986,0.0877400040483,0.0884221266616,0.0889773427422,0.088485579928,0.0892787457574,0.0895166955062,0.0899291417375,0.0898815517877,0.0901512281697,0.0907698975166,0.0909126673659,0.0912457970143,0.0921658693764,0.0924989990247,0.0927686754067,0.0928162653565,0.0926100422408,0.092721085457,0.0930383517887,0.0938949708845,0.0940694673669,0.0948467698797,0.0960523819404,0.0972738573177,0.0971310874684,0.0975911236495,0.0981622030466,0.0988919156097,0.0988919156097,0.0996850814391,0.101112779932,0.101081053299,0.100589290485,0.100303750786,0.101207959832,0.101033463349,0.101001736716,0.101319003048,0.10228666536,0.102064578927,0.101556952796,0.101937672395,0.102334255309,0.102334255309,0.102984651289,0.104459939732,0.105015155813,0.105665551793,0.10618904124,0.106204904557,0.107220156818,0.108171955814,0.108552675412,0.109155481442,0.10898098496,0.108965121643,0.11028177692,0.110836993,0.111439799031,0.113089583956,0.112486777926,0.113327533705,0.113977929685,0.114818685464,0.116087750791,0.116880916621,0.116991959837,0.117118866369,0.117594765867,0.117166456319,0.118578291495,0.118800377928,0.118752787978,0.119926673405,0.121211602049,0.122385487477,0.123337286472,0.124606351799,0.125161567879,0.126208546774,0.127033439237,0.128445274413,0.129698476424,0.131142038233,0.131268944766,0.13176070758,0.132109700545,0.13310908949,0.134980960847,0.13585344326,0.136424522657,0.137645998034,0.138930926678,0.13850261713,0.138835746778,0.139739955824,0.141373877432,0.14194495683,0.142325676428,0.14389614477,0.14519693673,0.144958986981,0.146577045273,0.148020607083,0.14928967241,0.150130428189,0.150876004069,0.151811939747,0.151780213114,0.152176796029,0.153350681456,0.154810106582,0.154857696532,0.155825358844,0.156856474422,0.158220719649,0.158966295529,0.160552627187,0.162218275429,0.164264643269,0.165311622164,0.166596550807,0.167484896536,0.168833278446,0.170752739753,0.171482452316,0.172386661362,0.172402524679,0.173846086488,0.175178605081,0.177193246288,0.177272562871,0.178731987997,0.17946170056,0.179223750811,0.179398247294,0.180968715636,0.182729543777,0.183205443275,0.183586162873,0.183649616139,0.185378717648,0.186727099558,0.18834515785,0.191359188001,0.194373218153,0.196134046294,0.197212751822,0.200210918657,0.201749660366,0.202590416146,0.204589194036,0.205604446297,0.207159051323,0.208507433233,0.210268261374,0.211997362882,0.214884486501,0.214900349818,0.215931465396,0.218263372935,0.21926276188,0.220738050322,0.221515352835,0.221562942785,0.222070568916,0.221642259368,0.221039453337,