# R script for Peak Model
#  -- generated by MACS
p <- c(0.0345475209953,0.0395536108211,0.0449997964557,0.050280946162,0.0556721198205,0.0566623353904,0.0557271317966,0.0549569641311,0.0550669880833,0.0545168683222,0.0546268922744,0.0553420479638,0.0557821437727,0.056442287486,0.0567723593426,0.0563872755099,0.0570474192232,0.0566623353904,0.0565523114382,0.0575975389842,0.0562222395816,0.0561122156293,0.0557821437727,0.0549569641311,0.0545168683222,0.0561672276054,0.0562772515577,0.0569924072471,0.0561122156293,0.0560572036532,0.0575975389842,0.0582026707214,0.0591928862913,0.0588628144347,0.0594679461719,0.0585327425781,0.0583126946736,0.0578175868887,0.0583677066497,0.0583677066497,0.0582576826975,0.0580376347931,0.0571024311993,0.057487515032,0.0575425270081,0.0579276108409,0.057982622817,0.0586427665303,0.0589178264108,0.059027850363,0.059027850363,0.0589728383869,0.0599080419807,0.0607332216223,0.0612833413834,0.0609532695268,0.061558401264,0.0612833413834,0.0619434850967,0.0616684252162,0.0611733174312,0.0618334611445,0.060568185694,0.0598530300046,0.0589728383869,0.0587527904825,0.059027850363,0.057982622817,0.0571574431754,0.0572124551515,0.0567173473665,0.0558371557488,0.0577625749126,0.0582576826975,0.0590828623391,0.0602381138374,0.0596329821002,0.0608982575507,0.062108521025,0.0620535090489,0.0644740359976,0.0649691437826,0.0643640120454,0.0643640120454,0.0642539880932,0.0643640120454,0.0648591198304,0.0644190240215,0.063098736595,0.064143964141,0.0628236767144,0.06260362881,0.0620535090489,0.062108521025,0.0622735569533,0.0606782096462,0.0608432455746,0.061063293479,0.0615033892878,0.0611183054551,0.060568185694,0.0616684252162,0.0612833413834,0.0611733174312,0.0613383533595,0.0629337006666,0.0628786886905,0.063648856356,0.0631537485711,0.062108521025,0.0635938443799,0.06260362881,0.0632087605472,0.0639789282127,0.0639239162366,0.0629337006666,0.0616684252162,0.0612833413834,0.0629337006666,0.0640339401888,0.0634838204277,0.0622735569533,0.0629887126427,0.0628236767144,0.0626586407861,0.0629887126427,0.0644190240215,0.0643640120454,0.0638138922844,0.0637588803082,0.0622735569533,0.0635938443799,0.0637038683321,0.0633737964755,0.0626586407861,0.0627136527622,0.0622185449772,0.0632087605472,0.0643640120454,0.0645840599499,0.0660693833047,0.0661243952809,0.0650791677348,0.0652992156392,0.0660143713286,0.066179407257,0.0663994551614,0.0652442036631,0.0652992156392,0.064639071926,0.0648591198304,0.0646940839021,0.0646940839021,0.0648591198304,0.0655742755198,0.0655742755198,0.0670595988747,0.0677747545641,0.0663994551614,0.0659043473764,0.065684299472,0.0665094791136,0.0669495749225,0.0665094791136,0.0671146108508,0.0655742755198,0.063648856356,0.0643640120454,0.064639071926,0.0657943234242,0.0649691437826,0.0648041078543,0.0653542276154,0.0649691437826,0.0634838204277,0.0646940839021,0.0645290479737,0.0632637725233,0.0635388324038,0.0634288084516,0.0640339401888,0.0635388324038,0.0625486168339,0.0630437246188,0.0632087605472,0.0649691437826,0.0655192635437,0.0659043473764,0.0661243952809,0.0668945629464,0.0671696228269,0.0679948024685,0.0684348982774,0.0686549461818,0.0691500539667,0.0679948024685,0.0698652096561,0.0690400300145,0.0683798863012,0.0672796467791,0.0667845389941,0.0654642515676,0.0655192635437,0.0659593593525,0.0644190240215,0.064639071926,0.063648856356,0.0639789282127,0.0638689042605,0.0634838204277,0.0645840599499,0.0657393114481,0.0662344192331,0.066729527018,0.0683798863012,0.0677747545641,0.0675547066596,0.0678847785163,0.0676647306119,0.0693701018712,0.0691500539667,0.0684899102535,0.0681598383968,0.0681048264207,0.0692050659429,0.0695901497756,0.0690950419906,0.0693701018712,0.0699202216322,0.0697001737278,0.0688199821101,0.0705803653455,0.0711304851066,0.0697001737278,0.0685449222296,0.0685999342057,0.068764970134,0.068764970134,0.06981019768,0.0684348982774,0.0687099581579,0.0676097186357,0.0666745150419,0.0674446827074,0.0670595988747,0.0666745150419,0.0664544671375,0.0657393114481,0.0652442036631,0.0659043473764,0.0660693833047,0.0662344192331,0.0670595988747,0.0673346587552,0.068269862349,0.0685999342057,0.0689300060623,0.0687099581579,0.0682148503729,0.0693150898951,0.07080041325,0.0701952815128,0.0700302455845,0.0707454012739,0.0700302455845,0.0695901497756,0.0705253533694,0.072890868342,0.0742111557686,0.0732209401987,0.0721757126526,0.0733309641509,0.073385976127,0.0728358563659,0.0732209401987,0.0736610360075,0.0731659282226,0.0708554252261,0.0697001737278,0.06981019768,0.0705253533694,0.0698652096561,0.0709654491783,0.0700852575606,0.0703603174411,0.0699202216322,0.0689300060623,0.0694251138473,0.0687099581579,0.068764970134,0.0678847785163,0.0690950419906,0.0675547066596,0.0696451617517,0.0687099581579,0.0697001737278,0.0711854970827,0.0725607964854,0.074431203673,0.074926311458,0.0774568623589,0.0796573414032,0.0837832396113,0.0858736947033,0.0899995929114,0.0938504312389,0.0977562815425,0.101332059989,0.104467742628,0.109143760597,0.109363808501,0.111289227665,0.11277455102,0.113434694733,0.114975030064,0.114644958207,0.114534934255,0.116625389347,0.118110712702,0.117065485156,0.118550808511,0.117780640846,0.116680401323,0.116900449228,0.118330760607,0.118440784559,0.118110712702,0.11701047318,0.116350329467,0.117945676774,0.118330760607,0.120201167794,0.122841742647,0.12520725762,0.122786730671,0.124327066002,0.12520725762,0.124052006122,0.123721934265,0.122786730671,0.125262269596,0.124822173787,0.12322682648,0.121411431269,0.122621694743,0.121411431269,0.121686491149,0.123391862408,0.123116802528,0.123446874385,0.120586251627,0.119155940248,0.118825868392,0.118440784559,0.118550808511,0.119045916296,0.119045916296,0.11800068875,0.1192659642,0.119320976177,0.120366203723,0.121191383364,0.121301407316,0.120531239651,0.120146155818,0.121631479173,0.121851527077,0.121906539054,0.123721934265,0.125482317501,0.12520725762,0.125977425285,0.126417521094,0.128893060019,0.1291681199,0.126857616903,0.125867401333,0.125977425285,0.124272054026,0.123886970193,0.124602125883,0.12322682648,0.122621694743,0.123171814504,0.123171814504,0.123666922289,0.125757377381,0.127132676784,0.126032437262,0.125427305524,0.124327066002,0.125097233668,0.126362509118,0.124877185763,0.126307497142,0.127957856425,0.125867401333,0.125152245644,0.125702365405,0.124767161811,0.124437089954,0.123996994146,0.123171814504,0.125372293548,0.124052006122,0.123776946241,0.124547113907,0.124987209716,0.124547113907,0.125427305524,0.125427305524,0.124767161811,0.124657137859,0.122456658815,0.122346634862,0.121576467197,0.122071574982,0.12196155103,0.121411431269,0.121411431269,0.122346634862,0.123391862408,0.123666922289,0.123556898337,0.123501886361,0.125867401333,0.125372293548,0.126032437262,0.126967640855,0.127022652832,0.127022652832,0.127297712712,0.127627784569,0.128012868401,0.127737808521,0.126967640855,0.128067880378,0.128232916306,0.130378383374,0.129773251637,0.130873491159,0.131863706729,0.133459054036,0.134009173797,0.135274449248,0.134614305534,0.133844137869,0.133128982179,0.131258574992,0.13241382649,0.132578862418,0.132743898347,0.133128982179,0.132193778586,0.130708455231,0.130543419302,0.130653443255,0.131258574992,0.131808694753,0.131588646848,0.130983515111,0.130488407326,0.127297712712,0.12746274864,0.127022652832,0.126252485166,0.128397952234,0.127572772593,0.128397952234,0.128673012115,0.128893060019,0.130323371398,0.132523850442,0.133734113917,0.134504281582,0.1353844732,0.132743898347,0.132028742657,0.131973730681,0.130323371398,0.131093539063,0.127902844449,0.127737808521,0.127517760616,0.127407736664,0.128397952234,0.127407736664,0.126967640855,0.125097233668,0.125702365405,0.124162030074,0.12619747319,0.126142461214,0.125262269596,0.12619747319,0.125812389357,0.1291681199,0.128838048043,0.12944317978,0.130708455231,0.133624089964,0.133239006132,0.132963946251,0.133183994156,0.133899149845,0.132523850442,0.132743898347,0.133734113917,0.134614305534,0.13466931751,0.132798910323,0.132083754633,0.132248790562,