# R script for Peak Model
#  -- generated by MACS
p <- c(0.0349507987204,0.0411198380563,0.0473101499417,0.0530537382889,0.0593078678226,0.0595844109652,0.0594142305698,0.059329140372,0.0588611442845,0.0592865952732,0.0587973266362,0.0587547815373,0.0583293305486,0.0580315148565,0.0572869756263,0.0569891599343,0.0576273364173,0.0579676972082,0.0580740599554,0.0577336991645,0.0586271462407,0.0588611442845,0.0589887795811,0.0596269560641,0.0597758639101,0.0598609541079,0.0599247717562,0.0598396815584,0.0602438599977,0.0601587698,0.059669501163,0.0597333188113,0.0590951423282,0.0587547815373,0.0590100521305,0.0583931481969,0.0576698815162,0.0577549717139,0.0569891599343,0.057223157978,0.0573720658241,0.0566487991433,0.0572018854286,0.0572444305275,0.0573933383735,0.0581166050543,0.0587547815373,0.0589462344822,0.0602651325471,0.0603502227449,0.0603289501954,0.0605842207886,0.0608820364807,0.0611798521728,0.0609033090302,0.0607118560852,0.0602438599977,0.0601587698,0.0589249619328,0.058690963889,0.0583080579992,0.0583718756475,0.0577336991645,0.0577762442633,0.0577975168128,0.0571806128792,0.0579251521094,0.0576060638679,0.0577975168128,0.0577549717139,0.0579038795599,0.0580740599554,0.0581804227026,0.0578826070105,0.0572444305275,0.0576486089667,0.057074250132,0.0580102423071,0.058201695252,0.0579889697577,0.0577975168128,0.0575209736701,0.0576060638679,0.0577549717139,0.0584995109441,0.0587335089879,0.0590525972294,0.058350603098,0.0584356932958,0.0591164148777,0.0598609541079,0.0601374972505,0.0603289501954,0.0607756737335,0.0607756737335,0.0604140403932,0.060456585492,0.0608394913819,0.0601587698,0.0594993207675,0.0596907737124,0.0600949521517,0.0606693109864,0.0609883992279,0.0611585796234,0.0613925776671,0.0614989404143,0.0608394913819,0.0609671266785,0.0609883992279,0.0599885894045,0.0599460443056,0.0597333188113,0.0591164148777,0.0591164148777,0.0587122364384,0.0579251521094,0.058350603098,0.0587122364384,0.0590313246799,0.0593504129215,0.0589675070316,0.0586058736913,0.0581378776037,0.0582655129003,0.0585633285924,0.0595418658664,0.0593716854709,0.0589249619328,0.0592015050754,0.0595418658664,0.059329140372,0.059180232526,0.0593929580203,0.0587547815373,0.0583293305486,0.0578400619116,0.0578187893622,0.0582867854497,0.0580102423071,0.0574784285712,0.0574571560218,0.0579251521094,0.0580953325048,0.058839871735,0.0594993207675,0.0599460443056,0.0597120462618,0.0601800423494,0.059967316855,0.0599885894045,0.059669501163,0.0594567756686,0.0599460443056,0.0598822266573,0.0600736796022,0.0592015050754,0.0600311345034,0.0600098619539,0.0598822266573,0.059967316855,0.0603289501954,0.0605416756898,0.0595844109652,0.0592015050754,0.0594142305698,0.0594993207675,0.0590525972294,0.0586696913396,0.0593078678226,0.059329140372,0.0594993207675,0.0594142305698,0.059669501163,0.059180232526,0.0584356932958,0.0588611442845,0.0587547815373,0.0590100521305,0.0586271462407,0.0594993207675,0.0597545913607,0.0590100521305,0.0590951423282,0.0594142305698,0.0609883992279,0.0604778580415,0.0606480384369,0.0602225874483,0.060456585492,0.0600098619539,0.0594993207675,0.060456585492,0.0603289501954,0.061584030612,0.0603502227449,0.0613500325683,0.0614776678649,0.0619456639524,0.0628391110287,0.0623923874905,0.0626902031826,0.0627540208309,0.0631369267207,0.0617329384581,0.0622009345456,0.0616265757109,0.0617542110075,0.0618818463041,0.0616053031615,0.062073299249,0.0620307541502,0.0620945717985,0.0623285698422,0.0631794718196,0.0628391110287,0.0636687404566,0.0638601934015,0.0637963757532,0.0636687404566,0.0633283796657,0.063200744369,0.0631156541713,0.0633071071162,0.062902928677,0.0629242012264,0.0623285698422,0.0627540208309,0.0630731090724,0.0634347424128,0.0637751032038,0.0640516463464,0.0643494620385,0.064519642434,0.0646260051811,0.0650727287193,0.0652216365653,0.0644770973351,0.0644345522362,0.0639452835992,0.0638814659509,0.0644983698845,0.0646898228294,0.0643281894891,0.0650301836204,0.0649876385215,0.0653492718619,0.0654130895102,0.0659236306966,0.0663703542347,0.0663916267842,0.0657321777517,0.0660512659932,0.0661789012898,0.0655832699057,0.065647087554,0.0656045424551,0.0661576287404,0.0653492718619,0.0646472777306,0.0651152738181,0.0659661757955,0.0647323679283,0.0644558247857,0.0642430992913,0.0642856443902,0.0643920071374,0.0639665561487,0.0637963757532,0.0644558247857,0.0643920071374,0.0631581992702,0.0636687404566,0.0645621875328,0.0654769071585,0.0656045424551,0.0650301836204,0.0654981797079,0.0658810855978,0.0652216365653,0.0648812757744,0.0655832699057,0.0657321777517,0.0655194522574,0.0657747228506,0.0655194522574,0.0661150836415,0.0660725385427,0.0662427189381,0.0667532601246,0.0673701640582,0.0680296130906,0.0689868778152,0.0692208758589,0.068880515068,0.0686677895736,0.0683487013321,0.0689443327163,0.0696463268476,0.0704546837261,0.070646136671,0.0715183111978,0.0717097641427,0.0726244837684,0.0742411975254,0.0768151760069,0.0784531623134,0.0795380623345,0.0812611388387,0.082792762398,0.0846860192976,0.0857496467693,0.0870259997354,0.0876003585701,0.0879194468116,0.0877279938667,0.0883023527014,0.0894510703709,0.0893659801731,0.0887916213384,0.0888979840856,0.0882385350531,0.0874514507241,0.0873238154274,0.0884512605475,0.0893234350743,0.0893872527226,0.0884938056463,0.0886001683935,0.0888979840856,0.0892808899754,0.089897793909,0.090876331183,0.0915357802154,0.0913655998199,0.091663415512,0.0919612312041,0.0923015919951,0.0930035861264,0.0938544881038,0.0932588567196,0.0929823135769,0.0934503096645,0.0934077645656,0.0923866821928,0.0923441370939,0.0935779449611,0.0938119430049,0.0931950390713,0.0928759508298,0.0931099488736,0.0940672135981,0.0954073842124,0.0962157410909,0.0971730058155,0.0974708215076,0.0972368234638,0.0977048195513,0.0983642685838,0.0990449901657,0.099746984297,0.100704249022,0.0994704411544,0.0996406215499,0.0995555313521,0.0987684470231,0.0980239077929,0.0983855411332,0.0980239077929,0.0978111822985,0.0982153607378,0.0970240979695,0.0970453705189,0.0973006411121,0.098619539177,0.0999809823408,0.100704249022,0.100704249022,0.101384970603,0.102512415723,0.103150592207,0.103256954954,0.104299309876,0.104086584382,0.103618588294,0.103427135349,0.103618588294,0.103448407899,0.102788958866,0.102001874537,0.1015126059,0.102448598075,0.102108237284,0.102767686317,0.102831503965,0.103618588294,0.103618588294,0.10378876869,0.104958758908,0.105618207941,0.105873478534,0.106107476578,0.107192376599,0.107383829544,0.107468919742,0.106937106006,0.108681455059,0.109851445278,0.109319631542,0.109085633499,0.109596174685,0.110489621761,0.109808900179,0.110042898223,0.110957617849,0.111829792376,0.111106525695,0.111404341387,0.112659421804,0.114637768901,0.115743941472,0.114722859099,0.115892849318,0.116573570899,0.116424663053,0.117126657185,0.118126467008,0.119658090567,0.119977178809,0.119445365073,0.118977368986,0.120849353336,0.120487719995,0.120870625885,0.122487339642,0.122338431796,0.121998071005,0.121210986676,0.122125706302,0.123168061224,0.123955145553,0.124529504388,0.126486578936,0.127039665221,0.127614024056,0.127869294649,0.12857128878,0.128784014275,0.129294555461,0.130209275087,0.130783633922,0.13120908491,0.13084745157,0.131102722163,0.130507090779,0.130953814317,0.131570718251,0.132698163371,0.133400157502,0.13195362414,0.132293984931,0.131698353547,0.13233653003,0.133719245743,0.13384688104,0.135144506556,0.134570147721,0.13499559871,0.136250679126,0.137867392883,0.138016300729,0.139462834091,0.139888285079,0.139930830178,0.14063282431,0.140951912551,0.142802624352,0.143291892989,0.143121712593,0.144780971449,0.146057324415,0.14812076171,0.149397114676,0.150928738236,0.152864540234,0.153545261816,0.153672897113,0.155098157925,0.156842506978,0.156055422649,0.156608508935,0.156055422649,0.155949059902,0.156076695199,0.156076695199,0.157076505022,0.158629401131,0.159437758009,0.158735763878,0.160416295283,0.16128846981,0.162330824732,0.163351907105,0.163351907105,0.164521897324,0.165351526752,0.165755705191,0.166436426773,