# R script for Peak Model
#  -- generated by MACS
p <- c(0.037275594041,0.0432947522388,0.0496917948077,0.0557379447463,0.0619460451297,0.0611632846465,0.0605154828674,0.0602455654594,0.0607584085346,0.0608933672386,0.0617301112033,0.0618920616481,0.0620540120928,0.0625128716864,0.0620000286112,0.0627827890944,0.0631336817247,0.0630257147615,0.0628097808352,0.0628097808352,0.0614332020545,0.0604884911266,0.0595437801987,0.058437118826,0.0586530527524,0.0587880114564,0.0581941931588,0.0584911023076,0.0588689866788,0.0596517471619,0.0607584085346,0.0615411690177,0.0615411690177,0.0615141772769,0.0618110864257,0.0621889707968,0.062836772576,0.0623239295008,0.0615951524993,0.0600026397922,0.0597597141251,0.0604884911266,0.0611902763873,0.0613792185729,0.0608663754978,0.0608123920162,0.0608123920162,0.0613252350913,0.0606234498306,0.0612442598689,0.0608123920162,0.0607314167938,0.0610283259425,0.0610823094241,0.0612982433505,0.0613252350913,0.0611632846465,0.0599216645699,0.0612712516097,0.0614062103137,0.0621079955744,0.0610553176833,0.0608933672386,0.0610283259425,0.060839383757,0.0603265406818,0.0595707719395,0.0602455654594,0.0590039453828,0.0597057306435,0.0597867058659,0.060704425053,0.0606774333122,0.0606774333122,0.0612982433505,0.0607854002754,0.0615681607585,0.0615141772769,0.0626208386496,0.0622429542784,0.062566855168,0.0618650699073,0.0617301112033,0.0611362929057,0.062161979056,0.0630796982431,0.0626748221312,0.0633496156511,0.0633496156511,0.0625398634272,0.0615681607585,0.0615951524993,0.0618110864257,0.062566855168,0.0619190533889,0.0613522268321,0.0607854002754,0.0598946728291,0.0594358132355,0.060704425053,0.0609203589794,0.0614332020545,0.0608663754978,0.0607584085346,0.0595977636803,0.060029631533,0.0611902763873,0.0611902763873,0.0615141772769,0.0613522268321,0.0616491359809,0.0621349873152,0.062431896464,0.0629987230207,0.0641863596158,0.0635925413183,0.0635385578367,0.0637814835039,0.0634305908735,0.0629987230207,0.0628097808352,0.0626208386496,0.0628907560576,0.062566855168,0.0616761277217,0.0624049047232,0.0624588882048,0.0629447395391,0.0634035991327,0.0625938469088,0.0626478303904,0.062027020352,0.0617571029441,0.0622429542784,0.0631876652063,0.0630527065023,0.0628097808352,0.0625398634272,0.062701813872,0.0639434339486,0.0638354669855,0.0637005082815,0.0635655495775,0.0634845743551,0.0633226239103,0.0626478303904,0.062836772576,0.0635925413183,0.0628637643168,0.0630527065023,0.0637005082815,0.0630527065023,0.0636195330591,0.0634575826143,0.0632416486879,0.0641053843934,0.0629987230207,0.0620540120928,0.062701813872,0.0629717312799,0.0623779129824,0.0626478303904,0.0621349873152,0.0618380781665,0.062161979056,0.0613792185729,0.0620810038336,0.0632686404287,0.0628097808352,0.0622699460192,0.0621079955744,0.0634035991327,0.0631606734655,0.0638624587263,0.0637275000223,0.0643213183198,0.0641323761342,0.0637544917631,0.0633226239103,0.0635925413183,0.0639164422078,0.0637814835039,0.0639704256894,0.0632956321695,0.0628097808352,0.062431896464,0.0632686404287,0.0627827890944,0.0631336817247,0.0624588882048,0.062161979056,0.0613792185729,0.0614332020545,0.0611902763873,0.0610283259425,0.060704425053,0.0600566232738,0.0598406893475,0.0603535324226,0.0607584085346,0.0607584085346,0.0612982433505,0.0610283259425,0.0618650699073,0.06229693776,0.0634845743551,0.0640514009118,0.064159367875,0.0642133513566,0.064159367875,0.0644562770238,0.0646452192094,0.0649961118397,0.064699202691,0.0642403430974,0.0636195330591,0.0631066899839,0.0629717312799,0.0635115660959,0.0637544917631,0.0634305908735,0.0633496156511,0.0632416486879,0.0629987230207,0.0629177477984,0.0638894504671,0.0645372522462,0.0652120457661,0.064834161395,0.0643213183198,0.0649421283581,0.0646452192094,0.0646452192094,0.0651310705437,0.0659948062492,0.0646722109502,0.0643213183198,0.064024409171,0.0642673348382,0.0641053843934,0.0636465247999,0.0636465247999,0.0639974174302,0.064429285283,0.0641863596158,0.0643753018014,0.0648881448765,0.0655359466557,0.0649961118397,0.0649691200989,0.064699202691,0.0648611531358,0.0649961118397,0.0641863596158,0.0647801779134,0.0649961118397,0.0644022935422,0.0639704256894,0.0644832687646,0.0656439136189,0.0663456988796,0.0669395171771,0.0670204923995,0.0672364263259,0.0672094345851,0.0683430876986,0.0681811372538,0.0678572363642,0.0686399968474,0.0683160959578,0.067884228105,0.0674793519931,0.0671824428443,0.0677492694011,0.0685320298842,0.0667235832508,0.0676143106971,0.0683160959578,0.0675063437339,0.0676952859195,0.0679382115866,0.068019186809,0.068019186809,0.0672634180667,0.0662377319164,0.0673983767707,0.0664806575836,0.0667505749916,0.0671824428443,0.0671284593627,0.0674793519931,0.0676682941787,0.0682081289946,0.0691528399225,0.0696116995161,0.0711502287415,0.0722568901142,0.0723108735958,0.0726347744854,0.0733365597461,0.074011353266,0.0748480972307,0.0770074364945,0.0783840152752,0.0793017344623,0.0805163627981,0.0820548920236,0.0843491899914,0.085860727476,0.086130644884,0.0864545457735,0.0872373062567,0.0870483640711,0.0871293392935,0.0880200667398,0.0867784466631,0.0865355209959,0.0870213723303,0.0868324301447,0.0882899841478,0.0896935546692,0.0902333894852,0.0909891582275,0.0911781004131,0.0906922490787,0.0931484974913,0.0949029606431,0.0936613405664,0.0945790597535,0.0939042662336,0.0936613405664,0.0940662166784,0.093850282752,0.0940392249376,0.0949839358655,0.0932834561952,0.0928245966017,0.0934723983808,0.0932294727136,0.093175489232,0.0934993901216,0.0939312579744,0.0929595553057,0.0939042662336,0.0949029606431,0.095172878051,0.0949839358655,0.095712712867,0.0957666963486,0.0964414898685,0.0966034403133,0.0966574237949,0.0977370934268,0.097440184278,0.0971972586108,0.0979260356124,0.0975481512412,0.0972782338332,0.0977640851676,0.0995455400602,0.0996535070234,0.100058383135,0.100598217951,0.101192036249,0.100409275766,0.100355292284,0.101785854546,0.101515937138,0.101677887583,0.0992216391706,0.0990596887258,0.0990596887258,0.0995185483194,0.100274317062,0.100463259247,0.100922118841,0.0997344822458,0.100085374876,0.099167655689,0.100058383135,0.100949110582,0.101542928879,0.101515937138,0.100490250988,0.100733176655,0.101785854546,0.103081458105,0.104242102959,0.105456731295,0.105942582629,0.105807623925,0.105456731295,0.105996566111,0.106455425704,0.10731916141,0.106590384408,0.105726648703,0.104673970812,0.103999177292,0.10461998733,0.104161127737,0.104296086441,0.104377061663,0.105429739554,0.10561868174,0.105672665221,0.106482417445,0.107912979707,0.108749723672,0.10937053371,0.110450203342,0.110099310712,0.110315244638,0.109802401563,0.109829393304,0.110126302453,0.111637839937,0.112015724309,0.11309539394,0.112798484792,0.113797179201,0.113716203979,0.114202055313,0.114148071832,0.114579939684,0.11476888187,0.11374319572,0.113500270052,0.11239360868,0.113203360904,0.112231658235,0.113986121387,0.114471972721,0.114390997499,0.11476888187,0.114687906647,0.116307411095,0.116226435873,0.117683989876,0.118547725581,0.120491130919,0.120221213511,0.12051812266,0.123325263703,0.124485908557,0.126591264339,0.126591264339,0.12931743016,0.130505066755,0.130505066755,0.130990918089,0.131584736387,0.131746686831,0.130801975903,0.130909942867,0.129992223679,0.130559050236,0.129641331049,0.128750603603,0.128021826601,0.127751909193,0.128264752268,0.128426702713,0.128831578825,0.130855959385,0.132502455574,0.132826356463,0.131827662054,0.133447166502,0.134256918725,0.134121960021,0.134769761801,0.136551216693,0.137306985436,0.136524224952,0.135741464469,0.135714472728,0.13744194414,0.136821134101,0.137846820251,0.13846763029,0.139088440328,0.136740158879,0.138008770696,0.137846820251,0.138899498143,0.140033151256,0.141706639185,0.142759317077,0.144108904116,0.144648738932,0.146079301195,0.148076690014,0.147293929531,0.148157665236,0.148724491793,0.148562541348,0.147374904753,0.14794173131,0.148454574385,0.149075384423,0.148346607422,0.149588227498,0.150802855834,0.150775864093,0.151720575021,0.152800244653,0.153394062951,