# R script for Peak Model
#  -- generated by MACS
p <- c(0.0337302740944,0.0394045258112,0.0451488300183,0.051208370432,0.0565323596971,0.0555516248325,0.0553414673615,0.0562521497358,0.0565323596971,0.0570577533746,0.0566024121875,0.0561120447551,0.0560069660196,0.0553064411163,0.0557267560583,0.0563922547165,0.0572328846004,0.0567775434133,0.0570227271294,0.0562521497358,0.0557267560583,0.0557617823035,0.0562171234906,0.0570227271294,0.0566374384326,0.0563922547165,0.055866861039,0.0563922547165,0.056287175981,0.0565323596971,0.0574080158263,0.0574080158263,0.0569877008843,0.0570227271294,0.0573379633359,0.0569176483939,0.0578283307682,0.0580735144844,0.0578983832586,0.0580735144844,0.0575481208069,0.0577933045231,0.0581435669747,0.0583887506909,0.0588090656329,0.0587740393877,0.0577933045231,0.0573029370908,0.0569877008843,0.0568125696584,0.0567425171681,0.0570577533746,0.0569176483939,0.0557968085486,0.0559719397745,0.0563922547165,0.0561120447551,0.0565323596971,0.0579334095037,0.0589491706135,0.0593694855555,0.0583537244457,0.0583887506909,0.0592293805749,0.0590192231039,0.0597197480072,0.0589141443684,0.0587740393877,0.0579684357489,0.0572328846004,0.0567425171681,0.0575831470521,0.0573379633359,0.0565323596971,0.0560069660196,0.0557968085486,0.0562521497358,0.0563922547165,0.0571978583553,0.0563222022261,0.0563922547165,0.0563572284713,0.0567775434133,0.0564623072068,0.0566374384326,0.056287175981,0.0575831470521,0.0577933045231,0.0567425171681,0.0578633570134,0.0589141443684,0.0588090656329,0.0588090656329,0.05926440682,0.0596146692717,0.0594395380459,0.0588791181232,0.0584237769361,0.0584588031812,0.0578983832586,0.0575481208069,0.0570227271294,0.0575130945618,0.0578283307682,0.0574430420714,0.0581435669747,0.0578633570134,0.0583186982006,0.0586339344071,0.0591943543297,0.0585989081619,0.0589141443684,0.0587039868974,0.059054249349,0.059474564291,0.0585989081619,0.0582836719554,0.0580034619941,0.0574080158263,0.0574080158263,0.0576531995424,0.0587740393877,0.05926440682,0.058844091878,0.0586689606522,0.0587740393877,0.0584588031812,0.0590892755942,0.06136598153,0.0616812177364,0.0624868213753,0.0618213227171,0.0614010077751,0.060945666588,0.0610507453235,0.0612258765493,0.0631873462786,0.0625919001108,0.061576139001,0.0614710602655,0.0608405878525,0.0617862964719,0.0604202729105,0.0607004828718,0.0602451416847,0.0602801679298,0.0601750891943,0.0604552991557,0.0608055616073,0.061155824059,0.0623116901494,0.0614010077751,0.0633975037496,0.0638878711819,0.0645883960852,0.064763527311,0.0638528449367,0.0636777137109,0.0628370838269,0.0630122150527,0.0620314801881,0.0618913752074,0.0617512702268,0.0624517951301,0.0625218476204,0.0616812177364,0.0622766639043,0.0625568738656,0.0633274512592,0.0628721100721,0.0638878711819,0.0639929499174,0.0635726349754,0.0636426874657,0.0642031073884,0.0652188684982,0.064763527311,0.064763527311,0.0640279761625,0.0638528449367,0.0623116901494,0.0627320050914,0.0619614276978,0.0619614276978,0.0605603778912,0.0602451416847,0.0602801679298,0.0600700104588,0.0605603778912,0.0606654566267,0.0609806928331,0.0610857715686,0.0610157190783,0.0595095905362,0.0598248267427,0.0606654566267,0.0603852466653,0.0602451416847,0.0607004828718,0.0611207978138,0.0612609027945,0.0609106403428,0.0611207978138,0.0619264014526,0.0621365589236,0.0619964539429,0.0626269263559,0.0629421625624,0.0628020575817,0.0631172937882,0.0642031073884,0.0652188684982,0.065393999724,0.0660945246273,0.0657092359305,0.0657092359305,0.0659894458918,0.0663046820983,0.0665148395693,0.0649036322917,0.0644482911045,0.0652188684982,0.0654290259692,0.0649386585368,0.0663046820983,0.0660594983821,0.0659894458918,0.0661295508725,0.0650787635175,0.0660945246273,0.0664097608338,0.0653589734788,0.065183842253,0.0653589734788,0.0652188684982,0.0655341047047,0.0658493409111,0.0652188684982,0.0652188684982,0.065814314666,0.0646584485755,0.0642731598787,0.0647285010658,0.0644132648594,0.0642031073884,0.0646234223304,0.0644132648594,0.0642731598787,0.0657092359305,0.0651137897627,0.066024472137,0.0667950495306,0.0667950495306,0.0679509156211,0.0683011780727,0.0682661518276,0.0678108106404,0.0677757843952,0.0673204432081,0.0667950495306,0.0660945246273,0.066444787079,0.0664097608338,0.0659193934015,0.0660945246273,0.0653589734788,0.0656391834402,0.0665848920596,0.0663046820983,0.0672503907178,0.0684763092986,0.0679509156211,0.0685113355437,0.0680910206017,0.0667600232854,0.0667600232854,0.0669351545113,0.0675656269243,0.0681260468469,0.0681960993372,0.0674255219436,0.0671803382274,0.0676356794146,0.0679509156211,0.0688966242405,0.0695971491439,0.0705078315182,0.0710682514408,0.0707880414795,0.071313435157,0.0715586188731,0.0720840125506,0.0716987238538,0.0714885663828,0.0719088813248,0.0718038025893,0.070893120215,0.0698073066148,0.0701575690665,0.0701925953117,0.0717687763441,0.0733099311314,0.0754465320865,0.0780034479836,0.080840573842,0.0853589594683,0.0928195496886,0.101190822283,0.108756491239,0.116252107704,0.12164614946,0.126900086235,0.132118996764,0.139054193307,0.144132998856,0.146619862263,0.145849284869,0.145008654985,0.145919337359,0.144868550005,0.147740702108,0.148125990805,0.149421961876,0.150157513025,0.149421961876,0.149982381799,0.150437722986,0.151173274134,0.151593589076,0.151908825283,0.149842276818,0.149772224328,0.149071699424,0.147635623373,0.147950859579,0.147250334676,0.148511279502,0.147740702108,0.14598938985,0.146094468585,0.145323891192,0.145744206134,0.145674153643,0.145428969927,0.145358917437,0.146654888508,0.147180282185,0.148756463218,0.149772224328,0.151873799038,0.153029665128,0.15236416647,0.152644376431,0.153835268767,0.15337992758,0.153870295012,0.154325636199,0.15344998007,0.153309875089,0.153134743864,0.153064691373,0.154956108612,0.155516528535,0.154816003632,0.156427210909,0.156041922212,0.154921082367,0.154991134857,0.154991134857,0.154360662444,0.155761712251,0.15562160727,0.154956108612,0.155796738496,0.155201292328,0.155411449799,0.156182027193,0.155831764741,0.156041922212,0.15555155478,0.154220557464,0.152889560147,0.152854533902,0.150823011683,0.149947355554,0.149842276818,0.149807250573,0.149351909386,0.149456988121,0.150998142908,0.151488510341,0.153274848844,0.153695163786,0.155306371064,0.155061187348,0.155026161103,0.154360662444,0.156076948457,0.156252079683,0.15548150229,0.155131239838,0.153309875089,0.152994638883,0.153099717618,0.155131239838,0.155656633515,0.157162762058,0.156427210909,0.156497263399,0.155901817232,0.157162762058,0.158844021826,0.160560307839,0.158984126806,0.159544546729,0.158844021826,0.15772318198,0.157442972019,0.156322132174,0.155971869722,0.155831764741,0.156462237154,0.155446476045,0.157863286961,0.158423706884,0.15880899558,0.159054179297,0.159614599219,0.160630360329,0.16287204002,0.163397433697,0.162241567607,0.16497361473,0.16504366722,0.163922827375,0.164238063581,0.165183772201,0.166865031968,0.169632105337,0.170052420279,0.169737184072,0.170752945182,0.171768706292,0.170647866446,0.171943837517,0.172889546137,0.172294099969,0.17141844384,0.170998128898,0.17040268273,0.170367656485,0.171068181388,0.169211790395,0.171803732537,0.171173260124,0.170858023917,0.172083942498,0.174325622189,0.172959598627,0.174325622189,0.173835254756,0.174430700924,0.173484992305,0.171278338859,0.172364152459,0.174570805905,0.175271330808,0.173379913569,0.175166252073,0.173835254756,0.176567301879,0.177197774292,0.177618089234,0.179509506473,0.179859768925,0.179614585209,0.180210031377,0.181576054938,0.182311606086,0.184062918345,0.182556789803,0.182766947274,0.183957839609,0.183992865854,0.1851137057,0.185148731945,0.184518259532,0.18633962428,0.186514755506,0.187495490371,0.188826487687,0.189772196307,0.190332616229,0.190332616229,0.191173246113,0.191138219868,0.190858009907,0.1916285873,0.191908797262,0.192013875997,0.192959584617,0.193099689597,0.192294085959,0.192889532126,0.192434190939,0.193555030785,0.195411421778,0.195061159327,0.195971841701,0.197337865262,0.198738915069,0.198318600127,