# R script for Peak Model
#  -- generated by MACS
p <- c(0.0289532915445,0.0338433035706,0.0386228068503,0.0439272266753,0.0494802911795,0.0497289358588,0.0495355455527,0.049646054299,0.0500328349113,0.0494250368063,0.0490658833807,0.0488172387014,0.0486514755818,0.0480989318501,0.0477121512378,0.0477397784244,0.047905541544,0.048237067783,0.0484580852757,0.0486514755818,0.0485685940221,0.048844865888,0.0487896115148,0.0497013086722,0.049646054299,0.0501433436576,0.0497013086722,0.0487343571416,0.048375203716,0.048844865888,0.0484857124623,0.048375203716,0.0478226599842,0.0470490987597,0.0469662172,0.046026892856,0.0461374016023,0.0464689278414,0.0461097744157,0.0453085860047,0.0454743491242,0.0453085860047,0.046026892856,0.0465794365877,0.0462755375353,0.046496555028,0.0461926559755,0.0465794365877,0.0468833356402,0.0469938443866,0.0466899453341,0.0470490987597,0.0470490987597,0.0464413006548,0.0461097744157,0.0463307919084,0.0467175725207,0.0464136734682,0.0469662172,0.0465241822146,0.0473806249988,0.0473529978122,0.0475463881183,0.0474911337451,0.0475740153049,0.047435879372,0.047297743439,0.0470214715731,0.0465241822146,0.0472148618793,0.0472148618793,0.0472424890659,0.0466070637743,0.046496555028,0.0462202831621,0.0474635065586,0.0474635065586,0.0479607959171,0.0474082521854,0.0470490987597,0.0470214715731,0.0467451997073,0.0473253706256,0.0474911337451,0.0481265590367,0.0470490987597,0.0470214715731,0.0471596075061,0.0474635065586,0.0478502871708,0.0474082521854,0.0473253706256,0.0470767259463,0.0468833356402,0.0469938443866,0.0470767259463,0.0479331687306,0.0474635065586,0.0471043531329,0.0468557084536,0.0473529978122,0.047767405611,0.0475740153049,0.0481265590367,0.0473253706256,0.0477397784244,0.0470767259463,0.0475740153049,0.048237067783,0.0480160502903,0.0468833356402,0.0467728268939,0.0473253706256,0.0472424890659,0.0476016424915,0.0480160502903,0.0480436774769,0.0480713046635,0.0482094405964,0.0487619843282,0.0498946989783,0.0500880892844,0.0500880892844,0.0498118174186,0.0500328349113,0.0496736814856,0.0499775805381,0.0503919883369,0.0506130058296,0.0508616505089,0.0504472427101,0.0505024970833,0.0505577514564,0.0509169048821,0.0506958873894,0.050253852404,0.0500052077247,0.0500328349113,0.0497013086722,0.0498394446051,0.0493974096197,0.0493697824331,0.0483199493428,0.0484857124623,0.0489001202611,0.0489830018209,0.0487619843282,0.0485962212087,0.0484304580891,0.0478779143574,0.0484580852757,0.0479884231037,0.0493697824331,0.0489277474477,0.0490935105673,0.0497013086722,0.0497013086722,0.0497289358588,0.0505024970833,0.0502814795906,0.050115716471,0.0501985980308,0.0495355455527,0.050115716471,0.0500604620978,0.0491211377538,0.0500880892844,0.0504748698967,0.0496736814856,0.0498670717917,0.0508616505089,0.0505024970833,0.0511379223748,0.0500604620978,0.0505577514564,0.051193176748,0.0509445320687,0.0506130058296,0.0510274136284,0.0514418214273,0.051055040815,0.0521048739054,0.0516075845468,0.052132501092,0.051994365159,0.0518562292261,0.051055040815,0.0513313126809,0.0512484311211,0.0511102951882,0.0505024970833,0.050585378643,0.0509721592553,0.0509721592553,0.0509169048821,0.0509997864418,0.0523811457713,0.0525469088908,0.0528784351298,0.0532099613689,0.0540387769666,0.0528784351298,0.0528231807567,0.0528784351298,0.0528508079433,0.052933689503,0.0516075845468,0.0510274136284,0.0515523301736,0.0516904661066,0.0505301242698,0.051193176748,0.0512760583077,0.0518286020395,0.0517457204797,0.0521877554651,0.0541492857129,0.054480811952,0.0542597944593,0.0541216585263,0.0550333556837,0.0556135266021,0.0557792897216,0.0555858994155,0.0563042062668,0.0561660703338,0.0551714916167,0.0552267459898,0.0551162372435,0.0547294566313,0.0551162372435,0.0547294566313,0.0544255575788,0.0541769128995,0.0534862332348,0.0538177594738,0.0541492857129,0.0544531847654,0.0539835225934,0.0546189478849,0.0546189478849,0.0546742022581,0.054950474124,0.0557240353484,0.0566081053193,0.0561384431473,0.0561384431473,0.0562489518936,0.0565252237595,0.055889798468,0.0553096275496,0.0559174256546,0.0565528509461,0.056690986879,0.0559726800277,0.0570225131181,0.0566357325058,0.0570225131181,0.057768447156,0.0579065830889,0.0598128589635,0.0598404861501,0.0592879424183,0.059508959911,0.0598404861501,0.059177433672,0.0595918414708,0.059647095844,0.0583486180743,0.0589011618061,0.057630311223,0.0578513287157,0.058238109328,0.0578237015291,0.0574645481035,0.0575750568498,0.0574369209169,0.0574092937303,0.0592050608585,0.0601996395757,0.0606693017477,0.0610837095465,0.0612770998527,0.0619677795174,0.0629899854211,0.0633215116602,0.0634596475931,0.063266257287,0.0630728669809,0.0631281213541,0.0630452397943,0.062796595115,0.0627413407418,0.0629071038614,0.0630728669809,0.0640121913249,0.0645647350567,0.0653106690945,0.0656698225202,0.0653935506543,0.0663052478117,0.0670788090362,0.0689850849108,0.0691232208437,0.0699244092548,0.0712781413976,0.0725213647941,0.0736817066308,0.0752840834529,0.0770522233945,0.0782678196044,0.0797320604936,0.0805885032778,0.0825500335256,0.0836827481757,0.0839037656684,0.0852574978112,0.0856719056101,0.0856719056101,0.0861139405955,0.086279703715,0.0865007212077,0.0867217387004,0.087688690231,0.0878544533505,0.0878544533505,0.0878820805371,0.0879097077237,0.0889871680006,0.0906171720094,0.0907276807557,0.0915564963533,0.0911697157411,0.0902580185837,0.0911144613679,0.0930483644291,0.0939048072133,0.0953137937293,0.0954243024757,0.0943192150122,0.0958663374611,0.0965570171258,0.0973029511637,0.0982975298809,0.0981593939479,0.0964741355661,0.0959492190209,0.0953414209159,0.0949822674903,0.0957282015282,0.0957834559013,0.0954519296623,0.0959492190209,0.0965570171258,0.0968056618051,0.0974687142832,0.0980488852016,0.0993473629712,0.10106024854,0.101004994167,0.101170757286,0.10211008163,0.102856015668,0.103353305027,0.104707037169,0.106281786805,0.107110602403,0.107000093656,0.107000093656,0.108381452986,0.107690773321,0.106447549924,0.107552637388,0.10680670335,0.107663146134,0.107497383015,0.10810518112,0.108409080172,0.10802229956,0.107607891761,0.109348404516,0.110646882286,0.109431286076,0.11045349198,0.109016878277,0.109044505464,0.108823487971,0.10932077733,0.110011456994,0.110867899779,0.111807224123,0.112138750362,0.112995193146,0.114487061222,0.115675030245,0.116614354589,0.117470797373,0.118686393583,0.119432327621,0.119736226673,0.118879783889,0.119901989793,0.121587248175,0.121283349122,0.122830471571,0.123797423102,0.124349966834,0.124018440595,0.12559319023,0.127361330172,0.128880825434,0.129847776965,0.130566083816,0.131892188772,0.131394899414,0.132499986877,0.134074736513,0.135428468655,0.13506931523,0.135621858962,0.137224235784,0.137141354224,0.13628491144,0.136920336731,0.13750050765,0.137804406702,0.138218814501,0.139185766031,0.139379156338,0.138577967926,0.137804406702,0.13968305539,0.141395940958,0.141451195332,0.143467979953,0.143910014938,0.144131032431,0.144655948976,0.146092562678,0.148855281337,0.15020901348,0.151617999996,0.151037829078,0.151728508742,0.152446815594,0.152971732139,0.153413767124,0.153993938043,0.154601736148,0.154297837095,0.15612123141,0.156176485783,0.158276151964,0.159574629734,0.160928361876,0.161508532795,0.163110909617,0.164630404879,0.165763119529,0.166591935127,0.1666471895,0.167116851672,0.169244145039,0.170929403421,0.17134381122,0.173996021133,0.174520937678,0.1761233145,0.176454840739,0.177780945695,0.178720270039,0.179107050651,0.179245186584,0.18090281778,0.181565870258,0.181759260564,0.18316824708,0.184715369529,0.186428255097,0.186594018217,0.188168767852,0.190986740884,0.192147082721,0.19256149052,0.19385996829,0.196346415082,0.198363199703,0.198722353129,0.201319308668,0.204468807939,0.205021351671,0.205297623537,0.207424916904,0.208032715009,0.209193056846,0.210104754003,0.209773227764,0.211596622079,0.212425437677,0.213198998901,0.215353919455,0.216818160344,0.218586300286,0.2208241024,0.222647496714,0.223531566685,0.225493096933,0.226515302837,0.226460048464,0.227178355315,