# R script for Peak Model
#  -- generated by MACS
p <- c(0.0302697451809,0.0349667746056,0.0398203716777,0.0450740860712,0.050414782491,0.0504669717068,0.0510584494862,0.051041053081,0.0508670890282,0.0508844854335,0.0508670890282,0.051423773997,0.051232413539,0.0515803416445,0.0519456661553,0.0516499272656,0.0512498099443,0.0502756112488,0.050606142949,0.0502756112488,0.0506583321649,0.0506583321649,0.0508844854335,0.051232413539,0.0507105213807,0.0509366746493,0.0513193955654,0.0519978553712,0.0521196302081,0.0521022338028,0.0518760805342,0.0514411704023,0.0517021164815,0.0509018818387,0.0501190436013,0.0508844854335,0.0509540710546,0.0512846027548,0.0513019991601,0.0507453141913,0.0506583321649,0.0511976207284,0.050727917786,0.0504495753016,0.0503973860857,0.0496493406588,0.0496493406588,0.0492666197428,0.0485533671264,0.0488491060161,0.0491622413111,0.0486751419634,0.0482576282367,0.0484141958842,0.0488143132056,0.0485707635317,0.0482924210473,0.0482054390209,0.0481358533998,0.048275024642,0.0477357360784,0.0478923037259,0.0488491060161,0.0487273311792,0.0493014125533,0.0492144305269,0.0495797550377,0.0492318269322,0.0493536017691,0.0494927730114,0.0497885119011,0.0494753766061,0.0489360880425,0.0489534844478,0.0488143132056,0.0491448449058,0.0487273311792,0.0486925383686,0.0491100520953,0.048901295232,0.0490056736636,0.0490578628794,0.0492492233375,0.0499972687644,0.0501364400066,0.0501712328171,0.0503625932752,0.0511802243232,0.0515977380498,0.051232413539,0.0511976207284,0.0515107560234,0.0518238913184,0.0506235393543,0.0504495753016,0.0504321788963,0.0506235393543,0.0502582148435,0.0503625932752,0.0509018818387,0.0506583321649,0.0507105213807,0.0499798723591,0.0505887465438,0.0505365573279,0.0505713501385,0.0499450795485,0.0503104040593,0.0498928903327,0.0495101694166,0.0499450795485,0.049910286738,0.050727917786,0.0507975034071,0.051232413539,0.0519804589659,0.0524327655031,0.0514933596181,0.0513889811865,0.0519978553712,0.0515629452392,0.0515803416445,0.0513019991601,0.0512150171337,0.0510062602704,0.0503278004646,0.0501190436013,0.0506757285702,0.0509888638651,0.0511280351073,0.0517021164815,0.051545548834,0.0513367919707,0.051232413539,0.0515977380498,0.0513715847812,0.0519282697501,0.0518760805342,0.0516151344551,0.0513367919707,0.0509714674598,0.0513541883759,0.0518412877237,0.0515977380498,0.0508844854335,0.0515629452392,0.0516499272656,0.0518586841289,0.0519630625606,0.0519630625606,0.0521544230186,0.0517021164815,0.0514933596181,0.052050044587,0.0529546576614,0.0524153690978,0.052363179882,0.052241405045,0.0532156037405,0.0530242432825,0.05318081093,0.053372171388,0.0537722887094,0.053685306683,0.0533895677933,0.053372171388,0.0536505138724,0.0542593880571,0.0533895677933,0.0545203341362,0.0543115772729,0.0544855413257,0.0542767844624,0.0542941808676,0.0535113426302,0.0537896851146,0.054068027599,0.053685306683,0.0538940635463,0.0533199821722,0.0536505138724,0.0533895677933,0.0533199821722,0.0535113426302,0.053876667141,0.0542419916518,0.0536679102777,0.0540854240043,0.053876667141,0.0535113426302,0.0537027030882,0.0542941808676,0.0545377305415,0.0542593880571,0.0539636491674,0.053685306683,0.0539462527621,0.0543463700835,0.0548334694312,0.0548682622418,0.0544855413257,0.0545377305415,0.0549378478629,0.0554249472106,0.0559990285847,0.0565383171483,0.0566252991747,0.0563817495008,0.0559294429636,0.0558946501531,0.0562251818533,0.0562947674744,0.0565731099589,0.0567644704169,0.0572341733594,0.0563817495008,0.056207785448,0.0559120465583,0.0565731099589,0.0571819841435,0.0573211553857,0.0574255338174,0.0568688488485,0.0569732272802,0.0563991459061,0.0569558308749,0.0571645877382,0.0574429302227,0.0566600919852,0.056520920743,0.0565383171483,0.0561903890428,0.0565905063641,0.05601642499,0.0562947674744,0.0565557135536,0.056520920743,0.0562599746639,0.0569384344697,0.057025416496,0.0571819841435,0.0570602093066,0.0571993805488,0.0577908583282,0.0581387864337,0.0577560655176,0.0580518044073,0.0579300295704,0.0579474259757,0.0582431648654,0.0582953540812,0.0589390210764,0.0587302642131,0.0586780749973,0.0585389037551,0.0590781923187,0.0590955887239,0.0603829227144,0.0602089586616,0.0605046975513,0.0605742831724,0.0606960580094,0.0609570040885,0.0610613825202,0.0614788962468,0.0612875357888,0.0613397250046,0.0608874184674,0.0609048148727,0.0609396076832,0.0612353465729,0.0607134544146,0.0609744004938,0.0609917968991,0.0611483645465,0.0614962926521,0.061618067489,0.0618964099734,0.063253329585,0.0630967619375,0.0629923835058,0.063444690043,0.0630793655322,0.0633229152061,0.0632185367744,0.0633925008272,0.0639143929855,0.06356646488,0.0635490684747,0.0635316720694,0.0635838612852,0.0642971139016,0.0650625557337,0.0652017269759,0.0659149795923,0.0667674034508,0.0666978178297,0.0674458632566,0.0672718992038,0.0685070439785,0.0693768642423,0.0706468018275,0.0712382796069,0.0730996949714,0.07332584824,0.0741260828827,0.075970101842,0.0778663100172,0.0796233469501,0.0800060678662,0.0818500868255,0.0827894927104,0.0840420338903,0.0844769440222,0.0860078276865,0.0875909005667,0.0881301891302,0.0875735041614,0.0876430897825,0.0883215495883,0.0880258106986,0.0883215495883,0.0878518466458,0.0878692430511,0.0881475855355,0.0871559904348,0.0873647472981,0.0883911352094,0.0885303064516,0.0889826129888,0.0895566943629,0.0891391806363,0.0899916044948,0.0908266319481,0.0910875780272,0.091957398291,0.0917312450225,0.0919921911016,0.0932273358762,0.0936274531976,0.09409715614,0.095036562025,0.0947756159458,0.0943059130034,0.0943407058139,0.0937318316292,0.0953323009147,0.0955062649674,0.0949495799986,0.0939579848978,0.0941493453559,0.0934708855501,0.0944450842456,0.0953670937252,0.0957672110466,0.0978895724903,0.0975764371953,0.097054545037,0.0981157257589,0.100029330339,0.100707790145,0.101438439167,0.101995124136,0.101090511061,0.101421042761,0.100568618903,0.100255483608,0.101855952893,0.101734178056,0.102047313351,0.102308259431,0.102760565968,0.102777962373,0.103978314337,0.104848134601,0.105039495059,0.10573535127,0.106292036239,0.106170261402,0.107092270882,0.107683748661,0.107892505524,0.108414397683,0.108762325788,0.109405992783,0.110084452589,0.110414984289,0.110258416642,0.111563147038,0.111945867954,0.111684921874,0.112276399654,0.112972255865,0.114033436587,0.114398761098,0.116381951299,0.117512717642,0.117512717642,0.117356149995,0.11866088039,0.119809043139,0.12087022386,0.121287737587,0.121374719613,0.122470693146,0.121618269287,0.122105368635,0.123410099031,0.124940982695,0.124697433021,0.125480271259,0.126611037602,0.127359083029,0.128855173882,0.12838547094,0.130177300683,0.131186292189,0.131186292189,0.132299662127,0.132856347096,0.13343042847,0.134509005597,0.13501350135,0.136944502336,0.138214439921,0.138527575216,0.138840710511,0.141050053981,0.142111234703,0.143659514773,0.144720695494,0.144755488305,0.146008029485,0.145921047458,0.147643291581,0.14823476936,0.149574292566,0.149696067403,0.150009202698,0.149800445835,0.150722455315,0.151835825252,0.153697240617,0.153992979507,0.154166943559,0.154932385392,0.15578480925,0.155976169708,0.157176521672,0.159177108279,0.159316279521,0.160690595538,0.160777577564,0.162169289987,0.162969524629,0.164187272999,0.164343840646,0.165683363852,0.166953301438,0.166100877579,0.167527382812,0.167562175622,0.169023473665,0.169841104713,0.169719329877,0.169841104713,0.172293997857,0.174433755706,0.175025233486,0.176625702771,0.177338955388,0.178782857026,0.179548298858,0.181374921412,0.183723436124,0.185167337762,0.184471481551,0.184123553445,0.184819409656,0.186489464563,0.187359284827,0.18911632176,0.189429457055,0.190751583856,0.190229691697,0.191847557388,0.192647792031,0.193152287784,0.19356980151,0.195170270796,0.196683758055,0.196683758055,0.19857996623,0.19983250741,0.202059247285,0.202441968201,0.204181608729,0.205712492393,0.207765268216,0.208843845343,0.209800647633,0.211401116919,0.212636261693,0.212740640125,0.214462884247,0.215454479348,0.216602642096,0.218307489814,0.218272697003,