>CACCAGAGGG	1-CACCAGAGGG	7.118911	-24.397628	0	T:42.0(41.18%),B:6779.4(14.17%),P:1e-10	Tpos:95.3,Tstd:47.3,Bpos:99.6,Bstd:68.2,StrandBias:0.2,Multiplicity:1.29
0.041	0.772	0.128	0.059
0.626	0.132	0.090	0.152
0.037	0.759	0.203	0.001
0.053	0.792	0.046	0.109
0.798	0.097	0.029	0.076
0.001	0.071	0.927	0.001
0.850	0.031	0.102	0.017
0.086	0.027	0.798	0.089
0.014	0.032	0.903	0.051
0.053	0.124	0.783	0.040
>CGGCAGGCGC	2-CGGCAGGCGC	10.181778	-20.070634	0	T:13.0(12.75%),B:659.5(1.38%),P:1e-8	Tpos:66.7,Tstd:50.6,Bpos:97.0,Bstd:59.9,StrandBias:0.0,Multiplicity:1.23
0.001	0.929	0.069	0.001
0.001	0.001	0.997	0.001
0.146	0.090	0.763	0.001
0.001	0.997	0.001	0.001
0.783	0.001	0.215	0.001
0.001	0.001	0.997	0.001
0.001	0.065	0.933	0.001
0.084	0.819	0.001	0.096
0.001	0.001	0.863	0.135
0.001	0.997	0.001	0.001
>GTGACAGCAG	3-GTGACAGCAG	10.159771	-19.391021	0	T:13.0(12.75%),B:698.2(1.46%),P:1e-8	Tpos:85.8,Tstd:46.1,Bpos:104.1,Bstd:72.1,StrandBias:0.2,Multiplicity:1.00
0.091	0.064	0.844	0.001
0.061	0.001	0.051	0.887
0.001	0.001	0.997	0.001
0.892	0.001	0.106	0.001
0.001	0.997	0.001	0.001
0.760	0.115	0.124	0.001
0.124	0.001	0.874	0.001
0.108	0.890	0.001	0.001
0.916	0.001	0.001	0.082
0.001	0.001	0.997	0.001
>GGGTGACCTT	4-GGGTGACCTT	6.404188	-19.367813	0	T:35.0(34.31%),B:5743.8(12.01%),P:1e-8	Tpos:112.3,Tstd:53.2,Bpos:100.6,Bstd:66.7,StrandBias:0.6,Multiplicity:1.15
0.121	0.111	0.708	0.060
0.099	0.001	0.827	0.073
0.134	0.053	0.771	0.042
0.042	0.030	0.025	0.903
0.001	0.081	0.840	0.078
0.676	0.116	0.095	0.113
0.028	0.898	0.001	0.073
0.022	0.882	0.032	0.064
0.045	0.108	0.063	0.784
0.066	0.077	0.135	0.722
>GGCGGCCTGA	5-GGCGGCCTGA	9.069445	-17.251836	0	T:14.0(13.73%),B:1000.5(2.09%),P:1e-7	Tpos:80.2,Tstd:50.0,Bpos:101.1,Bstd:63.4,StrandBias:0.2,Multiplicity:1.00
0.001	0.001	0.997	0.001
0.001	0.175	0.823	0.001
0.104	0.894	0.001	0.001
0.001	0.001	0.894	0.104
0.001	0.167	0.831	0.001
0.001	0.997	0.001	0.001
0.001	0.997	0.001	0.001
0.001	0.151	0.128	0.720
0.001	0.001	0.997	0.001
0.858	0.106	0.035	0.001
>GGAGGGCCCT	6-GGAGGGCCCT	10.377614	-16.163241	0	T:12.0(11.76%),B:762.3(1.59%),P:1e-7	Tpos:115.9,Tstd:56.7,Bpos:102.1,Bstd:67.4,StrandBias:0.7,Multiplicity:1.00
0.001	0.114	0.884	0.001
0.001	0.001	0.997	0.001
0.914	0.084	0.001	0.001
0.082	0.001	0.916	0.001
0.001	0.001	0.997	0.001
0.090	0.071	0.838	0.001
0.001	0.871	0.052	0.076
0.001	0.997	0.001	0.001
0.106	0.795	0.001	0.098
0.072	0.076	0.001	0.851
>TCCTGRCASA	7-TCCTGRCASA	8.227159	-15.367913	0	T:10.0(9.80%),B:524.5(1.10%),P:1e-6	Tpos:110.5,Tstd:50.8,Bpos:100.3,Bstd:67.6,StrandBias:0.5,Multiplicity:1.20
0.001	0.023	0.001	0.975
0.001	0.997	0.001	0.001
0.001	0.997	0.001	0.001
0.001	0.001	0.001	0.997
0.001	0.001	0.997	0.001
0.500	0.001	0.498	0.001
0.352	0.646	0.001	0.001
0.997	0.001	0.001	0.001
0.001	0.489	0.509	0.001
0.997	0.001	0.001	0.001
>GTAATTACTT	8-GTAATTACTT	8.699422	-14.264469	0	T:6.0(5.88%),B:139.1(0.29%),P:1e-6	Tpos:92.6,Tstd:63.4,Bpos:90.2,Bstd:60.5,StrandBias:0.4,Multiplicity:1.00
0.161	0.001	0.784	0.054
0.138	0.063	0.063	0.736
0.920	0.001	0.078	0.001
0.955	0.001	0.001	0.043
0.089	0.001	0.073	0.837
0.001	0.001	0.088	0.910
0.629	0.178	0.134	0.059
0.092	0.709	0.089	0.110
0.073	0.059	0.001	0.867
0.089	0.001	0.247	0.663
>CAGAGTAGCC	9-CAGAGTAGCC	7.965686	-13.456014	0	T:19.0(18.63%),B:2513.0(5.25%),P:1e-5	Tpos:93.4,Tstd:45.4,Bpos:100.6,Bstd:69.0,StrandBias:0.3,Multiplicity:1.16
0.037	0.912	0.050	0.001
0.768	0.132	0.001	0.099
0.001	0.049	0.949	0.001
0.721	0.179	0.048	0.052
0.108	0.093	0.796	0.003
0.098	0.197	0.090	0.615
0.729	0.051	0.068	0.152
0.093	0.036	0.749	0.122
0.030	0.808	0.114	0.048
0.001	0.969	0.001	0.029
>CTCCAGTGGC	10-CTCCAGTGGC	9.917681	-12.689853	0	T:6.0(5.88%),B:183.5(0.38%),P:1e-5	Tpos:92.2,Tstd:37.4,Bpos:98.3,Bstd:65.4,StrandBias:1.8,Multiplicity:1.50
0.001	0.997	0.001	0.001
0.001	0.001	0.001	0.997
0.001	0.795	0.001	0.203
0.001	0.719	0.001	0.279
0.997	0.001	0.001	0.001
0.063	0.001	0.935	0.001
0.001	0.001	0.001	0.997
0.001	0.262	0.547	0.190
0.001	0.001	0.997	0.001
0.001	0.997	0.001	0.001
>AGAGAGGGAG	11-AGAGAGGGAG	9.790675	-7.063544	0	T:11.0(10.78%),B:1660.4(3.47%),P:1e-3	Tpos:135.6,Tstd:60.9,Bpos:100.7,Bstd:56.2,StrandBias:-1.3,Multiplicity:1.27
0.997	0.001	0.001	0.001
0.001	0.001	0.997	0.001
0.582	0.001	0.416	0.001
0.182	0.001	0.816	0.001
0.595	0.001	0.403	0.001
0.001	0.001	0.997	0.001
0.157	0.001	0.841	0.001
0.001	0.001	0.997	0.001
0.595	0.403	0.001	0.001
0.233	0.001	0.765	0.001
