>CRGCAGAGGGCR	1-CRGCAGAGGGCR	7.329397	-31.261042	0	T:24.0(23.53%),B:1567.9(3.28%),P:1e-13	Tpos:88.9,Tstd:36.4,Bpos:101.2,Bstd:69.0,StrandBias:1.4,Multiplicity:1.08
0.001	0.913	0.001	0.085
0.410	0.130	0.365	0.095
0.154	0.001	0.844	0.001
0.154	0.844	0.001	0.001
0.904	0.001	0.001	0.094
0.001	0.001	0.997	0.001
0.884	0.001	0.114	0.001
0.001	0.001	0.834	0.164
0.001	0.001	0.997	0.001
0.001	0.001	0.997	0.001
0.001	0.904	0.094	0.001
0.569	0.001	0.429	0.001
>CCTGGAGGTCAC	2-CCTGGAGGTCAC	11.047360	-29.148714	0	T:13.0(12.75%),B:313.5(0.66%),P:1e-12	Tpos:86.7,Tstd:52.7,Bpos:101.4,Bstd:72.2,StrandBias:-1.0,Multiplicity:1.00
0.001	0.997	0.001	0.001
0.001	0.886	0.112	0.001
0.071	0.112	0.001	0.816
0.001	0.001	0.997	0.001
0.004	0.225	0.770	0.001
0.823	0.001	0.175	0.001
0.192	0.001	0.695	0.112
0.001	0.061	0.937	0.001
0.001	0.001	0.092	0.906
0.001	0.997	0.001	0.001
0.611	0.384	0.004	0.001
0.093	0.570	0.147	0.190
>AAGATGGCCCTG	3-AAGATGGCCCTG	13.219880	-15.889721	0	T:4.0(3.92%),B:20.7(0.04%),P:1e-6	Tpos:101.7,Tstd:33.3,Bpos:107.3,Bstd:82.2,StrandBias:1.0,Multiplicity:1.50
0.770	0.001	0.228	0.001
0.997	0.001	0.001	0.001
0.001	0.001	0.997	0.001
0.814	0.184	0.001	0.001
0.001	0.001	0.001	0.997
0.001	0.001	0.704	0.294
0.001	0.233	0.471	0.295
0.001	0.756	0.242	0.001
0.001	0.997	0.001	0.001
0.001	0.997	0.001	0.001
0.001	0.184	0.001	0.814
0.001	0.001	0.997	0.001
>CAGGGCAGGGCA	4-CAGGGCAGGGCA	10.558885	-11.061632	0	T:10.0(9.80%),B:855.0(1.79%),P:1e-4	Tpos:117.5,Tstd:41.3,Bpos:100.2,Bstd:74.6,StrandBias:0.6,Multiplicity:1.11
0.111	0.668	0.220	0.001
0.997	0.001	0.001	0.001
0.102	0.001	0.896	0.001
0.001	0.001	0.997	0.001
0.001	0.057	0.831	0.111
0.082	0.916	0.001	0.001
0.842	0.046	0.001	0.111
0.050	0.001	0.948	0.001
0.180	0.125	0.694	0.001
0.001	0.083	0.750	0.166
0.001	0.750	0.001	0.248
0.733	0.125	0.139	0.003
>CAGCGCCCCCTG	5-CAGCGCCCCCTG	10.409522	-10.054078	0	T:6.0(5.88%),B:293.6(0.61%),P:1e-4	Tpos:84.0,Tstd:26.8,Bpos:92.2,Bstd:62.0,StrandBias:0.6,Multiplicity:1.00
0.100	0.700	0.100	0.100
0.700	0.100	0.100	0.100
0.100	0.100	0.700	0.100
0.100	0.700	0.100	0.100
0.100	0.100	0.700	0.100
0.100	0.700	0.100	0.100
0.100	0.700	0.100	0.100
0.100	0.700	0.100	0.100
0.100	0.700	0.100	0.100
0.100	0.700	0.100	0.100
0.100	0.100	0.100	0.700
0.100	0.100	0.700	0.100
>GGGAGGGCCCTC	6-GGGAGGGCCCTC	8.463612	-9.287859	0	T:16.0(15.69%),B:2532.3(5.29%),P:1e-4	Tpos:119.6,Tstd:49.4,Bpos:100.7,Bstd:64.5,StrandBias:0.1,Multiplicity:1.00
0.100	0.100	0.700	0.100
0.100	0.100	0.700	0.100
0.100	0.100	0.700	0.100
0.700	0.100	0.100	0.100
0.100	0.100	0.700	0.100
0.100	0.100	0.700	0.100
0.100	0.100	0.700	0.100
0.100	0.700	0.100	0.100
0.100	0.700	0.100	0.100
0.100	0.700	0.100	0.100
0.100	0.100	0.100	0.700
0.100	0.700	0.100	0.100
>AGAGGGAGAGAG	7-AGAGGGAGAGAG	11.459724	-9.273758	0	T:6.0(5.88%),B:338.7(0.71%),P:1e-4	Tpos:155.2,Tstd:52.4,Bpos:100.2,Bstd:48.3,StrandBias:-2.3,Multiplicity:1.00
0.901	0.096	0.002	0.001
0.067	0.001	0.931	0.001
0.744	0.001	0.181	0.074
0.068	0.001	0.874	0.057
0.083	0.001	0.842	0.074
0.046	0.001	0.952	0.001
0.608	0.181	0.210	0.001
0.096	0.068	0.835	0.001
0.796	0.096	0.107	0.001
0.129	0.001	0.869	0.001
0.768	0.170	0.061	0.001
0.035	0.074	0.890	0.001
>CAGTCTGCAAAC	8-CAGTCTGCAAAC	14.929107	-8.622248	0	T:2.0(1.96%),B:9.4(0.02%),P:1e-3	Tpos:112.0,Tstd:69.3,Bpos:93.3,Bstd:75.1,StrandBias:0.0,Multiplicity:1.50
0.001	0.645	0.353	0.001
0.997	0.001	0.001	0.001
0.001	0.001	0.997	0.001
0.001	0.001	0.001	0.997
0.001	0.997	0.001	0.001
0.001	0.001	0.001	0.997
0.001	0.001	0.997	0.001
0.001	0.997	0.001	0.001
0.997	0.001	0.001	0.001
0.708	0.001	0.290	0.001
0.997	0.001	0.001	0.001
0.001	0.997	0.001	0.001
>CCCTCCAATGGC	9-CCCTCCAATGGC	16.213874	-6.151637	0	T:1.0(0.98%),B:0.7(0.00%),P:1e-2	Tpos:113.0,Tstd:18.2,Bpos:193.0,Bstd:0.0,StrandBias:10.0,Multiplicity:3.00
0.001	0.997	0.001	0.001
0.320	0.678	0.001	0.001
0.001	0.997	0.001	0.001
0.001	0.001	0.001	0.997
0.001	0.997	0.001	0.001
0.001	0.997	0.001	0.001
0.997	0.001	0.001	0.001
0.997	0.001	0.001	0.001
0.001	0.001	0.001	0.997
0.001	0.001	0.997	0.001
0.001	0.001	0.997	0.001
0.001	0.997	0.001	0.001
