>AAGGTCAC	1-AAGGTCAC	4.958947	-25.671434	0	T:56.0(54.90%),B:11187.7(23.39%),P:1e-11	Tpos:101.3,Tstd:54.3,Bpos:100.8,Bstd:65.0,StrandBias:0.1,Multiplicity:1.30
0.756	0.103	0.077	0.064
0.793	0.065	0.079	0.063
0.130	0.069	0.669	0.132
0.077	0.050	0.797	0.076
0.069	0.025	0.070	0.836
0.110	0.704	0.120	0.066
0.808	0.055	0.095	0.042
0.110	0.647	0.095	0.148
>ACAAACTG	2-ACAAACTG	5.345629	-17.984241	0	T:43.0(42.16%),B:8669.4(18.12%),P:1e-7	Tpos:91.8,Tstd:56.1,Bpos:100.0,Bstd:67.3,StrandBias:-0.1,Multiplicity:1.24
0.736	0.086	0.092	0.086
0.065	0.706	0.115	0.114
0.788	0.055	0.045	0.112
0.738	0.112	0.102	0.048
0.626	0.135	0.146	0.093
0.056	0.823	0.075	0.046
0.067	0.054	0.085	0.794
0.017	0.066	0.803	0.114
>GAGGGCGC	3-GAGGGCGC	7.643234	-16.928091	0	T:21.0(20.59%),B:2448.7(5.12%),P:1e-7	Tpos:120.2,Tstd:50.1,Bpos:101.6,Bstd:63.6,StrandBias:0.1,Multiplicity:1.05
0.001	0.001	0.997	0.001
0.997	0.001	0.001	0.001
0.001	0.001	0.862	0.136
0.001	0.001	0.997	0.001
0.001	0.001	0.939	0.059
0.001	0.997	0.001	0.001
0.001	0.151	0.847	0.001
0.001	0.951	0.001	0.047
>AGACGGCA	4-AGACGGCA	6.865007	-15.612244	0	T:24.0(23.53%),B:3410.6(7.13%),P:1e-6	Tpos:97.8,Tstd:47.3,Bpos:100.4,Bstd:68.9,StrandBias:1.0,Multiplicity:1.12
0.962	0.001	0.001	0.036
0.001	0.116	0.582	0.301
0.902	0.037	0.060	0.001
0.001	0.894	0.064	0.041
0.094	0.145	0.760	0.001
0.207	0.001	0.791	0.001
0.001	0.913	0.085	0.001
0.939	0.059	0.001	0.001
>AGTAATTA	5-AGTAATTA	7.497882	-8.296621	0	T:8.0(7.84%),B:766.2(1.60%),P:1e-3	Tpos:101.9,Tstd:57.5,Bpos:103.9,Bstd:63.1,StrandBias:-0.4,Multiplicity:1.12
0.865	0.001	0.075	0.059
0.051	0.001	0.826	0.122
0.001	0.061	0.049	0.889
0.927	0.001	0.001	0.071
0.846	0.001	0.085	0.068
0.053	0.001	0.001	0.945
0.001	0.001	0.001	0.997
0.860	0.068	0.071	0.001
