>AGGKGGCR	1-AGGKGGCR	8.067066	-22462.600048	0	T:23767.0(40.37%),B:4843.2(8.31%),P:1e-9755	Tpos:100.4,Tstd:37.3,Bpos:99.3,Bstd:60.1,StrandBias:-0.0,Multiplicity:1.08
0.976	0.001	0.001	0.022
0.013	0.049	0.892	0.046
0.369	0.010	0.620	0.001
0.004	0.001	0.537	0.458
0.001	0.076	0.896	0.027
0.006	0.001	0.992	0.001
0.045	0.867	0.087	0.001
0.429	0.100	0.469	0.001
>CCTAGTGG	2-CCTAGTGG	4.959706	-19176.190873	0	T:33677.0(57.20%),B:11850.2(20.34%),P:1e-8328	Tpos:99.9,Tstd:38.6,Bpos:100.1,Bstd:61.2,StrandBias:-0.0,Multiplicity:1.23
0.005	0.679	0.001	0.315
0.001	0.997	0.001	0.001
0.001	0.026	0.001	0.972
0.772	0.007	0.143	0.078
0.001	0.056	0.942	0.001
0.051	0.027	0.015	0.907
0.001	0.001	0.997	0.001
0.001	0.001	0.984	0.014
>TGGCGCTR	3-TGGCGCTR	4.979312	-5683.852865	0	T:31420.0(53.37%),B:18682.0(32.06%),P:1e-2468	Tpos:100.2,Tstd:48.7,Bpos:100.6,Bstd:61.1,StrandBias:-0.0,Multiplicity:1.33
0.001	0.060	0.219	0.720
0.001	0.001	0.997	0.001
0.001	0.001	0.716	0.282
0.001	0.997	0.001	0.001
0.371	0.001	0.627	0.001
0.123	0.631	0.245	0.001
0.001	0.129	0.001	0.869
0.432	0.164	0.352	0.051
>CCTACMGG	4-CCTACMGG	7.104268	-3602.976874	0	T:11127.0(18.90%),B:4626.6(7.94%),P:1e-1564	Tpos:99.7,Tstd:47.8,Bpos:99.3,Bstd:62.1,StrandBias:-0.0,Multiplicity:1.04
0.001	0.818	0.001	0.180
0.001	0.997	0.001	0.001
0.001	0.054	0.100	0.845
0.698	0.001	0.300	0.001
0.001	0.623	0.001	0.375
0.423	0.335	0.001	0.241
0.001	0.001	0.997	0.001
0.001	0.001	0.997	0.001
>TRGTGYTH	5-TRGTGYTH	5.123306	-3537.612828	0	T:37732.0(64.09%),B:27298.7(46.85%),P:1e-1536	Tpos:100.3,Tstd:53.0,Bpos:99.6,Bstd:61.8,StrandBias:-0.0,Multiplicity:1.37
0.063	0.010	0.237	0.690
0.524	0.001	0.474	0.001
0.030	0.390	0.579	0.001
0.221	0.305	0.001	0.472
0.001	0.001	0.986	0.012
0.001	0.553	0.001	0.445
0.001	0.414	0.001	0.584
0.348	0.324	0.126	0.202
>GCTCCCTC	6-GCTCCCTC	7.933740	-3464.272212	0	T:7841.0(13.32%),B:2673.9(4.59%),P:1e-1504	Tpos:99.3,Tstd:44.6,Bpos:100.9,Bstd:58.7,StrandBias:0.0,Multiplicity:1.05
0.001	0.001	0.997	0.001
0.001	0.997	0.001	0.001
0.107	0.001	0.063	0.829
0.001	0.997	0.001	0.001
0.001	0.997	0.001	0.001
0.001	0.997	0.001	0.001
0.001	0.310	0.001	0.688
0.001	0.997	0.001	0.001
>GGAGGCGC	7-GGAGGCGC	8.017587	-2129.638923	0	T:4997.0(8.49%),B:1714.1(2.94%),P:1e-924	Tpos:99.4,Tstd:47.6,Bpos:101.9,Bstd:59.6,StrandBias:0.1,Multiplicity:1.09
0.001	0.001	0.997	0.001
0.001	0.001	0.997	0.001
0.857	0.001	0.141	0.001
0.001	0.001	0.997	0.001
0.001	0.001	0.943	0.055
0.001	0.997	0.001	0.001
0.001	0.001	0.997	0.001
0.001	0.997	0.001	0.001
>YCCASTGG	8-YCCASTGG	5.423003	-1877.835946	0	T:24859.0(42.23%),B:17644.9(30.28%),P:1e-815	Tpos:99.7,Tstd:53.9,Bpos:100.6,Bstd:60.4,StrandBias:-0.0,Multiplicity:1.23
0.097	0.364	0.137	0.402
0.001	0.997	0.001	0.001
0.268	0.730	0.001	0.001
0.573	0.041	0.287	0.099
0.001	0.452	0.546	0.001
0.064	0.336	0.001	0.599
0.001	0.001	0.997	0.001
0.001	0.001	0.997	0.001
>CTASTGCC	9-CTASTGCC	6.622821	-1405.115468	0	T:5371.0(9.12%),B:2402.7(4.12%),P:1e-610	Tpos:100.8,Tstd:45.3,Bpos:100.8,Bstd:68.3,StrandBias:0.2,Multiplicity:1.00
0.343	0.655	0.001	0.001
0.001	0.001	0.001	0.997
0.997	0.001	0.001	0.001
0.001	0.522	0.476	0.001
0.001	0.001	0.001	0.997
0.001	0.001	0.997	0.001
0.001	0.959	0.039	0.001
0.001	0.871	0.001	0.127
>GARAGCWC	10-GARAGCWC	6.026275	-805.332367	0	T:14257.0(24.22%),B:10286.1(17.65%),P:1e-349	Tpos:99.3,Tstd:55.1,Bpos:99.5,Bstd:60.1,StrandBias:0.0,Multiplicity:1.11
0.001	0.109	0.862	0.028
0.741	0.080	0.178	0.001
0.401	0.090	0.508	0.001
0.636	0.001	0.302	0.061
0.035	0.062	0.902	0.001
0.001	0.887	0.001	0.111
0.410	0.178	0.001	0.411
0.104	0.746	0.083	0.067
>TTAACAGC	11-TTAACAGC	4.391178	-792.558539	0	T:29602.0(50.28%),B:24558.7(42.15%),P:1e-344	Tpos:100.3,Tstd:57.5,Bpos:99.9,Bstd:60.6,StrandBias:-0.0,Multiplicity:1.29
0.036	0.130	0.145	0.689
0.093	0.113	0.088	0.706
0.766	0.058	0.114	0.062
0.806	0.075	0.040	0.079
0.059	0.745	0.133	0.063
0.852	0.040	0.051	0.057
0.099	0.051	0.773	0.077
0.037	0.666	0.142	0.155
>TGCAATTC	12-TGCAATTC	7.001952	-612.601339	0	T:7747.0(13.16%),B:5136.6(8.82%),P:1e-266	Tpos:100.2,Tstd:50.6,Bpos:100.0,Bstd:62.9,StrandBias:-0.0,Multiplicity:1.11
0.001	0.001	0.001	0.997
0.001	0.001	0.997	0.001
0.055	0.943	0.001	0.001
0.764	0.001	0.090	0.145
0.592	0.001	0.406	0.001
0.001	0.001	0.001	0.997
0.239	0.001	0.194	0.566
0.146	0.487	0.125	0.242
>GCACTCTT	13-GCACTCTT	8.985095	-590.276091	0	T:2425.0(4.12%),B:1106.1(1.90%),P:1e-256	Tpos:96.9,Tstd:51.7,Bpos:104.0,Bstd:61.4,StrandBias:-0.0,Multiplicity:1.01
0.208	0.001	0.790	0.001
0.001	0.997	0.001	0.001
0.841	0.157	0.001	0.001
0.001	0.997	0.001	0.001
0.001	0.001	0.001	0.997
0.001	0.997	0.001	0.001
0.001	0.001	0.001	0.997
0.001	0.001	0.001	0.997
>GCTTTTCA	14-GCTTTTCA	5.519804	-531.966376	0	T:20666.0(35.10%),B:16848.5(28.92%),P:1e-231	Tpos:99.4,Tstd:58.2,Bpos:101.1,Bstd:60.6,StrandBias:0.0,Multiplicity:1.16
0.037	0.119	0.758	0.086
0.033	0.584	0.239	0.144
0.041	0.084	0.065	0.810
0.001	0.001	0.066	0.932
0.001	0.148	0.001	0.850
0.085	0.141	0.241	0.533
0.150	0.811	0.006	0.033
0.668	0.203	0.012	0.117
>TSTGGTCA	15-TSTGGTCA	6.623456	-489.959790	0	T:3411.0(5.79%),B:1904.7(3.27%),P:1e-212	Tpos:97.8,Tstd:51.9,Bpos:99.7,Bstd:58.7,StrandBias:0.0,Multiplicity:1.02
0.228	0.091	0.161	0.520
0.110	0.316	0.454	0.120
0.001	0.001	0.001	0.997
0.106	0.028	0.543	0.323
0.093	0.001	0.718	0.188
0.101	0.295	0.001	0.603
0.073	0.668	0.154	0.105
0.635	0.043	0.212	0.110
>AAATGTCA	16-AAATGTCA	4.455466	-477.915828	0	T:29429.0(49.99%),B:25444.6(43.67%),P:1e-207	Tpos:99.6,Tstd:59.6,Bpos:100.6,Bstd:58.7,StrandBias:0.0,Multiplicity:1.44
0.696	0.096	0.101	0.107
0.842	0.037	0.059	0.062
0.707	0.125	0.029	0.139
0.014	0.124	0.001	0.861
0.029	0.060	0.727	0.184
0.183	0.083	0.001	0.733
0.049	0.736	0.086	0.129
0.727	0.090	0.049	0.134
>GCAGCTCC	17-GCAGCTCC	7.218841	-414.234479	0	T:9562.0(16.24%),B:7114.2(12.21%),P:1e-179	Tpos:99.1,Tstd:55.1,Bpos:102.2,Bstd:63.0,StrandBias:0.0,Multiplicity:1.07
0.051	0.080	0.605	0.264
0.041	0.888	0.053	0.018
0.894	0.001	0.104	0.001
0.001	0.001	0.997	0.001
0.001	0.897	0.001	0.101
0.070	0.001	0.032	0.897
0.001	0.977	0.021	0.001
0.001	0.927	0.001	0.071
>TTGRAAAW	18-TTGRAAAW	4.318468	-356.301135	0	T:25129.0(42.68%),B:21760.9(37.35%),P:1e-154	Tpos:100.3,Tstd:60.8,Bpos:100.1,Bstd:58.1,StrandBias:0.0,Multiplicity:1.45
0.133	0.217	0.157	0.492
0.120	0.161	0.197	0.522
0.087	0.077	0.547	0.289
0.317	0.149	0.427	0.107
0.643	0.098	0.142	0.117
0.813	0.069	0.066	0.052
0.528	0.168	0.086	0.218
0.435	0.128	0.076	0.361
>CCAAGTGG	19-CCAAGTGG	8.339113	-332.527677	0	T:2173.0(3.69%),B:1184.3(2.03%),P:1e-144	Tpos:99.9,Tstd:47.5,Bpos:103.7,Bstd:60.2,StrandBias:0.0,Multiplicity:1.01
0.001	0.997	0.001	0.001
0.001	0.997	0.001	0.001
0.997	0.001	0.001	0.001
0.591	0.001	0.001	0.407
0.001	0.001	0.997	0.001
0.001	0.110	0.001	0.888
0.001	0.001	0.997	0.001
0.001	0.001	0.997	0.001
>TTCTGAAA	20-TTCTGAAA	4.810533	-326.621738	0	T:7785.0(13.22%),B:5797.2(9.95%),P:1e-141	Tpos:99.4,Tstd:55.3,Bpos:99.7,Bstd:61.2,StrandBias:0.0,Multiplicity:1.06
0.001	0.001	0.001	0.997
0.001	0.333	0.014	0.652
0.001	0.997	0.001	0.001
0.001	0.001	0.001	0.997
0.001	0.001	0.997	0.001
0.982	0.016	0.001	0.001
0.641	0.357	0.001	0.001
0.997	0.001	0.001	0.001
>GATTTTTC	21-GATTTTTC	6.908758	-231.525364	0	T:7360.0(12.50%),B:5703.4(9.79%),P:1e-100	Tpos:100.1,Tstd:60.8,Bpos:100.7,Bstd:56.8,StrandBias:0.1,Multiplicity:1.04
0.035	0.042	0.882	0.041
0.829	0.001	0.115	0.055
0.043	0.023	0.049	0.885
0.001	0.013	0.063	0.923
0.001	0.001	0.001	0.997
0.001	0.001	0.037	0.961
0.065	0.001	0.148	0.786
0.021	0.882	0.046	0.051
>GGCATAAC	22-GGCATAAC	8.272441	-179.016975	0	T:402.0(0.68%),B:132.0(0.23%),P:1e-77	Tpos:96.9,Tstd:39.7,Bpos:91.8,Bstd:59.6,StrandBias:0.2,Multiplicity:1.00
0.001	0.001	0.997	0.001
0.001	0.001	0.997	0.001
0.001	0.997	0.001	0.001
0.937	0.001	0.061	0.001
0.001	0.001	0.001	0.997
0.997	0.001	0.001	0.001
0.997	0.001	0.001	0.001
0.001	0.997	0.001	0.001
>AAGKAACS	23-AAGKAACS	7.099047	-144.348473	0	T:1953.0(3.32%),B:1296.8(2.23%),P:1e-62	Tpos:100.5,Tstd:53.8,Bpos:99.9,Bstd:59.1,StrandBias:-0.0,Multiplicity:1.02
0.997	0.001	0.001	0.001
0.997	0.001	0.001	0.001
0.001	0.064	0.934	0.001
0.001	0.001	0.563	0.435
0.997	0.001	0.001	0.001
0.928	0.001	0.070	0.001
0.001	0.997	0.001	0.001
0.001	0.508	0.490	0.001
>CTGTATGG	24-CTGTATGG	8.796296	-70.007942	0	T:450.0(0.76%),B:245.4(0.42%),P:1e-30	Tpos:98.3,Tstd:67.4,Bpos:104.6,Bstd:60.2,StrandBias:0.2,Multiplicity:1.00
0.001	0.997	0.001	0.001
0.001	0.001	0.001	0.997
0.001	0.001	0.997	0.001
0.001	0.001	0.001	0.997
0.997	0.001	0.001	0.001
0.001	0.001	0.001	0.997
0.001	0.103	0.895	0.001
0.001	0.001	0.997	0.001
>TTGTCAGT	25-TTGTCAGT	8.086782	-51.476553	0	T:1375.0(2.34%),B:1034.7(1.78%),P:1e-22	Tpos:101.2,Tstd:37.2,Bpos:132.1,Bstd:80.7,StrandBias:-0.1,Multiplicity:1.00
0.001	0.001	0.056	0.942
0.001	0.001	0.001	0.997
0.001	0.001	0.997	0.001
0.001	0.001	0.096	0.902
0.001	0.997	0.001	0.001
0.997	0.001	0.001	0.001
0.001	0.001	0.997	0.001
0.001	0.001	0.001	0.997
