>GCCCCCTAGTGG	1-GCCCCCTAGTGG	7.260952	-75197.578885	0	T:33784.0(57.39%),B:1966.4(3.38%),P:1e-32657	Tpos:100.0,Tstd:27.7,Bpos:101.3,Bstd:60.1,StrandBias:-0.0,Multiplicity:1.04
0.065	0.017	0.813	0.105
0.051	0.902	0.025	0.022
0.003	0.991	0.001	0.005
0.357	0.597	0.007	0.039
0.012	0.627	0.001	0.360
0.001	0.997	0.001	0.001
0.022	0.039	0.004	0.935
0.544	0.028	0.295	0.133
0.014	0.151	0.818	0.017
0.074	0.036	0.022	0.868
0.001	0.001	0.996	0.002
0.026	0.018	0.912	0.044
>KCCCCCTGSWGG	2-KCCCCCTGSWGG	5.966308	-35304.938784	0	T:46425.0(78.86%),B:15373.7(26.39%),P:1e-15332	Tpos:100.4,Tstd:47.5,Bpos:100.1,Bstd:59.6,StrandBias:-0.0,Multiplicity:1.24
0.147	0.178	0.412	0.263
0.116	0.498	0.271	0.114
0.052	0.812	0.028	0.108
0.189	0.622	0.049	0.140
0.122	0.551	0.007	0.320
0.001	0.997	0.001	0.001
0.171	0.197	0.001	0.631
0.305	0.003	0.508	0.184
0.001	0.411	0.543	0.045
0.352	0.132	0.121	0.395
0.001	0.001	0.970	0.028
0.073	0.041	0.807	0.079
>CCACTAGGTGGC	3-CCACTAGGTGGC	7.708196	-29991.200977	0	T:18027.0(30.62%),B:1571.2(2.70%),P:1e-13024	Tpos:99.3,Tstd:40.9,Bpos:97.7,Bstd:59.4,StrandBias:-0.0,Multiplicity:1.01
0.110	0.696	0.115	0.079
0.053	0.881	0.025	0.041
0.769	0.078	0.095	0.058
0.061	0.769	0.105	0.065
0.163	0.139	0.120	0.578
0.568	0.119	0.180	0.133
0.087	0.081	0.684	0.148
0.131	0.081	0.759	0.029
0.077	0.047	0.048	0.828
0.039	0.028	0.896	0.037
0.054	0.045	0.764	0.137
0.046	0.808	0.049	0.097
>ABAGCGCCCCCT	4-ABAGCGCCCCCT	7.852458	-22759.239334	0	T:19399.0(32.95%),B:2925.7(5.02%),P:1e-9884	Tpos:100.1,Tstd:36.5,Bpos:98.9,Bstd:59.8,StrandBias:0.0,Multiplicity:1.06
0.440	0.211	0.247	0.102
0.044	0.374	0.249	0.333
0.576	0.024	0.336	0.064
0.005	0.255	0.722	0.018
0.015	0.618	0.010	0.357
0.100	0.009	0.732	0.159
0.037	0.934	0.009	0.020
0.017	0.940	0.015	0.028
0.309	0.548	0.047	0.096
0.006	0.631	0.007	0.356
0.004	0.962	0.003	0.031
0.130	0.104	0.071	0.695
>CACTAGAGGGCR	5-CACTAGAGGGCR	10.111160	-15621.091309	0	T:6080.0(10.33%),B:184.4(0.32%),P:1e-6784	Tpos:103.4,Tstd:35.7,Bpos:103.3,Bstd:67.9,StrandBias:-0.1,Multiplicity:1.01
0.044	0.954	0.001	0.001
0.741	0.089	0.169	0.001
0.293	0.705	0.001	0.001
0.281	0.176	0.005	0.538
0.794	0.086	0.115	0.005
0.001	0.001	0.997	0.001
0.997	0.001	0.001	0.001
0.001	0.001	0.600	0.398
0.050	0.001	0.920	0.029
0.058	0.001	0.940	0.001
0.159	0.654	0.062	0.125
0.555	0.001	0.443	0.001
>TAGATGTCACTG	6-TAGATGTCACTG	10.967538	-1241.578413	0	T:755.0(1.28%),B:58.8(0.10%),P:1e-539	Tpos:96.3,Tstd:32.4,Bpos:83.0,Bstd:56.7,StrandBias:0.2,Multiplicity:1.00
0.001	0.071	0.001	0.927
0.873	0.001	0.125	0.001
0.083	0.001	0.915	0.001
0.578	0.110	0.264	0.048
0.001	0.001	0.222	0.776
0.001	0.001	0.997	0.001
0.001	0.001	0.001	0.997
0.001	0.997	0.001	0.001
0.767	0.001	0.231	0.001
0.001	0.840	0.158	0.001
0.074	0.001	0.001	0.924
0.233	0.104	0.504	0.159
>TCTTCTGGTCAC	7-TCTTCTGGTCAC	11.047613	-981.044698	0	T:277.0(0.47%),B:3.6(0.01%),P:1e-426	Tpos:102.8,Tstd:52.2,Bpos:98.1,Bstd:53.9,StrandBias:0.3,Multiplicity:1.00
0.001	0.023	0.001	0.975
0.001	0.997	0.001	0.001
0.001	0.001	0.001	0.997
0.001	0.004	0.001	0.994
0.001	0.997	0.001	0.001
0.001	0.012	0.001	0.986
0.001	0.001	0.997	0.001
0.001	0.001	0.997	0.001
0.001	0.001	0.001	0.997
0.001	0.997	0.001	0.001
0.997	0.001	0.001	0.001
0.001	0.997	0.001	0.001
>CTAGACCAARGA	8-CTAGACCAARGA	13.379579	-970.348874	0	T:252.0(0.43%),B:2.8(0.00%),P:1e-421	Tpos:95.0,Tstd:25.7,Bpos:74.1,Bstd:46.0,StrandBias:0.2,Multiplicity:1.00
0.001	0.749	0.249	0.001
0.001	0.001	0.001	0.997
0.997	0.001	0.001	0.001
0.001	0.001	0.913	0.085
0.997	0.001	0.001	0.001
0.001	0.947	0.001	0.051
0.001	0.997	0.001	0.001
0.997	0.001	0.001	0.001
0.997	0.001	0.001	0.001
0.474	0.001	0.524	0.001
0.001	0.001	0.997	0.001
0.882	0.001	0.116	0.001
>GGCATGACAGAA	9-GGCATGACAGAA	12.206522	-953.191204	0	T:217.0(0.37%),B:1.9(0.00%),P:1e-413	Tpos:97.6,Tstd:31.0,Bpos:168.9,Bstd:10.7,StrandBias:0.1,Multiplicity:1.00
0.001	0.015	0.983	0.001
0.001	0.001	0.997	0.001
0.001	0.953	0.001	0.045
0.863	0.001	0.135	0.001
0.001	0.001	0.001	0.997
0.365	0.001	0.633	0.001
0.983	0.001	0.001	0.015
0.001	0.912	0.001	0.086
0.983	0.001	0.015	0.001
0.001	0.001	0.983	0.015
0.997	0.001	0.001	0.001
0.997	0.001	0.001	0.001
>TACCGCTAGACC	10-TACCGCTAGACC	9.475089	-913.636899	0	T:262.0(0.45%),B:3.8(0.01%),P:1e-396	Tpos:99.5,Tstd:51.0,Bpos:146.0,Bstd:31.9,StrandBias:0.0,Multiplicity:1.33
0.001	0.001	0.001	0.997
0.997	0.001	0.001	0.001
0.001	0.997	0.001	0.001
0.001	0.840	0.001	0.158
0.001	0.001	0.997	0.001
0.001	0.997	0.001	0.001
0.001	0.001	0.001	0.997
0.950	0.001	0.048	0.001
0.001	0.001	0.997	0.001
0.997	0.001	0.001	0.001
0.001	0.997	0.001	0.001
0.001	0.996	0.001	0.002
>GCTACCGCTAGA	11-GCTACCGCTAGA	11.534012	-873.223461	0	T:298.0(0.51%),B:6.8(0.01%),P:1e-379	Tpos:99.2,Tstd:60.5,Bpos:98.9,Bstd:84.0,StrandBias:-0.1,Multiplicity:1.00
0.147	0.017	0.819	0.017
0.001	0.872	0.093	0.034
0.066	0.093	0.001	0.840
0.948	0.017	0.001	0.034
0.225	0.757	0.001	0.017
0.381	0.535	0.001	0.083
0.048	0.017	0.901	0.034
0.001	0.982	0.016	0.001
0.001	0.089	0.017	0.893
0.933	0.001	0.049	0.017
0.033	0.001	0.965	0.001
0.791	0.001	0.207	0.001
>GGCTCGCACTCT	12-GGCTCGCACTCT	15.364005	-752.466479	0	T:179.0(0.30%),B:1.3(0.00%),P:1e-326	Tpos:99.4,Tstd:40.3,Bpos:153.0,Bstd:0.0,StrandBias:0.2,Multiplicity:1.00
0.001	0.001	0.997	0.001
0.001	0.001	0.997	0.001
0.001	0.997	0.001	0.001
0.001	0.001	0.001	0.997
0.001	0.997	0.001	0.001
0.308	0.001	0.690	0.001
0.001	0.994	0.001	0.004
0.997	0.001	0.001	0.001
0.001	0.997	0.001	0.001
0.001	0.001	0.001	0.997
0.001	0.997	0.001	0.001
0.057	0.001	0.001	0.941
>TCAGCTCCTATC	13-TCAGCTCCTATC	12.384647	-747.930699	0	T:205.0(0.35%),B:2.4(0.00%),P:1e-324	Tpos:105.0,Tstd:71.9,Bpos:185.1,Bstd:8.0,StrandBias:0.3,Multiplicity:1.00
0.001	0.001	0.001	0.997
0.001	0.997	0.001	0.001
0.997	0.001	0.001	0.001
0.001	0.001	0.995	0.003
0.001	0.992	0.001	0.006
0.001	0.001	0.001	0.997
0.001	0.997	0.001	0.001
0.001	0.997	0.001	0.001
0.001	0.012	0.001	0.986
0.983	0.001	0.015	0.001
0.001	0.001	0.001	0.997
0.001	0.997	0.001	0.001
>CTCACTATGTCC	14-CTCACTATGTCC	10.594664	-665.488671	0	T:187.0(0.32%),B:2.5(0.00%),P:1e-289	Tpos:101.9,Tstd:62.4,Bpos:111.8,Bstd:13.0,StrandBias:0.0,Multiplicity:1.00
0.001	0.997	0.001	0.001
0.001	0.001	0.001	0.997
0.001	0.995	0.001	0.003
0.997	0.001	0.001	0.001
0.001	0.995	0.003	0.001
0.001	0.179	0.001	0.819
0.997	0.001	0.001	0.001
0.001	0.001	0.001	0.997
0.001	0.001	0.997	0.001
0.001	0.001	0.001	0.997
0.001	0.997	0.001	0.001
0.001	0.997	0.001	0.001
>TTCCCAGACGCT	15-TTCCCAGACGCT	10.505974	-627.561431	0	T:210.0(0.36%),B:4.7(0.01%),P:1e-272	Tpos:97.1,Tstd:36.5,Bpos:149.4,Bstd:5.7,StrandBias:-0.0,Multiplicity:1.00
0.001	0.001	0.001	0.997
0.001	0.001	0.001	0.997
0.001	0.993	0.001	0.005
0.001	0.997	0.001	0.001
0.001	0.997	0.001	0.001
0.997	0.001	0.001	0.001
0.003	0.001	0.995	0.001
0.997	0.001	0.001	0.001
0.001	0.751	0.001	0.247
0.001	0.001	0.997	0.001
0.001	0.997	0.001	0.001
0.001	0.001	0.001	0.997
>ACGGTCCGCTTG	16-ACGGTCCGCTTG	11.285815	-589.663264	0	T:147.0(0.25%),B:1.4(0.00%),P:1e-256	Tpos:98.9,Tstd:58.1,Bpos:52.8,Bstd:36.3,StrandBias:-0.1,Multiplicity:1.01
0.889	0.050	0.038	0.023
0.153	0.712	0.027	0.108
0.086	0.008	0.864	0.042
0.159	0.023	0.787	0.031
0.102	0.023	0.034	0.841
0.015	0.931	0.027	0.027
0.023	0.890	0.027	0.060
0.152	0.030	0.799	0.019
0.008	0.965	0.008	0.019
0.019	0.393	0.023	0.565
0.146	0.030	0.008	0.816
0.004	0.015	0.950	0.031
>TCTGGAYGGCCT	17-TCTGGAYGGCCT	10.312483	-458.453357	0	T:166.0(0.28%),B:4.1(0.01%),P:1e-199	Tpos:104.1,Tstd:76.9,Bpos:35.1,Bstd:23.7,StrandBias:0.2,Multiplicity:1.00
0.268	0.225	0.013	0.493
0.076	0.629	0.066	0.229
0.272	0.038	0.055	0.635
0.077	0.094	0.779	0.050
0.081	0.137	0.516	0.266
0.791	0.047	0.062	0.100
0.088	0.486	0.089	0.337
0.142	0.208	0.552	0.098
0.072	0.012	0.900	0.016
0.135	0.670	0.061	0.134
0.079	0.767	0.042	0.112
0.231	0.070	0.043	0.656
>GCAACGGGCGTC	18-GCAACGGGCGTC	11.543343	-433.556661	0	T:134.0(0.23%),B:2.4(0.00%),P:1e-188	Tpos:92.7,Tstd:47.4,Bpos:60.7,Bstd:5.2,StrandBias:0.3,Multiplicity:1.00
0.001	0.001	0.997	0.001
0.001	0.833	0.001	0.165
0.994	0.002	0.002	0.002
0.994	0.001	0.004	0.001
0.002	0.939	0.002	0.057
0.057	0.004	0.938	0.001
0.001	0.001	0.997	0.001
0.001	0.001	0.997	0.001
0.001	0.950	0.001	0.048
0.093	0.001	0.905	0.001
0.001	0.001	0.001	0.997
0.001	0.997	0.001	0.001
>GGTTTTTCCTAG	19-GGTTTTTCCTAG	12.590286	-400.905426	0	T:108.0(0.18%),B:0.8(0.00%),P:1e-174	Tpos:104.3,Tstd:81.7,Bpos:169.0,Bstd:0.0,StrandBias:0.2,Multiplicity:1.00
0.001	0.108	0.890	0.001
0.246	0.001	0.752	0.001
0.001	0.001	0.001	0.997
0.001	0.001	0.108	0.890
0.001	0.001	0.001	0.997
0.001	0.001	0.108	0.890
0.001	0.001	0.001	0.997
0.115	0.442	0.217	0.226
0.001	0.997	0.001	0.001
0.001	0.001	0.108	0.890
0.737	0.001	0.261	0.001
0.203	0.133	0.663	0.001
>TAAGTARCGGGT	20-TAAGTARCGGGT	11.896031	-350.023042	0	T:97.0(0.16%),B:2.0(0.00%),P:1e-152	Tpos:97.4,Tstd:69.5,Bpos:111.6,Bstd:57.1,StrandBias:0.4,Multiplicity:1.02
0.001	0.049	0.001	0.949
0.851	0.049	0.099	0.001
0.900	0.001	0.098	0.001
0.049	0.001	0.949	0.001
0.001	0.049	0.049	0.901
0.900	0.001	0.098	0.001
0.477	0.001	0.512	0.010
0.098	0.900	0.001	0.001
0.008	0.049	0.935	0.008
0.008	0.008	0.934	0.050
0.001	0.058	0.883	0.058
0.049	0.049	0.001	0.901
>AATGTCTGGAGA	21-AATGTCTGGAGA	11.018918	-276.825561	0	T:350.0(0.59%),B:72.6(0.12%),P:1e-120	Tpos:99.4,Tstd:50.9,Bpos:98.4,Bstd:57.6,StrandBias:0.1,Multiplicity:1.00
0.955	0.001	0.043	0.001
0.991	0.001	0.004	0.004
0.001	0.001	0.003	0.995
0.327	0.001	0.671	0.001
0.001	0.001	0.043	0.955
0.048	0.840	0.048	0.064
0.001	0.001	0.001	0.997
0.033	0.257	0.668	0.042
0.123	0.318	0.506	0.053
0.890	0.001	0.078	0.031
0.205	0.020	0.774	0.001
0.767	0.110	0.122	0.001
>TTCCTTGACACT	22-TTCCTTGACACT	11.439954	-266.471976	0	T:103.0(0.17%),B:3.5(0.01%),P:1e-115	Tpos:100.8,Tstd:75.5,Bpos:117.2,Bstd:67.2,StrandBias:0.1,Multiplicity:1.00
0.001	0.001	0.001	0.997
0.001	0.001	0.001	0.997
0.001	0.997	0.001	0.001
0.003	0.995	0.001	0.001
0.001	0.001	0.007	0.991
0.001	0.001	0.001	0.997
0.001	0.001	0.997	0.001
0.997	0.001	0.001	0.001
0.001	0.995	0.001	0.003
0.997	0.001	0.001	0.001
0.001	0.997	0.001	0.001
0.001	0.179	0.001	0.819
>GTGACAACCAAA	23-GTGACAACCAAA	11.575885	-248.225378	0	T:206.0(0.35%),B:26.0(0.04%),P:1e-107	Tpos:100.8,Tstd:45.2,Bpos:87.5,Bstd:52.6,StrandBias:-0.1,Multiplicity:1.00
0.079	0.025	0.864	0.032
0.004	0.002	0.004	0.990
0.033	0.008	0.958	0.001
0.997	0.001	0.001	0.001
0.025	0.949	0.013	0.013
0.986	0.001	0.012	0.001
0.974	0.001	0.001	0.024
0.054	0.799	0.001	0.146
0.031	0.967	0.001	0.001
0.946	0.046	0.004	0.004
0.972	0.013	0.013	0.002
0.986	0.001	0.001	0.012
>GCTGCTAAACAT	24-GCTGCTAAACAT	10.198910	-246.541789	0	T:113.0(0.19%),B:5.4(0.01%),P:1e-107	Tpos:97.8,Tstd:40.0,Bpos:63.0,Bstd:12.3,StrandBias:-0.1,Multiplicity:1.00
0.123	0.001	0.875	0.001
0.001	0.997	0.001	0.001
0.001	0.001	0.001	0.997
0.049	0.002	0.948	0.001
0.001	0.997	0.001	0.001
0.001	0.001	0.001	0.997
0.993	0.001	0.001	0.005
0.993	0.001	0.001	0.005
0.997	0.001	0.001	0.001
0.001	0.997	0.001	0.001
0.995	0.002	0.002	0.001
0.001	0.001	0.001	0.997
>AMTGCAGTTTTT	25-AMTGCAGTTTTT	-4.670387	-231.564576	0	T:13137.0(22.31%),B:10954.0(18.80%),P:1e-100	Tpos:99.9,Tstd:58.0,Bpos:99.9,Bstd:58.4,StrandBias:-0.0,Multiplicity:1.18
0.997	0.001	0.001	0.001
0.572	0.426	0.001	0.001
0.001	0.001	0.001	0.997
0.001	0.001	0.997	0.001
0.001	0.997	0.001	0.001
0.997	0.001	0.001	0.001
0.001	0.001	0.997	0.001
0.001	0.001	0.001	0.997
0.001	0.001	0.001	0.997
0.001	0.001	0.001	0.997
0.001	0.001	0.001	0.997
0.001	0.001	0.001	0.997
