>CMYCTAGTGG	1-CMYCTAGTGG	6.731583	-47322.238500	0	T:33916.0(57.61%),B:4706.5(8.08%),P:1e-20551	Tpos:99.8,Tstd:30.9,Bpos:100.2,Bstd:61.9,StrandBias:-0.0,Multiplicity:1.09
0.002	0.993	0.001	0.004
0.441	0.520	0.008	0.031
0.004	0.551	0.002	0.443
0.004	0.993	0.001	0.002
0.015	0.043	0.003	0.939
0.496	0.020	0.345	0.140
0.013	0.206	0.764	0.017
0.091	0.065	0.004	0.840
0.002	0.001	0.990	0.007
0.023	0.015	0.911	0.051
>AGCGCCCYCT	2-AGCGCCCYCT	6.936510	-25380.251558	0	T:25433.0(43.20%),B:4959.6(8.51%),P:1e-11022	Tpos:100.1,Tstd:37.9,Bpos:99.8,Bstd:59.8,StrandBias:0.0,Multiplicity:1.10
0.672	0.011	0.260	0.057
0.033	0.084	0.849	0.034
0.027	0.709	0.009	0.255
0.052	0.001	0.878	0.069
0.034	0.962	0.001	0.003
0.002	0.940	0.027	0.031
0.332	0.607	0.020	0.041
0.005	0.552	0.004	0.439
0.006	0.980	0.002	0.012
0.084	0.050	0.016	0.850
>CNCCNDGTGG	3-CNCCNDGTGG	5.214837	-20242.121389	0	T:28458.0(48.34%),B:7995.8(13.72%),P:1e-8790	Tpos:99.9,Tstd:48.5,Bpos:99.9,Bstd:59.2,StrandBias:-0.1,Multiplicity:1.08
0.081	0.688	0.014	0.217
0.318	0.171	0.234	0.277
0.063	0.493	0.153	0.291
0.152	0.480	0.092	0.276
0.242	0.293	0.179	0.286
0.287	0.130	0.346	0.238
0.146	0.299	0.465	0.090
0.298	0.205	0.042	0.455
0.058	0.028	0.897	0.017
0.236	0.081	0.604	0.079
>CCCTAGTGGT	4-CCCTAGTGGT	6.564166	-12520.025997	0	T:17500.0(29.73%),B:4437.6(7.62%),P:1e-5437	Tpos:100.2,Tstd:47.7,Bpos:101.0,Bstd:59.8,StrandBias:-0.1,Multiplicity:1.05
0.039	0.652	0.119	0.190
0.133	0.565	0.058	0.244
0.009	0.926	0.003	0.062
0.122	0.100	0.072	0.706
0.622	0.040	0.138	0.200
0.034	0.176	0.789	0.001
0.085	0.266	0.074	0.575
0.019	0.009	0.917	0.055
0.012	0.042	0.804	0.142
0.107	0.284	0.097	0.512
>GGTGGCAGCA	5-GGTGGCAGCA	9.073596	-5609.444965	0	T:4402.0(7.48%),B:521.5(0.90%),P:1e-2436	Tpos:99.9,Tstd:36.8,Bpos:101.1,Bstd:63.3,StrandBias:0.1,Multiplicity:1.01
0.001	0.001	0.997	0.001
0.115	0.001	0.883	0.001
0.001	0.001	0.103	0.895
0.001	0.001	0.997	0.001
0.001	0.001	0.997	0.001
0.001	0.997	0.001	0.001
0.997	0.001	0.001	0.001
0.001	0.001	0.963	0.035
0.001	0.895	0.001	0.103
0.936	0.062	0.001	0.001
>CCCCCTACTG	6-CCCCCTACTG	12.927083	-2504.760771	0	T:1017.0(1.73%),B:33.5(0.06%),P:1e-1087	Tpos:106.0,Tstd:36.7,Bpos:41.3,Bstd:17.7,StrandBias:-0.4,Multiplicity:1.00
0.001	0.997	0.001	0.001
0.001	0.997	0.001	0.001
0.001	0.997	0.001	0.001
0.001	0.595	0.001	0.403
0.001	0.997	0.001	0.001
0.001	0.001	0.001	0.997
0.997	0.001	0.001	0.001
0.001	0.997	0.001	0.001
0.001	0.001	0.001	0.997
0.001	0.001	0.997	0.001
>TCWGTACTGC	7-TCWGTACTGC	4.371220	-1108.058923	0	T:32948.0(55.97%),B:26973.0(46.30%),P:1e-481	Tpos:100.0,Tstd:52.8,Bpos:100.0,Bstd:61.7,StrandBias:-0.0,Multiplicity:1.43
0.224	0.194	0.100	0.481
0.185	0.392	0.221	0.202
0.442	0.065	0.180	0.313
0.225	0.200	0.433	0.143
0.216	0.250	0.114	0.420
0.638	0.015	0.214	0.133
0.188	0.417	0.215	0.181
0.122	0.190	0.004	0.684
0.177	0.024	0.768	0.031
0.009	0.832	0.145	0.014
>ACCGCTAGAC	8-ACCGCTAGAC	8.874057	-936.012855	0	T:267.0(0.45%),B:3.8(0.01%),P:1e-406	Tpos:100.3,Tstd:44.5,Bpos:142.3,Bstd:44.0,StrandBias:0.1,Multiplicity:1.31
0.997	0.001	0.001	0.001
0.001	0.997	0.001	0.001
0.001	0.997	0.001	0.001
0.001	0.001	0.997	0.001
0.001	0.997	0.001	0.001
0.001	0.001	0.001	0.997
0.997	0.001	0.001	0.001
0.001	0.001	0.997	0.001
0.997	0.001	0.001	0.001
0.001	0.991	0.001	0.007
>TTTGAACAGC	9-TTTGAACAGC	4.770709	-582.039845	0	T:22258.0(37.81%),B:18181.5(31.21%),P:1e-252	Tpos:100.4,Tstd:57.3,Bpos:100.9,Bstd:60.1,StrandBias:0.0,Multiplicity:1.18
0.105	0.098	0.121	0.676
0.091	0.119	0.097	0.693
0.087	0.076	0.118	0.719
0.123	0.117	0.627	0.133
0.711	0.099	0.096	0.094
0.685	0.097	0.103	0.115
0.122	0.703	0.076	0.099
0.799	0.062	0.071	0.068
0.130	0.080	0.685	0.105
0.088	0.702	0.086	0.124
>CTCGCACTCT	10-CTCGCACTCT	13.824856	-530.334949	0	T:135.0(0.23%),B:1.7(0.00%),P:1e-230	Tpos:96.4,Tstd:41.1,Bpos:165.2,Bstd:25.8,StrandBias:0.1,Multiplicity:1.00
0.001	0.997	0.001	0.001
0.001	0.001	0.001	0.997
0.001	0.997	0.001	0.001
0.001	0.001	0.997	0.001
0.001	0.994	0.001	0.004
0.997	0.001	0.001	0.001
0.006	0.992	0.001	0.001
0.001	0.001	0.001	0.997
0.001	0.997	0.001	0.001
0.001	0.001	0.001	0.997
>GGGCATAACA	11-GGGCATAACA	10.296193	-453.775113	0	T:184.0(0.31%),B:6.7(0.01%),P:1e-197	Tpos:99.5,Tstd:30.6,Bpos:114.3,Bstd:60.8,StrandBias:0.2,Multiplicity:1.00
0.100	0.100	0.700	0.100
0.100	0.100	0.700	0.100
0.100	0.100	0.700	0.100
0.100	0.700	0.100	0.100
0.700	0.100	0.100	0.100
0.100	0.100	0.100	0.700
0.700	0.100	0.100	0.100
0.700	0.100	0.100	0.100
0.100	0.700	0.100	0.100
0.700	0.100	0.100	0.100
>GTCTTCTGGT	12-GTCTTCTGGT	10.296193	-436.870896	0	T:277.0(0.47%),B:23.3(0.04%),P:1e-189	Tpos:98.5,Tstd:51.5,Bpos:97.9,Bstd:62.3,StrandBias:0.1,Multiplicity:1.00
0.100	0.100	0.700	0.100
0.100	0.100	0.100	0.700
0.100	0.700	0.100	0.100
0.100	0.100	0.100	0.700
0.100	0.100	0.100	0.700
0.100	0.700	0.100	0.100
0.100	0.100	0.100	0.700
0.100	0.100	0.700	0.100
0.100	0.100	0.700	0.100
0.100	0.100	0.100	0.700
>GCTCCTATCT	13-GCTCCTATCT	10.296193	-432.053717	0	T:207.0(0.35%),B:10.5(0.02%),P:1e-187	Tpos:107.3,Tstd:73.1,Bpos:67.1,Bstd:44.4,StrandBias:0.3,Multiplicity:1.00
0.100	0.100	0.700	0.100
0.100	0.700	0.100	0.100
0.100	0.100	0.100	0.700
0.100	0.700	0.100	0.100
0.100	0.700	0.100	0.100
0.100	0.100	0.100	0.700
0.700	0.100	0.100	0.100
0.100	0.100	0.100	0.700
0.100	0.700	0.100	0.100
0.100	0.100	0.100	0.700
>KTGAAATKCM	14-KTGAAATKCM	5.152260	-430.479991	0	T:23935.0(40.66%),B:20308.4(34.86%),P:1e-186	Tpos:99.9,Tstd:58.7,Bpos:99.7,Bstd:58.4,StrandBias:0.0,Multiplicity:1.35
0.197	0.198	0.240	0.364
0.001	0.001	0.339	0.659
0.091	0.229	0.464	0.216
0.456	0.276	0.055	0.213
0.997	0.001	0.001	0.001
0.641	0.001	0.001	0.357
0.290	0.001	0.001	0.708
0.211	0.001	0.337	0.450
0.164	0.470	0.170	0.195
0.505	0.435	0.001	0.059
>GGAAACATTT	15-GGAAACATTT	4.538063	-370.063709	0	T:27472.0(46.66%),B:23973.2(41.15%),P:1e-160	Tpos:100.4,Tstd:59.8,Bpos:99.9,Bstd:58.2,StrandBias:-0.0,Multiplicity:1.47
0.115	0.069	0.707	0.109
0.131	0.101	0.669	0.099
0.723	0.094	0.092	0.091
0.715	0.096	0.108	0.081
0.704	0.092	0.106	0.098
0.137	0.651	0.103	0.109
0.683	0.107	0.108	0.102
0.114	0.088	0.096	0.702
0.076	0.103	0.088	0.733
0.092	0.094	0.100	0.714
>CACTATGTCC	16-CACTATGTCC	10.296193	-288.088904	0	T:146.0(0.25%),B:8.4(0.01%),P:1e-125	Tpos:98.7,Tstd:63.2,Bpos:108.2,Bstd:48.0,StrandBias:0.1,Multiplicity:1.00
0.100	0.700	0.100	0.100
0.700	0.100	0.100	0.100
0.100	0.700	0.100	0.100
0.100	0.100	0.100	0.700
0.700	0.100	0.100	0.100
0.100	0.100	0.100	0.700
0.100	0.100	0.700	0.100
0.100	0.100	0.100	0.700
0.100	0.700	0.100	0.100
0.100	0.700	0.100	0.100
>ACGAGCGTCT	17-ACGAGCGTCT	11.642170	-279.913147	0	T:96.0(0.16%),B:2.6(0.00%),P:1e-121	Tpos:102.1,Tstd:48.1,Bpos:187.6,Bstd:4.9,StrandBias:0.1,Multiplicity:1.00
0.636	0.001	0.001	0.362
0.001	0.997	0.001	0.001
0.001	0.001	0.636	0.362
0.724	0.001	0.274	0.001
0.001	0.001	0.997	0.001
0.001	0.997	0.001	0.001
0.001	0.001	0.997	0.001
0.001	0.001	0.001	0.997
0.001	0.997	0.001	0.001
0.001	0.001	0.001	0.997
>CTKTATGGCG	18-CTKTATGGCG	10.182053	-273.166136	0	T:184.0(0.31%),B:17.6(0.03%),P:1e-118	Tpos:101.9,Tstd:75.9,Bpos:102.5,Bstd:53.5,StrandBias:0.1,Multiplicity:1.00
0.039	0.616	0.344	0.001
0.001	0.039	0.001	0.959
0.001	0.001	0.511	0.487
0.001	0.001	0.001	0.997
0.997	0.001	0.001	0.001
0.001	0.001	0.001	0.997
0.001	0.001	0.997	0.001
0.001	0.001	0.997	0.001
0.001	0.997	0.001	0.001
0.001	0.085	0.913	0.001
>GGTGCTACTG	19-GGTGCTACTG	9.902107	-199.948110	0	T:376.0(0.64%),B:109.2(0.19%),P:1e-86	Tpos:101.9,Tstd:39.8,Bpos:101.4,Bstd:68.0,StrandBias:-0.2,Multiplicity:1.00
0.060	0.001	0.938	0.001
0.153	0.001	0.779	0.067
0.001	0.033	0.001	0.965
0.001	0.001	0.997	0.001
0.001	0.888	0.001	0.110
0.095	0.001	0.001	0.903
0.997	0.001	0.001	0.001
0.001	0.997	0.001	0.001
0.001	0.001	0.001	0.997
0.001	0.001	0.997	0.001
>ACGCCAGCGT	20-ACGCCAGCGT	10.296193	-191.282423	0	T:81.0(0.14%),B:3.9(0.01%),P:1e-83	Tpos:99.2,Tstd:34.9,Bpos:105.3,Bstd:35.4,StrandBias:0.3,Multiplicity:1.00
0.700	0.100	0.100	0.100
0.100	0.700	0.100	0.100
0.100	0.100	0.700	0.100
0.100	0.700	0.100	0.100
0.100	0.700	0.100	0.100
0.700	0.100	0.100	0.100
0.100	0.100	0.700	0.100
0.100	0.700	0.100	0.100
0.100	0.100	0.700	0.100
0.100	0.100	0.100	0.700
>CACGATCCGC	21-CACGATCCGC	11.232309	-157.487999	0	T:83.0(0.14%),B:5.9(0.01%),P:1e-68	Tpos:95.8,Tstd:58.4,Bpos:110.9,Bstd:26.5,StrandBias:0.1,Multiplicity:1.00
0.001	0.806	0.001	0.192
0.997	0.001	0.001	0.001
0.001	0.997	0.001	0.001
0.001	0.001	0.997	0.001
0.623	0.001	0.375	0.001
0.001	0.001	0.001	0.997
0.192	0.615	0.001	0.192
0.001	0.997	0.001	0.001
0.001	0.001	0.997	0.001
0.001	0.997	0.001	0.001
>CACTTCGCAC	22-CACTTCGCAC	9.425763	-153.773579	0	T:273.0(0.46%),B:76.1(0.13%),P:1e-66	Tpos:103.6,Tstd:58.1,Bpos:104.9,Bstd:50.2,StrandBias:0.2,Multiplicity:1.00
0.001	0.773	0.001	0.225
0.997	0.001	0.001	0.001
0.053	0.945	0.001	0.001
0.001	0.380	0.001	0.618
0.001	0.001	0.001	0.997
0.001	0.997	0.001	0.001
0.001	0.001	0.960	0.038
0.001	0.700	0.298	0.001
0.997	0.001	0.001	0.001
0.001	0.997	0.001	0.001
>GTTTTTCCTA	23-GTTTTTCCTA	10.296193	-115.156338	0	T:127.0(0.22%),B:23.6(0.04%),P:1e-50	Tpos:106.4,Tstd:79.2,Bpos:107.3,Bstd:51.6,StrandBias:0.1,Multiplicity:1.01
0.100	0.100	0.700	0.100
0.100	0.100	0.100	0.700
0.100	0.100	0.100	0.700
0.100	0.100	0.100	0.700
0.100	0.100	0.100	0.700
0.100	0.100	0.100	0.700
0.100	0.700	0.100	0.100
0.100	0.700	0.100	0.100
0.100	0.100	0.100	0.700
0.700	0.100	0.100	0.100
>CGGTCYGCTA	24-CGGTCYGCTA	11.516361	-110.902804	0	T:40.0(0.07%),B:1.4(0.00%),P:1e-48	Tpos:100.6,Tstd:69.2,Bpos:134.0,Bstd:0.0,StrandBias:0.1,Multiplicity:1.00
0.310	0.688	0.001	0.001
0.042	0.098	0.836	0.024
0.088	0.140	0.747	0.025
0.066	0.024	0.017	0.893
0.084	0.785	0.086	0.045
0.046	0.384	0.047	0.523
0.060	0.004	0.765	0.171
0.021	0.879	0.070	0.030
0.013	0.032	0.004	0.951
0.950	0.004	0.032	0.014
>TAGCGGGTGT	25-TAGCGGGTGT	10.296193	-82.196371	0	T:45.0(0.08%),B:3.8(0.01%),P:1e-35	Tpos:99.9,Tstd:78.7,Bpos:104.8,Bstd:53.1,StrandBias:0.2,Multiplicity:1.00
0.100	0.100	0.100	0.700
0.700	0.100	0.100	0.100
0.100	0.100	0.700	0.100
0.100	0.700	0.100	0.100
0.100	0.100	0.700	0.100
0.100	0.100	0.700	0.100
0.100	0.100	0.700	0.100
0.100	0.100	0.100	0.700
0.100	0.100	0.700	0.100
0.100	0.100	0.100	0.700
