>CMYCTAGTGG	1-CMYCTAGTGG	6.731583	-47322.238500	0	T:33916.0(57.61%),B:4706.5(8.08%),P:1e-20551	Tpos:99.8,Tstd:30.9,Bpos:100.2,Bstd:61.9,StrandBias:-0.0,Multiplicity:1.09
0.002	0.993	0.001	0.004
0.441	0.520	0.008	0.031
0.004	0.551	0.002	0.443
0.004	0.993	0.001	0.002
0.015	0.043	0.003	0.939
0.496	0.020	0.345	0.140
0.013	0.206	0.764	0.017
0.091	0.065	0.004	0.840
0.002	0.001	0.990	0.007
0.023	0.015	0.911	0.051
>AGCGCCCYCT	2-AGCGCCCYCT	6.936510	-25380.251558	0	T:25433.0(43.20%),B:4959.6(8.51%),P:1e-11022	Tpos:100.1,Tstd:37.9,Bpos:99.8,Bstd:59.8,StrandBias:0.0,Multiplicity:1.10
0.672	0.011	0.260	0.057
0.033	0.084	0.849	0.034
0.027	0.709	0.009	0.255
0.052	0.001	0.878	0.069
0.034	0.962	0.001	0.003
0.002	0.940	0.027	0.031
0.332	0.607	0.020	0.041
0.005	0.552	0.004	0.439
0.006	0.980	0.002	0.012
0.084	0.050	0.016	0.850
>CNCCNDGTGG	3-CNCCNDGTGG	5.214837	-20242.121389	0	T:28458.0(48.34%),B:7995.8(13.72%),P:1e-8790	Tpos:99.9,Tstd:48.5,Bpos:99.9,Bstd:59.2,StrandBias:-0.1,Multiplicity:1.08
0.081	0.688	0.014	0.217
0.318	0.171	0.234	0.277
0.063	0.493	0.153	0.291
0.152	0.480	0.092	0.276
0.242	0.293	0.179	0.286
0.287	0.130	0.346	0.238
0.146	0.299	0.465	0.090
0.298	0.205	0.042	0.455
0.058	0.028	0.897	0.017
0.236	0.081	0.604	0.079
>CCCTAGTGGT	4-CCCTAGTGGT	6.564166	-12520.025997	0	T:17500.0(29.73%),B:4437.6(7.62%),P:1e-5437	Tpos:100.2,Tstd:47.7,Bpos:101.0,Bstd:59.8,StrandBias:-0.1,Multiplicity:1.05
0.039	0.652	0.119	0.190
0.133	0.565	0.058	0.244
0.009	0.926	0.003	0.062
0.122	0.100	0.072	0.706
0.622	0.040	0.138	0.200
0.034	0.176	0.789	0.001
0.085	0.266	0.074	0.575
0.019	0.009	0.917	0.055
0.012	0.042	0.804	0.142
0.107	0.284	0.097	0.512
>GGTGGCAGCA	5-GGTGGCAGCA	9.073596	-5609.444965	0	T:4402.0(7.48%),B:521.5(0.90%),P:1e-2436	Tpos:99.9,Tstd:36.8,Bpos:101.1,Bstd:63.3,StrandBias:0.1,Multiplicity:1.01
0.001	0.001	0.997	0.001
0.115	0.001	0.883	0.001
0.001	0.001	0.103	0.895
0.001	0.001	0.997	0.001
0.001	0.001	0.997	0.001
0.001	0.997	0.001	0.001
0.997	0.001	0.001	0.001
0.001	0.001	0.963	0.035
0.001	0.895	0.001	0.103
0.936	0.062	0.001	0.001
>CCCCCTACTG	6-CCCCCTACTG	12.927083	-2504.760771	0	T:1017.0(1.73%),B:33.5(0.06%),P:1e-1087	Tpos:106.0,Tstd:36.7,Bpos:41.3,Bstd:17.7,StrandBias:-0.4,Multiplicity:1.00
0.001	0.997	0.001	0.001
0.001	0.997	0.001	0.001
0.001	0.997	0.001	0.001
0.001	0.595	0.001	0.403
0.001	0.997	0.001	0.001
0.001	0.001	0.001	0.997
0.997	0.001	0.001	0.001
0.001	0.997	0.001	0.001
0.001	0.001	0.001	0.997
0.001	0.001	0.997	0.001
>TCWGTACTGC	7-TCWGTACTGC	4.371220	-1108.058923	0	T:32948.0(55.97%),B:26973.0(46.30%),P:1e-481	Tpos:100.0,Tstd:52.8,Bpos:100.0,Bstd:61.7,StrandBias:-0.0,Multiplicity:1.43
0.224	0.194	0.100	0.481
0.185	0.392	0.221	0.202
0.442	0.065	0.180	0.313
0.225	0.200	0.433	0.143
0.216	0.250	0.114	0.420
0.638	0.015	0.214	0.133
0.188	0.417	0.215	0.181
0.122	0.190	0.004	0.684
0.177	0.024	0.768	0.031
0.009	0.832	0.145	0.014
>ACCGCTAGAC	8-ACCGCTAGAC	8.874057	-936.012855	0	T:267.0(0.45%),B:3.8(0.01%),P:1e-406	Tpos:100.3,Tstd:44.5,Bpos:142.3,Bstd:44.0,StrandBias:0.1,Multiplicity:1.31
0.997	0.001	0.001	0.001
0.001	0.997	0.001	0.001
0.001	0.997	0.001	0.001
0.001	0.001	0.997	0.001
0.001	0.997	0.001	0.001
0.001	0.001	0.001	0.997
0.997	0.001	0.001	0.001
0.001	0.001	0.997	0.001
0.997	0.001	0.001	0.001
0.001	0.991	0.001	0.007
>TTTGAACAGC	9-TTTGAACAGC	4.770709	-582.039845	0	T:22258.0(37.81%),B:18181.5(31.21%),P:1e-252	Tpos:100.4,Tstd:57.3,Bpos:100.9,Bstd:60.1,StrandBias:0.0,Multiplicity:1.18
0.105	0.098	0.121	0.676
0.091	0.119	0.097	0.693
0.087	0.076	0.118	0.719
0.123	0.117	0.627	0.133
0.711	0.099	0.096	0.094
0.685	0.097	0.103	0.115
0.122	0.703	0.076	0.099
0.799	0.062	0.071	0.068
0.130	0.080	0.685	0.105
0.088	0.702	0.086	0.124
>CTCGCACTCT	10-CTCGCACTCT	13.824856	-530.334949	0	T:135.0(0.23%),B:1.7(0.00%),P:1e-230	Tpos:96.4,Tstd:41.1,Bpos:165.2,Bstd:25.8,StrandBias:0.1,Multiplicity:1.00
0.001	0.997	0.001	0.001
0.001	0.001	0.001	0.997
0.001	0.997	0.001	0.001
0.001	0.001	0.997	0.001
0.001	0.994	0.001	0.004
0.997	0.001	0.001	0.001
0.006	0.992	0.001	0.001
0.001	0.001	0.001	0.997
0.001	0.997	0.001	0.001
0.001	0.001	0.001	0.997
>GGGCATAACA	11-GGGCATAACA	10.296193	-453.775113	0	T:184.0(0.31%),B:6.7(0.01%),P:1e-197	Tpos:99.5,Tstd:30.6,Bpos:114.3,Bstd:60.8,StrandBias:0.2,Multiplicity:1.00
0.100	0.100	0.700	0.100
0.100	0.100	0.700	0.100
0.100	0.100	0.700	0.100
0.100	0.700	0.100	0.100
0.700	0.100	0.100	0.100
0.100	0.100	0.100	0.700
0.700	0.100	0.100	0.100
0.700	0.100	0.100	0.100
0.100	0.700	0.100	0.100
0.700	0.100	0.100	0.100
>GTCTTCTGGT	12-GTCTTCTGGT	10.296193	-436.870896	0	T:277.0(0.47%),B:23.3(0.04%),P:1e-189	Tpos:98.5,Tstd:51.5,Bpos:97.9,Bstd:62.3,StrandBias:0.1,Multiplicity:1.00
0.100	0.100	0.700	0.100
0.100	0.100	0.100	0.700
0.100	0.700	0.100	0.100
0.100	0.100	0.100	0.700
0.100	0.100	0.100	0.700
0.100	0.700	0.100	0.100
0.100	0.100	0.100	0.700
0.100	0.100	0.700	0.100
0.100	0.100	0.700	0.100
0.100	0.100	0.100	0.700
>GCTCCTATCT	13-GCTCCTATCT	10.296193	-432.053717	0	T:207.0(0.35%),B:10.5(0.02%),P:1e-187	Tpos:107.3,Tstd:73.1,Bpos:67.1,Bstd:44.4,StrandBias:0.3,Multiplicity:1.00
0.100	0.100	0.700	0.100
0.100	0.700	0.100	0.100
0.100	0.100	0.100	0.700
0.100	0.700	0.100	0.100
0.100	0.700	0.100	0.100
0.100	0.100	0.100	0.700
0.700	0.100	0.100	0.100
0.100	0.100	0.100	0.700
0.100	0.700	0.100	0.100
0.100	0.100	0.100	0.700
>KTGAAATKCM	14-KTGAAATKCM	5.152260	-430.479991	0	T:23935.0(40.66%),B:20308.4(34.86%),P:1e-186	Tpos:99.9,Tstd:58.7,Bpos:99.7,Bstd:58.4,StrandBias:0.0,Multiplicity:1.35
0.197	0.198	0.240	0.364
0.001	0.001	0.339	0.659
0.091	0.229	0.464	0.216
0.456	0.276	0.055	0.213
0.997	0.001	0.001	0.001
0.641	0.001	0.001	0.357
0.290	0.001	0.001	0.708
0.211	0.001	0.337	0.450
0.164	0.470	0.170	0.195
0.505	0.435	0.001	0.059
>GGAAACATTT	15-GGAAACATTT	4.538063	-370.063709	0	T:27472.0(46.66%),B:23973.2(41.15%),P:1e-160	Tpos:100.4,Tstd:59.8,Bpos:99.9,Bstd:58.2,StrandBias:-0.0,Multiplicity:1.47
0.115	0.069	0.707	0.109
0.131	0.101	0.669	0.099
0.723	0.094	0.092	0.091
0.715	0.096	0.108	0.081
0.704	0.092	0.106	0.098
0.137	0.651	0.103	0.109
0.683	0.107	0.108	0.102
0.114	0.088	0.096	0.702
0.076	0.103	0.088	0.733
0.092	0.094	0.100	0.714
>CACTATGTCC	16-CACTATGTCC	10.296193	-288.088904	0	T:146.0(0.25%),B:8.4(0.01%),P:1e-125	Tpos:98.7,Tstd:63.2,Bpos:108.2,Bstd:48.0,StrandBias:0.1,Multiplicity:1.00
0.100	0.700	0.100	0.100
0.700	0.100	0.100	0.100
0.100	0.700	0.100	0.100
0.100	0.100	0.100	0.700
0.700	0.100	0.100	0.100
0.100	0.100	0.100	0.700
0.100	0.100	0.700	0.100
0.100	0.100	0.100	0.700
0.100	0.700	0.100	0.100
0.100	0.700	0.100	0.100
>ACGAGCGTCT	17-ACGAGCGTCT	11.642170	-279.913147	0	T:96.0(0.16%),B:2.6(0.00%),P:1e-121	Tpos:102.1,Tstd:48.1,Bpos:187.6,Bstd:4.9,StrandBias:0.1,Multiplicity:1.00
0.636	0.001	0.001	0.362
0.001	0.997	0.001	0.001
0.001	0.001	0.636	0.362
0.724	0.001	0.274	0.001
0.001	0.001	0.997	0.001
0.001	0.997	0.001	0.001
0.001	0.001	0.997	0.001
0.001	0.001	0.001	0.997
0.001	0.997	0.001	0.001
0.001	0.001	0.001	0.997
>CTKTATGGCG	18-CTKTATGGCG	10.182053	-273.166136	0	T:184.0(0.31%),B:17.6(0.03%),P:1e-118	Tpos:101.9,Tstd:75.9,Bpos:102.5,Bstd:53.5,StrandBias:0.1,Multiplicity:1.00
0.039	0.616	0.344	0.001
0.001	0.039	0.001	0.959
0.001	0.001	0.511	0.487
0.001	0.001	0.001	0.997
0.997	0.001	0.001	0.001
0.001	0.001	0.001	0.997
0.001	0.001	0.997	0.001
0.001	0.001	0.997	0.001
0.001	0.997	0.001	0.001
0.001	0.085	0.913	0.001
>GGTGCTACTG	19-GGTGCTACTG	9.902107	-199.948110	0	T:376.0(0.64%),B:109.2(0.19%),P:1e-86	Tpos:101.9,Tstd:39.8,Bpos:101.4,Bstd:68.0,StrandBias:-0.2,Multiplicity:1.00
0.060	0.001	0.938	0.001
0.153	0.001	0.779	0.067
0.001	0.033	0.001	0.965
0.001	0.001	0.997	0.001
0.001	0.888	0.001	0.110
0.095	0.001	0.001	0.903
0.997	0.001	0.001	0.001
0.001	0.997	0.001	0.001
0.001	0.001	0.001	0.997
0.001	0.001	0.997	0.001
>ACGCCAGCGT	20-ACGCCAGCGT	10.296193	-191.282423	0	T:81.0(0.14%),B:3.9(0.01%),P:1e-83	Tpos:99.2,Tstd:34.9,Bpos:105.3,Bstd:35.4,StrandBias:0.3,Multiplicity:1.00
0.700	0.100	0.100	0.100
0.100	0.700	0.100	0.100
0.100	0.100	0.700	0.100
0.100	0.700	0.100	0.100
0.100	0.700	0.100	0.100
0.700	0.100	0.100	0.100
0.100	0.100	0.700	0.100
0.100	0.700	0.100	0.100
0.100	0.100	0.700	0.100
0.100	0.100	0.100	0.700
>CACGATCCGC	21-CACGATCCGC	11.232309	-157.487999	0	T:83.0(0.14%),B:5.9(0.01%),P:1e-68	Tpos:95.8,Tstd:58.4,Bpos:110.9,Bstd:26.5,StrandBias:0.1,Multiplicity:1.00
0.001	0.806	0.001	0.192
0.997	0.001	0.001	0.001
0.001	0.997	0.001	0.001
0.001	0.001	0.997	0.001
0.623	0.001	0.375	0.001
0.001	0.001	0.001	0.997
0.192	0.615	0.001	0.192
0.001	0.997	0.001	0.001
0.001	0.001	0.997	0.001
0.001	0.997	0.001	0.001
>CACTTCGCAC	22-CACTTCGCAC	9.425763	-153.773579	0	T:273.0(0.46%),B:76.1(0.13%),P:1e-66	Tpos:103.6,Tstd:58.1,Bpos:104.9,Bstd:50.2,StrandBias:0.2,Multiplicity:1.00
0.001	0.773	0.001	0.225
0.997	0.001	0.001	0.001
0.053	0.945	0.001	0.001
0.001	0.380	0.001	0.618
0.001	0.001	0.001	0.997
0.001	0.997	0.001	0.001
0.001	0.001	0.960	0.038
0.001	0.700	0.298	0.001
0.997	0.001	0.001	0.001
0.001	0.997	0.001	0.001
>GTTTTTCCTA	23-GTTTTTCCTA	10.296193	-115.156338	0	T:127.0(0.22%),B:23.6(0.04%),P:1e-50	Tpos:106.4,Tstd:79.2,Bpos:107.3,Bstd:51.6,StrandBias:0.1,Multiplicity:1.01
0.100	0.100	0.700	0.100
0.100	0.100	0.100	0.700
0.100	0.100	0.100	0.700
0.100	0.100	0.100	0.700
0.100	0.100	0.100	0.700
0.100	0.100	0.100	0.700
0.100	0.700	0.100	0.100
0.100	0.700	0.100	0.100
0.100	0.100	0.100	0.700
0.700	0.100	0.100	0.100
>CGGTCYGCTA	24-CGGTCYGCTA	11.516361	-110.902804	0	T:40.0(0.07%),B:1.4(0.00%),P:1e-48	Tpos:100.6,Tstd:69.2,Bpos:134.0,Bstd:0.0,StrandBias:0.1,Multiplicity:1.00
0.310	0.688	0.001	0.001
0.042	0.098	0.836	0.024
0.088	0.140	0.747	0.025
0.066	0.024	0.017	0.893
0.084	0.785	0.086	0.045
0.046	0.384	0.047	0.523
0.060	0.004	0.765	0.171
0.021	0.879	0.070	0.030
0.013	0.032	0.004	0.951
0.950	0.004	0.032	0.014
>TAGCGGGTGT	25-TAGCGGGTGT	10.296193	-82.196371	0	T:45.0(0.08%),B:3.8(0.01%),P:1e-35	Tpos:99.9,Tstd:78.7,Bpos:104.8,Bstd:53.1,StrandBias:0.2,Multiplicity:1.00
0.100	0.100	0.100	0.700
0.700	0.100	0.100	0.100
0.100	0.100	0.700	0.100
0.100	0.700	0.100	0.100
0.100	0.100	0.700	0.100
0.100	0.100	0.700	0.100
0.100	0.100	0.700	0.100
0.100	0.100	0.100	0.700
0.100	0.100	0.700	0.100
0.100	0.100	0.100	0.700
>GCCCCCTAGTGG	1-GCCCCCTAGTGG	7.260952	-75197.578885	0	T:33784.0(57.39%),B:1966.4(3.38%),P:1e-32657	Tpos:100.0,Tstd:27.7,Bpos:101.3,Bstd:60.1,StrandBias:-0.0,Multiplicity:1.04
0.065	0.017	0.813	0.105
0.051	0.902	0.025	0.022
0.003	0.991	0.001	0.005
0.357	0.597	0.007	0.039
0.012	0.627	0.001	0.360
0.001	0.997	0.001	0.001
0.022	0.039	0.004	0.935
0.544	0.028	0.295	0.133
0.014	0.151	0.818	0.017
0.074	0.036	0.022	0.868
0.001	0.001	0.996	0.002
0.026	0.018	0.912	0.044
>KCCCCCTGSWGG	2-KCCCCCTGSWGG	5.966308	-35304.938784	0	T:46425.0(78.86%),B:15373.7(26.39%),P:1e-15332	Tpos:100.4,Tstd:47.5,Bpos:100.1,Bstd:59.6,StrandBias:-0.0,Multiplicity:1.24
0.147	0.178	0.412	0.263
0.116	0.498	0.271	0.114
0.052	0.812	0.028	0.108
0.189	0.622	0.049	0.140
0.122	0.551	0.007	0.320
0.001	0.997	0.001	0.001
0.171	0.197	0.001	0.631
0.305	0.003	0.508	0.184
0.001	0.411	0.543	0.045
0.352	0.132	0.121	0.395
0.001	0.001	0.970	0.028
0.073	0.041	0.807	0.079
>CCACTAGGTGGC	3-CCACTAGGTGGC	7.708196	-29991.200977	0	T:18027.0(30.62%),B:1571.2(2.70%),P:1e-13024	Tpos:99.3,Tstd:40.9,Bpos:97.7,Bstd:59.4,StrandBias:-0.0,Multiplicity:1.01
0.110	0.696	0.115	0.079
0.053	0.881	0.025	0.041
0.769	0.078	0.095	0.058
0.061	0.769	0.105	0.065
0.163	0.139	0.120	0.578
0.568	0.119	0.180	0.133
0.087	0.081	0.684	0.148
0.131	0.081	0.759	0.029
0.077	0.047	0.048	0.828
0.039	0.028	0.896	0.037
0.054	0.045	0.764	0.137
0.046	0.808	0.049	0.097
>ABAGCGCCCCCT	4-ABAGCGCCCCCT	7.852458	-22759.239334	0	T:19399.0(32.95%),B:2925.7(5.02%),P:1e-9884	Tpos:100.1,Tstd:36.5,Bpos:98.9,Bstd:59.8,StrandBias:0.0,Multiplicity:1.06
0.440	0.211	0.247	0.102
0.044	0.374	0.249	0.333
0.576	0.024	0.336	0.064
0.005	0.255	0.722	0.018
0.015	0.618	0.010	0.357
0.100	0.009	0.732	0.159
0.037	0.934	0.009	0.020
0.017	0.940	0.015	0.028
0.309	0.548	0.047	0.096
0.006	0.631	0.007	0.356
0.004	0.962	0.003	0.031
0.130	0.104	0.071	0.695
>CACTAGAGGGCR	5-CACTAGAGGGCR	10.111160	-15621.091309	0	T:6080.0(10.33%),B:184.4(0.32%),P:1e-6784	Tpos:103.4,Tstd:35.7,Bpos:103.3,Bstd:67.9,StrandBias:-0.1,Multiplicity:1.01
0.044	0.954	0.001	0.001
0.741	0.089	0.169	0.001
0.293	0.705	0.001	0.001
0.281	0.176	0.005	0.538
0.794	0.086	0.115	0.005
0.001	0.001	0.997	0.001
0.997	0.001	0.001	0.001
0.001	0.001	0.600	0.398
0.050	0.001	0.920	0.029
0.058	0.001	0.940	0.001
0.159	0.654	0.062	0.125
0.555	0.001	0.443	0.001
>TAGATGTCACTG	6-TAGATGTCACTG	10.967538	-1241.578413	0	T:755.0(1.28%),B:58.8(0.10%),P:1e-539	Tpos:96.3,Tstd:32.4,Bpos:83.0,Bstd:56.7,StrandBias:0.2,Multiplicity:1.00
0.001	0.071	0.001	0.927
0.873	0.001	0.125	0.001
0.083	0.001	0.915	0.001
0.578	0.110	0.264	0.048
0.001	0.001	0.222	0.776
0.001	0.001	0.997	0.001
0.001	0.001	0.001	0.997
0.001	0.997	0.001	0.001
0.767	0.001	0.231	0.001
0.001	0.840	0.158	0.001
0.074	0.001	0.001	0.924
0.233	0.104	0.504	0.159
>TCTTCTGGTCAC	7-TCTTCTGGTCAC	11.047613	-981.044698	0	T:277.0(0.47%),B:3.6(0.01%),P:1e-426	Tpos:102.8,Tstd:52.2,Bpos:98.1,Bstd:53.9,StrandBias:0.3,Multiplicity:1.00
0.001	0.023	0.001	0.975
0.001	0.997	0.001	0.001
0.001	0.001	0.001	0.997
0.001	0.004	0.001	0.994
0.001	0.997	0.001	0.001
0.001	0.012	0.001	0.986
0.001	0.001	0.997	0.001
0.001	0.001	0.997	0.001
0.001	0.001	0.001	0.997
0.001	0.997	0.001	0.001
0.997	0.001	0.001	0.001
0.001	0.997	0.001	0.001
>CTAGACCAARGA	8-CTAGACCAARGA	13.379579	-970.348874	0	T:252.0(0.43%),B:2.8(0.00%),P:1e-421	Tpos:95.0,Tstd:25.7,Bpos:74.1,Bstd:46.0,StrandBias:0.2,Multiplicity:1.00
0.001	0.749	0.249	0.001
0.001	0.001	0.001	0.997
0.997	0.001	0.001	0.001
0.001	0.001	0.913	0.085
0.997	0.001	0.001	0.001
0.001	0.947	0.001	0.051
0.001	0.997	0.001	0.001
0.997	0.001	0.001	0.001
0.997	0.001	0.001	0.001
0.474	0.001	0.524	0.001
0.001	0.001	0.997	0.001
0.882	0.001	0.116	0.001
>GGCATGACAGAA	9-GGCATGACAGAA	12.206522	-953.191204	0	T:217.0(0.37%),B:1.9(0.00%),P:1e-413	Tpos:97.6,Tstd:31.0,Bpos:168.9,Bstd:10.7,StrandBias:0.1,Multiplicity:1.00
0.001	0.015	0.983	0.001
0.001	0.001	0.997	0.001
0.001	0.953	0.001	0.045
0.863	0.001	0.135	0.001
0.001	0.001	0.001	0.997
0.365	0.001	0.633	0.001
0.983	0.001	0.001	0.015
0.001	0.912	0.001	0.086
0.983	0.001	0.015	0.001
0.001	0.001	0.983	0.015
0.997	0.001	0.001	0.001
0.997	0.001	0.001	0.001
>TACCGCTAGACC	10-TACCGCTAGACC	9.475089	-913.636899	0	T:262.0(0.45%),B:3.8(0.01%),P:1e-396	Tpos:99.5,Tstd:51.0,Bpos:146.0,Bstd:31.9,StrandBias:0.0,Multiplicity:1.33
0.001	0.001	0.001	0.997
0.997	0.001	0.001	0.001
0.001	0.997	0.001	0.001
0.001	0.840	0.001	0.158
0.001	0.001	0.997	0.001
0.001	0.997	0.001	0.001
0.001	0.001	0.001	0.997
0.950	0.001	0.048	0.001
0.001	0.001	0.997	0.001
0.997	0.001	0.001	0.001
0.001	0.997	0.001	0.001
0.001	0.996	0.001	0.002
>GCTACCGCTAGA	11-GCTACCGCTAGA	11.534012	-873.223461	0	T:298.0(0.51%),B:6.8(0.01%),P:1e-379	Tpos:99.2,Tstd:60.5,Bpos:98.9,Bstd:84.0,StrandBias:-0.1,Multiplicity:1.00
0.147	0.017	0.819	0.017
0.001	0.872	0.093	0.034
0.066	0.093	0.001	0.840
0.948	0.017	0.001	0.034
0.225	0.757	0.001	0.017
0.381	0.535	0.001	0.083
0.048	0.017	0.901	0.034
0.001	0.982	0.016	0.001
0.001	0.089	0.017	0.893
0.933	0.001	0.049	0.017
0.033	0.001	0.965	0.001
0.791	0.001	0.207	0.001
>GGCTCGCACTCT	12-GGCTCGCACTCT	15.364005	-752.466479	0	T:179.0(0.30%),B:1.3(0.00%),P:1e-326	Tpos:99.4,Tstd:40.3,Bpos:153.0,Bstd:0.0,StrandBias:0.2,Multiplicity:1.00
0.001	0.001	0.997	0.001
0.001	0.001	0.997	0.001
0.001	0.997	0.001	0.001
0.001	0.001	0.001	0.997
0.001	0.997	0.001	0.001
0.308	0.001	0.690	0.001
0.001	0.994	0.001	0.004
0.997	0.001	0.001	0.001
0.001	0.997	0.001	0.001
0.001	0.001	0.001	0.997
0.001	0.997	0.001	0.001
0.057	0.001	0.001	0.941
>TCAGCTCCTATC	13-TCAGCTCCTATC	12.384647	-747.930699	0	T:205.0(0.35%),B:2.4(0.00%),P:1e-324	Tpos:105.0,Tstd:71.9,Bpos:185.1,Bstd:8.0,StrandBias:0.3,Multiplicity:1.00
0.001	0.001	0.001	0.997
0.001	0.997	0.001	0.001
0.997	0.001	0.001	0.001
0.001	0.001	0.995	0.003
0.001	0.992	0.001	0.006
0.001	0.001	0.001	0.997
0.001	0.997	0.001	0.001
0.001	0.997	0.001	0.001
0.001	0.012	0.001	0.986
0.983	0.001	0.015	0.001
0.001	0.001	0.001	0.997
0.001	0.997	0.001	0.001
>CTCACTATGTCC	14-CTCACTATGTCC	10.594664	-665.488671	0	T:187.0(0.32%),B:2.5(0.00%),P:1e-289	Tpos:101.9,Tstd:62.4,Bpos:111.8,Bstd:13.0,StrandBias:0.0,Multiplicity:1.00
0.001	0.997	0.001	0.001
0.001	0.001	0.001	0.997
0.001	0.995	0.001	0.003
0.997	0.001	0.001	0.001
0.001	0.995	0.003	0.001
0.001	0.179	0.001	0.819
0.997	0.001	0.001	0.001
0.001	0.001	0.001	0.997
0.001	0.001	0.997	0.001
0.001	0.001	0.001	0.997
0.001	0.997	0.001	0.001
0.001	0.997	0.001	0.001
>TTCCCAGACGCT	15-TTCCCAGACGCT	10.505974	-627.561431	0	T:210.0(0.36%),B:4.7(0.01%),P:1e-272	Tpos:97.1,Tstd:36.5,Bpos:149.4,Bstd:5.7,StrandBias:-0.0,Multiplicity:1.00
0.001	0.001	0.001	0.997
0.001	0.001	0.001	0.997
0.001	0.993	0.001	0.005
0.001	0.997	0.001	0.001
0.001	0.997	0.001	0.001
0.997	0.001	0.001	0.001
0.003	0.001	0.995	0.001
0.997	0.001	0.001	0.001
0.001	0.751	0.001	0.247
0.001	0.001	0.997	0.001
0.001	0.997	0.001	0.001
0.001	0.001	0.001	0.997
>ACGGTCCGCTTG	16-ACGGTCCGCTTG	11.285815	-589.663264	0	T:147.0(0.25%),B:1.4(0.00%),P:1e-256	Tpos:98.9,Tstd:58.1,Bpos:52.8,Bstd:36.3,StrandBias:-0.1,Multiplicity:1.01
0.889	0.050	0.038	0.023
0.153	0.712	0.027	0.108
0.086	0.008	0.864	0.042
0.159	0.023	0.787	0.031
0.102	0.023	0.034	0.841
0.015	0.931	0.027	0.027
0.023	0.890	0.027	0.060
0.152	0.030	0.799	0.019
0.008	0.965	0.008	0.019
0.019	0.393	0.023	0.565
0.146	0.030	0.008	0.816
0.004	0.015	0.950	0.031
>TCTGGAYGGCCT	17-TCTGGAYGGCCT	10.312483	-458.453357	0	T:166.0(0.28%),B:4.1(0.01%),P:1e-199	Tpos:104.1,Tstd:76.9,Bpos:35.1,Bstd:23.7,StrandBias:0.2,Multiplicity:1.00
0.268	0.225	0.013	0.493
0.076	0.629	0.066	0.229
0.272	0.038	0.055	0.635
0.077	0.094	0.779	0.050
0.081	0.137	0.516	0.266
0.791	0.047	0.062	0.100
0.088	0.486	0.089	0.337
0.142	0.208	0.552	0.098
0.072	0.012	0.900	0.016
0.135	0.670	0.061	0.134
0.079	0.767	0.042	0.112
0.231	0.070	0.043	0.656
>GCAACGGGCGTC	18-GCAACGGGCGTC	11.543343	-433.556661	0	T:134.0(0.23%),B:2.4(0.00%),P:1e-188	Tpos:92.7,Tstd:47.4,Bpos:60.7,Bstd:5.2,StrandBias:0.3,Multiplicity:1.00
0.001	0.001	0.997	0.001
0.001	0.833	0.001	0.165
0.994	0.002	0.002	0.002
0.994	0.001	0.004	0.001
0.002	0.939	0.002	0.057
0.057	0.004	0.938	0.001
0.001	0.001	0.997	0.001
0.001	0.001	0.997	0.001
0.001	0.950	0.001	0.048
0.093	0.001	0.905	0.001
0.001	0.001	0.001	0.997
0.001	0.997	0.001	0.001
>GGTTTTTCCTAG	19-GGTTTTTCCTAG	12.590286	-400.905426	0	T:108.0(0.18%),B:0.8(0.00%),P:1e-174	Tpos:104.3,Tstd:81.7,Bpos:169.0,Bstd:0.0,StrandBias:0.2,Multiplicity:1.00
0.001	0.108	0.890	0.001
0.246	0.001	0.752	0.001
0.001	0.001	0.001	0.997
0.001	0.001	0.108	0.890
0.001	0.001	0.001	0.997
0.001	0.001	0.108	0.890
0.001	0.001	0.001	0.997
0.115	0.442	0.217	0.226
0.001	0.997	0.001	0.001
0.001	0.001	0.108	0.890
0.737	0.001	0.261	0.001
0.203	0.133	0.663	0.001
>TAAGTARCGGGT	20-TAAGTARCGGGT	11.896031	-350.023042	0	T:97.0(0.16%),B:2.0(0.00%),P:1e-152	Tpos:97.4,Tstd:69.5,Bpos:111.6,Bstd:57.1,StrandBias:0.4,Multiplicity:1.02
0.001	0.049	0.001	0.949
0.851	0.049	0.099	0.001
0.900	0.001	0.098	0.001
0.049	0.001	0.949	0.001
0.001	0.049	0.049	0.901
0.900	0.001	0.098	0.001
0.477	0.001	0.512	0.010
0.098	0.900	0.001	0.001
0.008	0.049	0.935	0.008
0.008	0.008	0.934	0.050
0.001	0.058	0.883	0.058
0.049	0.049	0.001	0.901
>AATGTCTGGAGA	21-AATGTCTGGAGA	11.018918	-276.825561	0	T:350.0(0.59%),B:72.6(0.12%),P:1e-120	Tpos:99.4,Tstd:50.9,Bpos:98.4,Bstd:57.6,StrandBias:0.1,Multiplicity:1.00
0.955	0.001	0.043	0.001
0.991	0.001	0.004	0.004
0.001	0.001	0.003	0.995
0.327	0.001	0.671	0.001
0.001	0.001	0.043	0.955
0.048	0.840	0.048	0.064
0.001	0.001	0.001	0.997
0.033	0.257	0.668	0.042
0.123	0.318	0.506	0.053
0.890	0.001	0.078	0.031
0.205	0.020	0.774	0.001
0.767	0.110	0.122	0.001
>TTCCTTGACACT	22-TTCCTTGACACT	11.439954	-266.471976	0	T:103.0(0.17%),B:3.5(0.01%),P:1e-115	Tpos:100.8,Tstd:75.5,Bpos:117.2,Bstd:67.2,StrandBias:0.1,Multiplicity:1.00
0.001	0.001	0.001	0.997
0.001	0.001	0.001	0.997
0.001	0.997	0.001	0.001
0.003	0.995	0.001	0.001
0.001	0.001	0.007	0.991
0.001	0.001	0.001	0.997
0.001	0.001	0.997	0.001
0.997	0.001	0.001	0.001
0.001	0.995	0.001	0.003
0.997	0.001	0.001	0.001
0.001	0.997	0.001	0.001
0.001	0.179	0.001	0.819
>GTGACAACCAAA	23-GTGACAACCAAA	11.575885	-248.225378	0	T:206.0(0.35%),B:26.0(0.04%),P:1e-107	Tpos:100.8,Tstd:45.2,Bpos:87.5,Bstd:52.6,StrandBias:-0.1,Multiplicity:1.00
0.079	0.025	0.864	0.032
0.004	0.002	0.004	0.990
0.033	0.008	0.958	0.001
0.997	0.001	0.001	0.001
0.025	0.949	0.013	0.013
0.986	0.001	0.012	0.001
0.974	0.001	0.001	0.024
0.054	0.799	0.001	0.146
0.031	0.967	0.001	0.001
0.946	0.046	0.004	0.004
0.972	0.013	0.013	0.002
0.986	0.001	0.001	0.012
>GCTGCTAAACAT	24-GCTGCTAAACAT	10.198910	-246.541789	0	T:113.0(0.19%),B:5.4(0.01%),P:1e-107	Tpos:97.8,Tstd:40.0,Bpos:63.0,Bstd:12.3,StrandBias:-0.1,Multiplicity:1.00
0.123	0.001	0.875	0.001
0.001	0.997	0.001	0.001
0.001	0.001	0.001	0.997
0.049	0.002	0.948	0.001
0.001	0.997	0.001	0.001
0.001	0.001	0.001	0.997
0.993	0.001	0.001	0.005
0.993	0.001	0.001	0.005
0.997	0.001	0.001	0.001
0.001	0.997	0.001	0.001
0.995	0.002	0.002	0.001
0.001	0.001	0.001	0.997
>AMTGCAGTTTTT	25-AMTGCAGTTTTT	-4.670387	-231.564576	0	T:13137.0(22.31%),B:10954.0(18.80%),P:1e-100	Tpos:99.9,Tstd:58.0,Bpos:99.9,Bstd:58.4,StrandBias:-0.0,Multiplicity:1.18
0.997	0.001	0.001	0.001
0.572	0.426	0.001	0.001
0.001	0.001	0.001	0.997
0.001	0.001	0.997	0.001
0.001	0.997	0.001	0.001
0.997	0.001	0.001	0.001
0.001	0.001	0.997	0.001
0.001	0.001	0.001	0.997
0.001	0.001	0.001	0.997
0.001	0.001	0.001	0.997
0.001	0.001	0.001	0.997
0.001	0.001	0.001	0.997
>AGGKGGCR	1-AGGKGGCR	8.067066	-22462.600048	0	T:23767.0(40.37%),B:4843.2(8.31%),P:1e-9755	Tpos:100.4,Tstd:37.3,Bpos:99.3,Bstd:60.1,StrandBias:-0.0,Multiplicity:1.08
0.976	0.001	0.001	0.022
0.013	0.049	0.892	0.046
0.369	0.010	0.620	0.001
0.004	0.001	0.537	0.458
0.001	0.076	0.896	0.027
0.006	0.001	0.992	0.001
0.045	0.867	0.087	0.001
0.429	0.100	0.469	0.001
>CCTAGTGG	2-CCTAGTGG	4.959706	-19176.190873	0	T:33677.0(57.20%),B:11850.2(20.34%),P:1e-8328	Tpos:99.9,Tstd:38.6,Bpos:100.1,Bstd:61.2,StrandBias:-0.0,Multiplicity:1.23
0.005	0.679	0.001	0.315
0.001	0.997	0.001	0.001
0.001	0.026	0.001	0.972
0.772	0.007	0.143	0.078
0.001	0.056	0.942	0.001
0.051	0.027	0.015	0.907
0.001	0.001	0.997	0.001
0.001	0.001	0.984	0.014
>TGGCGCTR	3-TGGCGCTR	4.979312	-5683.852865	0	T:31420.0(53.37%),B:18682.0(32.06%),P:1e-2468	Tpos:100.2,Tstd:48.7,Bpos:100.6,Bstd:61.1,StrandBias:-0.0,Multiplicity:1.33
0.001	0.060	0.219	0.720
0.001	0.001	0.997	0.001
0.001	0.001	0.716	0.282
0.001	0.997	0.001	0.001
0.371	0.001	0.627	0.001
0.123	0.631	0.245	0.001
0.001	0.129	0.001	0.869
0.432	0.164	0.352	0.051
>CCTACMGG	4-CCTACMGG	7.104268	-3602.976874	0	T:11127.0(18.90%),B:4626.6(7.94%),P:1e-1564	Tpos:99.7,Tstd:47.8,Bpos:99.3,Bstd:62.1,StrandBias:-0.0,Multiplicity:1.04
0.001	0.818	0.001	0.180
0.001	0.997	0.001	0.001
0.001	0.054	0.100	0.845
0.698	0.001	0.300	0.001
0.001	0.623	0.001	0.375
0.423	0.335	0.001	0.241
0.001	0.001	0.997	0.001
0.001	0.001	0.997	0.001
>TRGTGYTH	5-TRGTGYTH	5.123306	-3537.612828	0	T:37732.0(64.09%),B:27298.7(46.85%),P:1e-1536	Tpos:100.3,Tstd:53.0,Bpos:99.6,Bstd:61.8,StrandBias:-0.0,Multiplicity:1.37
0.063	0.010	0.237	0.690
0.524	0.001	0.474	0.001
0.030	0.390	0.579	0.001
0.221	0.305	0.001	0.472
0.001	0.001	0.986	0.012
0.001	0.553	0.001	0.445
0.001	0.414	0.001	0.584
0.348	0.324	0.126	0.202
>GCTCCCTC	6-GCTCCCTC	7.933740	-3464.272212	0	T:7841.0(13.32%),B:2673.9(4.59%),P:1e-1504	Tpos:99.3,Tstd:44.6,Bpos:100.9,Bstd:58.7,StrandBias:0.0,Multiplicity:1.05
0.001	0.001	0.997	0.001
0.001	0.997	0.001	0.001
0.107	0.001	0.063	0.829
0.001	0.997	0.001	0.001
0.001	0.997	0.001	0.001
0.001	0.997	0.001	0.001
0.001	0.310	0.001	0.688
0.001	0.997	0.001	0.001
>GGAGGCGC	7-GGAGGCGC	8.017587	-2129.638923	0	T:4997.0(8.49%),B:1714.1(2.94%),P:1e-924	Tpos:99.4,Tstd:47.6,Bpos:101.9,Bstd:59.6,StrandBias:0.1,Multiplicity:1.09
0.001	0.001	0.997	0.001
0.001	0.001	0.997	0.001
0.857	0.001	0.141	0.001
0.001	0.001	0.997	0.001
0.001	0.001	0.943	0.055
0.001	0.997	0.001	0.001
0.001	0.001	0.997	0.001
0.001	0.997	0.001	0.001
>YCCASTGG	8-YCCASTGG	5.423003	-1877.835946	0	T:24859.0(42.23%),B:17644.9(30.28%),P:1e-815	Tpos:99.7,Tstd:53.9,Bpos:100.6,Bstd:60.4,StrandBias:-0.0,Multiplicity:1.23
0.097	0.364	0.137	0.402
0.001	0.997	0.001	0.001
0.268	0.730	0.001	0.001
0.573	0.041	0.287	0.099
0.001	0.452	0.546	0.001
0.064	0.336	0.001	0.599
0.001	0.001	0.997	0.001
0.001	0.001	0.997	0.001
>CTASTGCC	9-CTASTGCC	6.622821	-1405.115468	0	T:5371.0(9.12%),B:2402.7(4.12%),P:1e-610	Tpos:100.8,Tstd:45.3,Bpos:100.8,Bstd:68.3,StrandBias:0.2,Multiplicity:1.00
0.343	0.655	0.001	0.001
0.001	0.001	0.001	0.997
0.997	0.001	0.001	0.001
0.001	0.522	0.476	0.001
0.001	0.001	0.001	0.997
0.001	0.001	0.997	0.001
0.001	0.959	0.039	0.001
0.001	0.871	0.001	0.127
>GARAGCWC	10-GARAGCWC	6.026275	-805.332367	0	T:14257.0(24.22%),B:10286.1(17.65%),P:1e-349	Tpos:99.3,Tstd:55.1,Bpos:99.5,Bstd:60.1,StrandBias:0.0,Multiplicity:1.11
0.001	0.109	0.862	0.028
0.741	0.080	0.178	0.001
0.401	0.090	0.508	0.001
0.636	0.001	0.302	0.061
0.035	0.062	0.902	0.001
0.001	0.887	0.001	0.111
0.410	0.178	0.001	0.411
0.104	0.746	0.083	0.067
>TTAACAGC	11-TTAACAGC	4.391178	-792.558539	0	T:29602.0(50.28%),B:24558.7(42.15%),P:1e-344	Tpos:100.3,Tstd:57.5,Bpos:99.9,Bstd:60.6,StrandBias:-0.0,Multiplicity:1.29
0.036	0.130	0.145	0.689
0.093	0.113	0.088	0.706
0.766	0.058	0.114	0.062
0.806	0.075	0.040	0.079
0.059	0.745	0.133	0.063
0.852	0.040	0.051	0.057
0.099	0.051	0.773	0.077
0.037	0.666	0.142	0.155
>TGCAATTC	12-TGCAATTC	7.001952	-612.601339	0	T:7747.0(13.16%),B:5136.6(8.82%),P:1e-266	Tpos:100.2,Tstd:50.6,Bpos:100.0,Bstd:62.9,StrandBias:-0.0,Multiplicity:1.11
0.001	0.001	0.001	0.997
0.001	0.001	0.997	0.001
0.055	0.943	0.001	0.001
0.764	0.001	0.090	0.145
0.592	0.001	0.406	0.001
0.001	0.001	0.001	0.997
0.239	0.001	0.194	0.566
0.146	0.487	0.125	0.242
>GCACTCTT	13-GCACTCTT	8.985095	-590.276091	0	T:2425.0(4.12%),B:1106.1(1.90%),P:1e-256	Tpos:96.9,Tstd:51.7,Bpos:104.0,Bstd:61.4,StrandBias:-0.0,Multiplicity:1.01
0.208	0.001	0.790	0.001
0.001	0.997	0.001	0.001
0.841	0.157	0.001	0.001
0.001	0.997	0.001	0.001
0.001	0.001	0.001	0.997
0.001	0.997	0.001	0.001
0.001	0.001	0.001	0.997
0.001	0.001	0.001	0.997
>GCTTTTCA	14-GCTTTTCA	5.519804	-531.966376	0	T:20666.0(35.10%),B:16848.5(28.92%),P:1e-231	Tpos:99.4,Tstd:58.2,Bpos:101.1,Bstd:60.6,StrandBias:0.0,Multiplicity:1.16
0.037	0.119	0.758	0.086
0.033	0.584	0.239	0.144
0.041	0.084	0.065	0.810
0.001	0.001	0.066	0.932
0.001	0.148	0.001	0.850
0.085	0.141	0.241	0.533
0.150	0.811	0.006	0.033
0.668	0.203	0.012	0.117
>TSTGGTCA	15-TSTGGTCA	6.623456	-489.959790	0	T:3411.0(5.79%),B:1904.7(3.27%),P:1e-212	Tpos:97.8,Tstd:51.9,Bpos:99.7,Bstd:58.7,StrandBias:0.0,Multiplicity:1.02
0.228	0.091	0.161	0.520
0.110	0.316	0.454	0.120
0.001	0.001	0.001	0.997
0.106	0.028	0.543	0.323
0.093	0.001	0.718	0.188
0.101	0.295	0.001	0.603
0.073	0.668	0.154	0.105
0.635	0.043	0.212	0.110
>AAATGTCA	16-AAATGTCA	4.455466	-477.915828	0	T:29429.0(49.99%),B:25444.6(43.67%),P:1e-207	Tpos:99.6,Tstd:59.6,Bpos:100.6,Bstd:58.7,StrandBias:0.0,Multiplicity:1.44
0.696	0.096	0.101	0.107
0.842	0.037	0.059	0.062
0.707	0.125	0.029	0.139
0.014	0.124	0.001	0.861
0.029	0.060	0.727	0.184
0.183	0.083	0.001	0.733
0.049	0.736	0.086	0.129
0.727	0.090	0.049	0.134
>GCAGCTCC	17-GCAGCTCC	7.218841	-414.234479	0	T:9562.0(16.24%),B:7114.2(12.21%),P:1e-179	Tpos:99.1,Tstd:55.1,Bpos:102.2,Bstd:63.0,StrandBias:0.0,Multiplicity:1.07
0.051	0.080	0.605	0.264
0.041	0.888	0.053	0.018
0.894	0.001	0.104	0.001
0.001	0.001	0.997	0.001
0.001	0.897	0.001	0.101
0.070	0.001	0.032	0.897
0.001	0.977	0.021	0.001
0.001	0.927	0.001	0.071
>TTGRAAAW	18-TTGRAAAW	4.318468	-356.301135	0	T:25129.0(42.68%),B:21760.9(37.35%),P:1e-154	Tpos:100.3,Tstd:60.8,Bpos:100.1,Bstd:58.1,StrandBias:0.0,Multiplicity:1.45
0.133	0.217	0.157	0.492
0.120	0.161	0.197	0.522
0.087	0.077	0.547	0.289
0.317	0.149	0.427	0.107
0.643	0.098	0.142	0.117
0.813	0.069	0.066	0.052
0.528	0.168	0.086	0.218
0.435	0.128	0.076	0.361
>CCAAGTGG	19-CCAAGTGG	8.339113	-332.527677	0	T:2173.0(3.69%),B:1184.3(2.03%),P:1e-144	Tpos:99.9,Tstd:47.5,Bpos:103.7,Bstd:60.2,StrandBias:0.0,Multiplicity:1.01
0.001	0.997	0.001	0.001
0.001	0.997	0.001	0.001
0.997	0.001	0.001	0.001
0.591	0.001	0.001	0.407
0.001	0.001	0.997	0.001
0.001	0.110	0.001	0.888
0.001	0.001	0.997	0.001
0.001	0.001	0.997	0.001
>TTCTGAAA	20-TTCTGAAA	4.810533	-326.621738	0	T:7785.0(13.22%),B:5797.2(9.95%),P:1e-141	Tpos:99.4,Tstd:55.3,Bpos:99.7,Bstd:61.2,StrandBias:0.0,Multiplicity:1.06
0.001	0.001	0.001	0.997
0.001	0.333	0.014	0.652
0.001	0.997	0.001	0.001
0.001	0.001	0.001	0.997
0.001	0.001	0.997	0.001
0.982	0.016	0.001	0.001
0.641	0.357	0.001	0.001
0.997	0.001	0.001	0.001
>GATTTTTC	21-GATTTTTC	6.908758	-231.525364	0	T:7360.0(12.50%),B:5703.4(9.79%),P:1e-100	Tpos:100.1,Tstd:60.8,Bpos:100.7,Bstd:56.8,StrandBias:0.1,Multiplicity:1.04
0.035	0.042	0.882	0.041
0.829	0.001	0.115	0.055
0.043	0.023	0.049	0.885
0.001	0.013	0.063	0.923
0.001	0.001	0.001	0.997
0.001	0.001	0.037	0.961
0.065	0.001	0.148	0.786
0.021	0.882	0.046	0.051
>GGCATAAC	22-GGCATAAC	8.272441	-179.016975	0	T:402.0(0.68%),B:132.0(0.23%),P:1e-77	Tpos:96.9,Tstd:39.7,Bpos:91.8,Bstd:59.6,StrandBias:0.2,Multiplicity:1.00
0.001	0.001	0.997	0.001
0.001	0.001	0.997	0.001
0.001	0.997	0.001	0.001
0.937	0.001	0.061	0.001
0.001	0.001	0.001	0.997
0.997	0.001	0.001	0.001
0.997	0.001	0.001	0.001
0.001	0.997	0.001	0.001
>AAGKAACS	23-AAGKAACS	7.099047	-144.348473	0	T:1953.0(3.32%),B:1296.8(2.23%),P:1e-62	Tpos:100.5,Tstd:53.8,Bpos:99.9,Bstd:59.1,StrandBias:-0.0,Multiplicity:1.02
0.997	0.001	0.001	0.001
0.997	0.001	0.001	0.001
0.001	0.064	0.934	0.001
0.001	0.001	0.563	0.435
0.997	0.001	0.001	0.001
0.928	0.001	0.070	0.001
0.001	0.997	0.001	0.001
0.001	0.508	0.490	0.001
>CTGTATGG	24-CTGTATGG	8.796296	-70.007942	0	T:450.0(0.76%),B:245.4(0.42%),P:1e-30	Tpos:98.3,Tstd:67.4,Bpos:104.6,Bstd:60.2,StrandBias:0.2,Multiplicity:1.00
0.001	0.997	0.001	0.001
0.001	0.001	0.001	0.997
0.001	0.001	0.997	0.001
0.001	0.001	0.001	0.997
0.997	0.001	0.001	0.001
0.001	0.001	0.001	0.997
0.001	0.103	0.895	0.001
0.001	0.001	0.997	0.001
>TTGTCAGT	25-TTGTCAGT	8.086782	-51.476553	0	T:1375.0(2.34%),B:1034.7(1.78%),P:1e-22	Tpos:101.2,Tstd:37.2,Bpos:132.1,Bstd:80.7,StrandBias:-0.1,Multiplicity:1.00
0.001	0.001	0.056	0.942
0.001	0.001	0.001	0.997
0.001	0.001	0.997	0.001
0.001	0.001	0.096	0.902
0.001	0.997	0.001	0.001
0.997	0.001	0.001	0.001
0.001	0.001	0.997	0.001
0.001	0.001	0.001	0.997
