# R script for Peak Model
#  -- generated by MACS
p <- c(0.0463953235843,0.0540025066093,0.0617431489855,0.0697507100644,0.0770303110452,0.0770667090501,0.0774792197724,0.0777097404701,0.077746138475,0.0776126791237,0.0778431998214,0.0781707818655,0.0782435778754,0.077746138475,0.0783042412169,0.0786439559293,0.0784740985731,0.078267843212,0.0784498332365,0.0788016806172,0.0787774152806,0.0788138132855,0.0788259459538,0.0787774152806,0.0787410172757,0.0788138132855,0.0791049973247,0.079274854681,0.0789351399685,0.0790443339832,0.0793597833591,0.0793597833591,0.0793233853542,0.0796994980715,0.0793112526859,0.0789715379734,0.0787410172757,0.0785954252561,0.079274854681,0.0784740985731,0.0785468945829,0.0780130571776,0.0780979858557,0.078753149944,0.0788866092953,0.0786803539342,0.0786196905927,0.0785711599195,0.0781222511923,0.078110118524,0.0778553324897,0.0781950472021,0.077746138475,0.0773700257577,0.0778553324897,0.0772972297478,0.0776126791237,0.0780130571776,0.0778431998214,0.0776369444603,0.0781222511923,0.078110118524,0.0789108746319,0.0788259459538,0.0782071798704,0.0784740985731,0.0780130571776,0.0780737205191,0.078389169895,0.0784134352316,0.0779645265044,0.0780979858557,0.0775277504456,0.0772850970795,0.0775398831139,0.0779766591727,0.0779766591727,0.0778553324897,0.0774549544358,0.077988791841,0.0776733424652,0.0774792197724,0.0772972297478,0.0772486990746,0.0777825364799,0.0772608317429,0.0767027290011,0.0762902182788,0.0768119230158,0.0767876576792,0.0768240556841,0.0767027290011,0.0771637703965,0.0772972297478,0.0771516377282,0.0771516377282,0.0777704038116,0.0776733424652,0.0774185564309,0.077624811792,0.0782799758803,0.0784134352316,0.077867465158,0.0778917304946,0.0776854751335,0.0783042412169,0.0781586491972,0.0791899260029,0.0787774152806,0.0784498332365,0.0776854751335,0.0777704038116,0.0782557105437,0.0782799758803,0.0787046192708,0.078753149944,0.0791413953297,0.0783527718901,0.0790928646564,0.0790200686466,0.0792505893444,0.0788623439587,0.0786682212659,0.0784013025633,0.0777704038116,0.0771516377282,0.0770424437135,0.0775884137871,0.077103107055,0.0768847190256,0.0773214950844,0.0779281284995,0.0781343838606,0.0775398831139,0.0774549544358,0.0778431998214,0.0776005464554,0.077103107055,0.0771273723916,0.0764236776302,0.0765571369815,0.0759626362347,0.0756593195272,0.0766056676547,0.0770545763818,0.0771395050599,0.0772365664063,0.0771152397233,0.0769575150354,0.0774549544358,0.0771880357331,0.0774792197724,0.0780373225142,0.0778189344848,0.0771880357331,0.0772608317429,0.0766299329913,0.0765328716449,0.076739127006,0.0775520157822,0.0776612097969,0.0779038631629,0.077503485109,0.0768847190256,0.0775884137871,0.0773336277528,0.0780979858557,0.0785347619146,0.078753149944,0.0784377005682,0.0776490771286,0.0769696477037,0.0769453823671,0.0772972297478,0.0767633923426,0.0761567589275,0.0758898402249,0.075453064166,0.0748706960876,0.074846430751,0.0751133494536,0.0757685135419,0.0760232995762,0.0764600756351,0.0765328716449,0.0771273723916,0.0775520157822,0.0778189344848,0.0776612097969,0.0775641484505,0.0772123010697,0.0770060457086,0.0762780856105,0.0761567589275,0.0758413095517,0.0756835848638,0.0754166661611,0.075453064166,0.0760232995762,0.0765328716449,0.0769332496988,0.0765571369815,0.0772365664063,0.0772608317429,0.0780130571776,0.0784013025633,0.0783163738852,0.0780373225142,0.0780615878508,0.0776612097969,0.0782557105437,0.0783406392218,0.0781343838606,0.0783163738852,0.0782193125387,0.0778068018165,0.0779766591727,0.0782435778754,0.077867465158,0.0776612097969,0.0772365664063,0.0779523938361,0.0777097404701,0.0774064237626,0.0773093624161,0.0772972297478,0.0769332496988,0.0768968516939,0.0766056676547,0.0767755250109,0.0766663309962,0.0760111669079,0.0763872796252,0.0764600756351,0.0761203609226,0.0763751469569,0.0761324935909,0.0768725863573,0.0771759030648,0.0773214950844,0.0771152397233,0.0773700257577,0.0769453823671,0.0767027290011,0.0765935349864,0.07649647364,0.0769211170305,0.0764115449618,0.0764115449618,0.075331737483,0.07585344222,0.0759626362347,0.0761567589275,0.0764843409717,0.0771273723916,0.0768240556841,0.0763994122935,0.0761931569324,0.0764236776302,0.0773214950844,0.0768483210207,0.0775277504456,0.0774428217675,0.0773578930894,0.0766905963328,0.0770788417184,0.0774792197724,0.0778068018165,0.0775277504456,0.0776126791237,0.0780979858557,0.0767633923426,0.0772608317429,0.0772486990746,0.0778189344848,0.0775520157822,0.0776854751335,0.0774670871041,0.0774792197724,0.077224433738,0.0763994122935,0.0770788417184,0.0775884137871,0.077224433738,0.0771880357331,0.0772123010697,0.0772365664063,0.0770181783769,0.0772123010697,0.0774792197724,0.0783406392218,0.0778795978263,0.0767633923426,0.0775884137871,0.0774306890992,0.0776976078018,0.0773214950844,0.0783285065535,0.0784740985731,0.0788866092953,0.0795539060519,0.0805851828575,0.0817620516827,0.0825142771174,0.0839823299819,0.0854989135196,0.0871246910719,0.0872702830915,0.0885078152583,0.0887140706194,0.0896725514152,0.0909222162503,0.0909828795918,0.0913468596408,0.0917351050264,0.091395390314,0.0913468596408,0.0920990850755,0.0926814531539,0.0933123519056,0.0933487499105,0.0933972805837,0.0945134860675,0.0944528227259,0.0942587000331,0.0943193633746,0.0936641992864,0.0939068526524,0.0933972805837,0.0936763319547,0.0937005972913,0.0928634431785,0.0923660037781,0.0927542491638,0.0925843918075,0.0928634431785,0.0936520666181,0.0939917813305,0.0939917813305,0.0941980366916,0.0942101693599,0.0949745274629,0.0945620167407,0.0939432506573,0.0936763319547,0.0936399339498,0.0934700765935,0.092645055149,0.0924873304611,0.0919534930559,0.0917472376947,0.0916016456751,0.092159748417,0.0926814531539,0.0933244845739,0.0933487499105,0.0935671379399,0.0935914032765,0.0935792706082,0.0934700765935,0.093045433203,0.0925722591392,0.0926693204856,0.0923296057732,0.0918928297144,0.091516716997,0.0915531150019,0.091516716997,0.0921112177438,0.0920505544023,0.0921112177438,0.0920748197389,0.0920262890657,0.0918321663729,0.0919292277193,0.0920990850755,0.0917472376947,0.0918079010363,0.0916744416849,0.0924873304611,0.0923417384415,0.0923538711098,0.0919534930559,0.0919777583925,0.0917351050264,0.0913104616359,0.091516716997,0.0915895130068,0.091395390314,0.0911163389431,0.0918928297144,0.0925479938026,0.0925722591392,0.0923781364464,0.093045433203,0.0938704546475,0.0938219239743,0.0945256187358,0.0945862820773,0.0949987927995,0.0941859040233,0.0938704546475,0.0937248626279,0.0941131080135,0.0931182292128,0.092645055149,0.0922568097634,0.091759370363,0.091917095051,0.0918321663729,0.0918079010363,0.0923174731049,0.0922568097634,0.0926935858222,0.0930818312079,0.0933244845739,0.0933730152471,0.0934336785886,0.0933002192373,0.0931060965445,0.0932395558958,0.092402401783,0.092645055149,0.0924509324562,0.0920020237291,0.0910799409382,0.0910799409382,0.0904126441816,0.0901093274741,0.0900001334594,0.0905218381963,0.0903641135084,0.0908615529087,0.0906431648793,0.0911042062748,0.0919777583925,0.0916865743532,0.0917472376947,0.0916865743532,0.0912134002895,0.0912983289676,0.0922204117585,0.091274063631,0.0912255329578,0.0912134002895,0.0909222162503,0.0915288496653,0.0915409823336,0.0917108396898,0.0919898910608,0.0916623090166,0.091516716997,0.0918928297144,0.0916501763483,0.0920262890657,0.0922568097634,0.092523728466,0.0931546272177,0.0935792706082,0.0933244845739,0.0928755758468,0.0926207898124,0.0927421164955,0.0929605045249,0.0930939638762,0.0934458112569,0.0932031578909,0.0926207898124,0.0931060965445,0.0934822092618,0.0940888426769,0.0942829653697,0.0941616386867,0.0937733933011,0.0934336785886,0.0941859040233,0.094695476092,0.0947318740969,0.0941980366916,0.0948532007799,0.094816802775,0.094052444672,0.0937369952962,0.0943314960429,0.0945862820773,0.0934458112569,0.0935550052716,0.0934336785886,0.0932759539007,0.0932152905592,0.0936035359448,0.0939189853207,0.0937369952962,0.0932516885641,0.0933244845739,0.0931424945494,0.0923660037781,0.0924630651245,0.0927785145004,