# R script for Peak Model
#  -- generated by MACS
p <- c(0.0479003137643,0.0554040334429,0.0630752001437,0.070516127189,0.0780198468676,0.0778419344066,0.0776012293123,0.0771721463181,0.077098888246,0.0765442199852,0.0763349112076,0.0766384089351,0.0769000449072,0.0772349389514,0.0776430910678,0.0783024137174,0.0783128791563,0.0785849805672,0.078961736367,0.0791082525114,0.0788466165393,0.0786582386394,0.0783233445952,0.0782186902064,0.0781558975731,0.0773919205347,0.0773081970236,0.0771093536848,0.0765023582297,0.0765965471796,0.0771721463181,0.0773709896569,0.0775175058013,0.077360524218,0.0769314412238,0.0773291279014,0.0775593675568,0.0776116947512,0.0777268145789,0.0773500587791,0.0772558698292,0.0772558698292,0.0773186624625,0.0777896072122,0.0782710174008,0.0783652063507,0.0781454321342,0.0783338100341,0.0785431188117,0.0786268423228,0.0784384644229,0.0779989159898,0.078072174062,0.0780303123065,0.0779465887954,0.0780826395009,0.0781977593286,0.0787314967116,0.0785849805672,0.0787628930282,0.0787314967116,0.0790035981225,0.0789512709281,0.0795059391889,0.0796315244555,0.0797257134054,0.0795373355055,0.0789303400504,0.0790245290003,0.0791605797058,0.0794536119945,0.0795687318222,0.0799978148164,0.0785640496895,0.0781035703787,0.0778837961621,0.0780826395009,0.0783128791563,0.0784907916173,0.0781245012564,0.0782082247675,0.078961736367,0.078700100395,0.0796315244555,0.0798094369165,0.0798408332331,0.0800606074497,0.0797885060387,0.079673386211,0.0797989714776,0.0792129069002,0.0784175335451,0.0788256856615,0.0786582386394,0.078250086523,0.0783861372285,0.0782814828397,0.0779989159898,0.0774128514124,0.0776535565067,0.0778314689677,0.0780303123065,0.0774651786068,0.0771721463181,0.0774965749235,0.0767849250795,0.0761046715521,0.0766174780574,0.077004699296,0.0776744873845,0.0775070403624,0.0776744873845,0.0776430910678,0.0775175058013,0.0776116947512,0.0778419344066,0.0785745151284,0.0785745151284,0.0786687040783,0.078072174062,0.0785012570562,0.0779465887954,0.0779465887954,0.0783966026674,0.0783233445952,0.0784803261784,0.0783861372285,0.0783338100341,0.0784593953007,0.0776744873845,0.0773814550958,0.0776012293123,0.0772349389514,0.0774861094846,0.07771634914,0.0781349666953,0.0777791417733,0.0781977593286,0.0778419344066,0.078250086523,0.078166363012,0.0782396210841,0.0784907916173,0.0782605519619,0.0780198468676,0.0778523998455,0.0779047270399,0.0773919205347,0.0782814828397,0.0782814828397,0.077894261601,0.0779151924788,0.0773500587791,0.0772140080737,0.0772035426348,0.0766279434963,0.0765128236686,0.0767744596406,0.0761046715521,0.0760837406744,0.0765965471796,0.076648874374,0.0767012015684,0.0768895794683,0.0773395933403,0.0778733307233,0.0779989159898,0.0775279712401,0.0774651786068,0.077182611757,0.0772244735125,0.0774337822902,0.0778419344066,0.0778314689677,0.0775698329957,0.0771512154404,0.0769628375405,0.0767744596406,0.0767639942017,0.0771930771959,0.0771198191237,0.0769523721016,0.0774442477291,0.0771721463181,0.0771093536848,0.0774651786068,0.0777477454567,0.0782396210841,0.0783024137174,0.0782710174008,0.078344275473,0.0779361233565,0.0772663352681,0.0771930771959,0.0769419066627,0.0765442199852,0.0765756163018,0.0764918927908,0.0759581554078,0.0754348834637,0.0754453489026,0.0756337268024,0.0764604964741,0.0769523721016,0.077276800707,0.0776849528234,0.0776430910678,0.0779779851121,0.0784803261784,0.0792024414613,0.0790663907558,0.0792129069002,0.0790140635614,0.0788256856615,0.0786896349561,0.0787942893449,0.0787314967116,0.0784489298618,0.0783652063507,0.0774756440457,0.0780617086231,0.0776430910678,0.0776535565067,0.0778314689677,0.0776221601901,0.0772140080737,0.0767849250795,0.0766593398129,0.0771198191237,0.0770465610516,0.0764395655964,0.0765337545463,0.0763453766464,0.0758116392634,0.0760418789188,0.076470961913,0.0771407500015,0.0772035426348,0.0768581831517,0.0772977315847,0.0770256301738,0.0772872661458,0.0773291279014,0.0779256579177,0.078344275473,0.0784698607395,0.0779675196732,0.0782814828397,0.0779675196732,0.0789408054892,0.0791605797058,0.0792129069002,0.0796524553332,0.0800396765719,0.07949547375,0.0793594230445,0.0798722295498,0.0795164046278,0.0794431465556,0.0787524275894,0.0792861649724,0.0793908193612,0.0790873216336,0.0786687040783,0.0790663907558,0.0789512709281,0.0792129069002,0.0795791972611,0.0799664184997,0.0799664184997,0.0795791972611,0.0798722295498,0.0801861927162,0.0795373355055,0.0788361511004,0.0788152202227,0.078700100395,0.0784175335451,0.0784384644229,0.0780303123065,0.0779675196732,0.0773186624625,0.0767849250795,0.0778419344066,0.0788884782948,0.078878012856,0.0786373077617,0.0785640496895,0.0787628930282,0.078878012856,0.0789722018059,0.0796524553332,0.0791815105835,0.0782082247675,0.0781977593286,0.0778733307233,0.0778837961621,0.0783652063507,0.0787210312727,0.0796419898944,0.0802385199107,0.0803431742995,0.081808335743,0.0833362898198,0.0840165433472,0.0855026356685,0.0864026634123,0.086789884651,0.0874596727394,0.0875957234449,0.0889352996219,0.089186470155,0.0888620415497,0.0888411106719,0.088569009261,0.0884434239944,0.0888515761108,0.0891655392773,0.0891760047161,0.0901283596544,0.0892701936661,0.0898039310491,0.0900446361434,0.0897934656102,0.0900027743878,0.0901283596544,0.0898562582435,0.0904004610654,0.0907144242318,0.0901806868488,0.0899504471934,0.0902434794821,0.0908714058151,0.0915516593424,0.09185515707,0.0922633091864,0.0920853967254,0.0918446916311,0.0913946777592,0.0917400372423,0.0927342539361,0.0924202907697,0.0922319128698,0.0922842400642,0.0924935488418,0.0916667791701,0.0920958621643,0.0920749312865,0.0918028298756,0.0916563137313,0.0914679358314,0.0915202630258,0.0914888667091,0.0918656225089,0.0916563137313,0.0921167930421,0.0922005165531,0.0923261018197,0.0923365672586,0.0923470326975,0.0923784290141,0.0923574981364,0.0929435627138,0.0927237884972,0.0932156641247,0.0927970465694,0.0923784290141,0.0918656225089,0.0922947055031,0.0920749312865,0.0912272307371,0.0911539726649,0.090253944921,0.089814396488,0.0893748480549,0.0901911522877,0.0911016454705,0.0918342261923,0.0914260740758,0.0917609681201,0.0924621525252,0.092744719375,0.0932051986858,0.0934877655357,0.0932156641247,0.0928807700805,0.09194934602,0.0919074842644,0.0926295995473,0.092566806914,0.0926819267417,0.0928807700805,0.0929854244693,0.0933621802691,0.0933621802691,0.0931528714914,0.0934982309745,0.092838908325,0.0924935488418,0.0921691202365,0.0915516593424,0.0912272307371,0.0912272307371,0.0901283596544,0.0899295163157,0.090253944921,0.0899504471934,0.0907772168651,0.0902748757988,0.0905574426486,0.0915202630258,0.0914888667091,0.0915097975869,0.0918237607534,0.0916981754868,0.0913737468814,0.0918865533867,0.0909969910817,0.0916667791701,0.091415608637,0.0911016454705,0.0915725902202,0.0912690924926,0.0916981754868,0.0928493737638,0.0932679913191,0.0931424060525,0.0941470881852,0.094168019063,0.0950261850514,0.0953506136567,0.0950052541736,0.0946389638127,0.0944087241573,0.0941784845019,0.0939063830909,0.0939796411631,0.0935610236078,0.0934354383412,0.0929121663971,0.0918446916311,0.0920540004088,0.0928284428861,0.0927342539361,0.0924621525252,0.092660995864,0.092566806914,0.092127258481,0.0921900511143,0.0924202907697,0.0930272862248,0.0926295995473,0.092033069531,0.0925354105974,0.0927028576195,0.0926086686695,0.0925458760362,0.0935400927301,0.0936238162411,0.0932470604414,0.0928493737638,0.0928598392027,0.0933203185135,0.0935191618523,0.0932679913191,0.0938226595799,0.0938959176521,0.0933831111468,0.0930691479804,0.0930377516637,0.0937284706299,0.0941052264297,0.0933203185135,0.0926086686695,0.0928179774472,0.0923261018197,0.0927028576195,0.0925458760362,0.0930691479804,0.0931214751748,0.0933203185135,0.0930063553471,0.0939691757242,0.0940528992353,0.0938017287021,0.0940842955519,0.0939377794076,0.0937494015077,0.0933621802691,0.0937703323855,0.0939063830909,0.0942936043296,0.0938959176521,0.0937598669466,0.0941052264297,0.0936970743133,0.0929330972749,0.0932575258802,0.093372645708,