# R script for Peak Model
#  -- generated by MACS
p <- c(0.0170158261196,0.0198611395135,0.0227333589441,0.0256089416294,0.0284755556357,0.0285753321889,0.0287530241404,0.0289015678854,0.0289800438261,0.0290439456636,0.0291767942204,0.0293427147808,0.0294996666622,0.0295955194184,0.0297350944844,0.0298141309676,0.0298421580893,0.0298998939599,0.0299111048086,0.0300568458414,0.0300944021845,0.0301173844242,0.0301560618522,0.0302737757633,0.0304189562536,0.0305574102348,0.0305764686775,0.0306061774265,0.0306454153969,0.0306835322824,0.0308337576546,0.0309094308832,0.0309778170601,0.0309923911634,0.0309856646542,0.0310910466317,0.0312020340336,0.031228379528,0.0313836497821,0.0314823052505,0.0314453094499,0.0315338751544,0.0315607811912,0.0316151538073,0.0316566339474,0.0316527101504,0.0317939668437,0.0318169490835,0.031901590991,0.0319660533708,0.0320792829425,0.0321078706066,0.0322278266874,0.0323645990413,0.032446998779,0.032480631325,0.0325355644836,0.0327642657965,0.0328169567853,0.032895432726,0.0329996936187,0.0330501424378,0.0331392686847,0.0332255922195,0.0333079919573,0.0334980158423,0.0335462224916,0.0335137110305,0.0335798550377,0.0336179719232,0.0337356858343,0.0338651711365,0.0339363600256,0.0340232441028,0.0341420790987,0.0341308682501,0.0343007126075,0.0344245924854,0.0344772834741,0.0347065453296,0.0347861423552,0.0349021746389,0.0349649553915,0.0350226912622,0.0350737006237,0.0352469082357,0.0352906305456,0.0353825595047,0.035527739995,0.0354795333457,0.0353606983498,0.0354688830395,0.0356163056996,0.0357715759537,0.0359094693924,0.0358528546066,0.0359005007135,0.0359330121747,0.0360092459456,0.0361342469084,0.0363853699187,0.0365232633574,0.0366252820804,0.0367441170763,0.036814745423,0.0369952400867,0.0371303308132,0.0372984935433,0.0374840330889,0.037681904568,0.0378646414014,0.0379885212793,0.0380939032569,0.0381533207548,0.0383063488393,0.0385311263552,0.0386622932847,0.0388534382546,0.0389717127081,0.0390681260068,0.0392037772757,0.0393063565411,0.0394952593413,0.0396651036987,0.0398921233844,0.0401348382582,0.0404128673054,0.0405272179619,0.0407334975775,0.0409179160382,0.0410961685322,0.041359623476,0.0414672476233,0.0416421368626,0.0417660167405,0.0418203893566,0.0419610855075,0.0423075007315,0.0424947219044,0.0427419211177,0.0429414742241,0.0430530221685,0.043264346666,0.043513788049,0.0437542607531,0.0439392397563,0.0441219765897,0.0442878971501,0.0444678312713,0.0446191777284,0.0448288205987,0.0451483297859,0.0453972106265,0.0456259119395,0.0459476632965,0.0462767017051,0.0465524885825,0.0466898214788,0.0469246887585,0.0472088837725,0.0473725621631,0.0475547384541,0.0478893822871,0.0480956619027,0.0482772776512,0.0484420771268,0.048605194975,0.0488445465942,0.0490816560437,0.0493064335596,0.0496556514959,0.0498927609454,0.0500648474725,0.0503770696081,0.0506074525484,0.0509348093298,0.0512391838713,0.0515385135309,0.051838403733,0.0520424411789,0.052236388861,0.0525872884245,0.0528804521174,0.0531803423195,0.0533440207101,0.0535716009382,0.0538042260482,0.0540738469589,0.0543787820429,0.0547801304254,0.0550800206275,0.0552095059297,0.0554124222907,0.0555901142422,0.0560777861596,0.0562633257052,0.0565923641138,0.0568395633271,0.0570906863375,0.0572504409311,0.0574427069859,0.057750444782,0.0581030259729,0.0582846417214,0.058414687566,0.0587538157385,0.0589881224758,0.0593782600097,0.0595262432122,0.0598990039307,0.0602863387524,0.0605172822351,0.0606506913344,0.0609315230937,0.0611719957978,0.0613121314062,0.0615352272949,0.0617403858256,0.0621103438319,0.0622600086617,0.0625038446204,0.0626798549446,0.0629752608072,0.0632381552087,0.0634786279128,0.0638749314134,0.0642482526743,0.0644040834709,0.0645761699981,0.0648244902962,0.0650475861849,0.0654377237188,0.0657555512787,0.0659982661526,0.066261160554,0.0664618347453,0.066599728184,0.0669326903897,0.0672247329977,0.0675812379855,0.0677852754314,0.0679870707076,0.0682135298508,0.068542007717,0.0688581536497,0.0690778862837,0.0693783370282,0.0696266573264,0.0698620851486,0.0701104054467,0.0704770001984,0.0707768904005,0.0710571616174,0.0713245403583,0.0715252145496,0.0719041412348,0.0722612067651,0.0726412545352,0.0729938357261,0.0732920443008,0.073586889621,0.073891824705,0.0740605479775,0.0743940707256,0.0747561811379,0.0751491213839,0.0754798414199,0.0757012556812,0.0760028275106,0.0763240183251,0.0767259272501,0.0771323205146,0.0776855758968,0.0780235829843,0.0784310973337,0.0787113685506,0.0789798683763,0.0793133911244,0.0796368241087,0.0801536442327,0.0805695667185,0.0809636280495,0.0813717029413,0.0818823570984,0.0822842660234,0.08267272193,0.0831088239435,0.0836519895618,0.0841660069736,0.0844855161609,0.0848638823037,0.0853756575457,0.0859664692709,0.0864311589485,0.0869973068066,0.0876318408416,0.0882103206333,0.088809540495,0.0894451956149,0.0901531607088,0.0907366853823,0.0912602320155,0.091835909095,0.092500151879,0.0931481389324,0.0938196687681,0.0946616035036,0.0952916531992,0.0959682279167,0.0964491733249,0.0972664441934,0.098060732822,0.0987059171633,0.0994088373752,0.10004785575,0.100627456626,0.10122723703,0.101898766866,0.102675118137,0.103387007028,0.10402322269,0.104692510356,0.105467179999,0.10616505533,0.106969433722,0.107764282893,0.108539513079,0.1094010668,0.110086049654,0.11086127984,0.111671824199,0.11234223295,0.113078785708,0.113886527355,0.114707161478,0.115354587989,0.116112441359,0.116763231125,0.117470635676,0.118407862626,0.119159550029,0.119971776016,0.120710010401,0.12154802134,0.122341749426,0.123215074538,0.123814294399,0.124603538146,0.125536280756,0.126324403418,0.127051987497,0.127756589336,0.12874090185,0.129489786541,0.130067145248,0.131060986983,0.131993729593,0.132891158029,0.133631634584,0.134464040099,0.135411917354,0.136488158827,0.137193321209,0.138007789365,0.138905217801,0.139621591032,0.140340206432,0.141189428219,0.142066116585,0.14276959734,0.143450095854,0.144110414841,0.144864344415,0.145525784487,0.146389580377,0.147124451508,0.148020758859,0.148792625791,0.149473684848,0.150457436819,0.151261254669,0.152095902353,0.153015752487,0.154011836392,0.154703545755,0.155463080753,0.156307257658,0.157135739375,0.158064558188,0.158834743492,0.159562327571,0.160540474118,0.161319628101,0.162070754962,0.163108319007,0.164129066779,0.164869543334,0.165541633712,0.166209239751,0.166843213243,0.167703645879,0.168326969065,0.168939641945,0.16968236067,0.17029727572,0.171000195932,0.171775426118,0.172624647905,0.173511986578,0.174261992354,0.175165026215,0.17596772298,0.176915039693,0.177744081953,0.178602832961,0.179408892981,0.180160580385,0.180931886774,0.181602295524,0.182520464031,0.183367443648,0.184263190458,0.185177435167,0.186100088013,0.186901663693,0.187767141211,0.188676341039,0.189611886361,0.190506512085,0.191295755832,0.191929168782,0.192511011828,0.193105186808,0.193994207108,0.194890514459,0.195834467918,0.196850170808,0.197761052263,0.198547493297,0.199537971778,0.200591231011,0.201682607129,0.202666919643,0.20360807039,0.204502696114,0.20520897958,0.206290826478,0.207249914582,0.208378847043,0.209299818262,0.210203973208,0.211219676098,0.212318339268,0.213206799025,0.214236515476,0.215466906118,0.216263997459,0.217350889238,0.218343049346,0.219274670871,0.220412011469,0.221443409547,0.22239745277,0.223450712003,0.224556662225,0.225440637643,0.226401967917,0.227325741847,0.228419360136,0.22952811307,0.230464779476,0.231443486566,0.232480490068,0.233474331803,0.234467052454,0.23555786803,0.236570207665,0.237602726828,0.238594886936,0.239582002162,0.240678983705,0.241847154137,0.242975526056,0.244016453355,0.244993478817,0.245941916615,0.246988449339,0.248079264915,0.248943060806,0.25003331584,0.251138144977,0.251945886624,0.252908898525,0.253820340522,0.254736827401,0.255629210956,0.256662851204,0.257446489526,0.258699301866,0.25957094535,0.260414001171,0.261430825145,0.262265472829,0.263262677819,0.264213357787,0.265197109758,0.266017183339,0.266951607576,0.267715066371,0.268521686933,0.269231333654,