# R script for Peak Model
#  -- generated by MACS
p <- c(0.0147637284369,0.0172767822371,0.0197108790204,0.0222134463417,0.0246876384851,0.0248258132645,0.0248251964128,0.0248708434382,0.0248726939932,0.0249171073152,0.0249701565608,0.0250047002557,0.0251237526326,0.0251225189292,0.0252267668654,0.0252822835179,0.0253254631364,0.0254321784794,0.0255382769707,0.0255388938224,0.025604280102,0.0256690495298,0.0256764517501,0.0257850176482,0.0258041400507,0.0258201781948,0.0259096216903,0.0259299777962,0.0260521144316,0.0261835038423,0.0262784990032,0.0263525212064,0.0265005656129,0.0266510774262,0.026754091659,0.0268478531165,0.0269465493875,0.0270125525187,0.0269780088238,0.026997748078,0.0269471662391,0.0269231090231,0.026981709934,0.0269286606883,0.0269934301162,0.0270705365779,0.0271741676624,0.0272876683741,0.0273999353823,0.0273851309417,0.0274949305431,0.0276152166234,0.0275775886701,0.0276781354962,0.0277219319664,0.0277657284367,0.027765111585,0.0277718969536,0.0277669621401,0.0278724437797,0.0279026695127,0.0280019826354,0.0280365263302,0.0280562655844,0.0281309046393,0.0282191144315,0.0283085579271,0.028367158838,0.0284109553083,0.0285589997148,0.0286317882146,0.0286706498713,0.0287637944771,0.0288742109303,0.0288883985192,0.0289155399937,0.0288513874176,0.0288705098201,0.0290025160825,0.0289648881292,0.0290315081121,0.0290814730993,0.029233218616,0.0293683091369,0.0294472661537,0.0295397939078,0.0297464392251,0.0298556219749,0.0299105217757,0.0300906424702,0.030169599487,0.0302615103894,0.0303164101901,0.0303238124104,0.0304305277535,0.030489745516,0.0305452621685,0.0306544449183,0.0307364861935,0.0307969376595,0.0309505337312,0.0310887085106,0.0311682823791,0.0312620438366,0.0313792456584,0.0315396270987,0.0316179672638,0.031774647594,0.031949833475,0.0320571656697,0.0321478428687,0.0322335852541,0.0323032894955,0.0324272766859,0.0325389268425,0.0325747042407,0.0327116453167,0.0327498901217,0.0328596897232,0.0330169869051,0.0331607133498,0.0332600264724,0.0334617369763,0.0335573489888,0.0336449419293,0.0338694759458,0.0341051132928,0.0342827665806,0.0344622704235,0.0345967440927,0.0347386199822,0.0349594528886,0.0351377230281,0.0353166100192,0.0355503968111,0.0357675286073,0.0359180404206,0.0361505935091,0.0362431212632,0.0364331115848,0.036559566182,0.0367076105885,0.0368908155415,0.0370555149438,0.0372183637909,0.0374157563329,0.0375804557351,0.0376908721883,0.0379067702811,0.0381300705942,0.0383175935091,0.0385464454874,0.0387703626522,0.0389911955586,0.0391892049523,0.0393218280664,0.0395247722736,0.0397653444342,0.0399775414168,0.0401428576707,0.0403877477931,0.0406492929112,0.040810908055,0.0409947298597,0.0411797853678,0.0413592892107,0.0415350919434,0.0418478357521,0.0420995112431,0.0423585889545,0.042613348704,0.0427515234833,0.0430352752625,0.0433116248212,0.0436219012232,0.0439167563327,0.0441443746077,0.044286867349,0.0445095508104,0.0447266826066,0.0449610862502,0.0452158459997,0.0454928124101,0.0457426373461,0.045885746939,0.0460485957862,0.0462564748069,0.0465735365775,0.046836315399,0.0471157492163,0.0473686584107,0.047581472245,0.047748639054,0.0479275260452,0.0483722761163,0.0485573316244,0.048890431539,0.0490810387124,0.0493981004829,0.0496065963554,0.0498502527744,0.0500797216045,0.0503566880149,0.0507564079125,0.0509198736113,0.0513202103605,0.0515058827203,0.0517464548808,0.0519179396517,0.0522189632782,0.0523990839728,0.052670498718,0.0529456145734,0.0532108608017,0.0534057859369,0.0537086601185,0.0540288061475,0.054297753486,0.0545808884134,0.0547838326206,0.0552051423274,0.0555228209496,0.0556869035002,0.0558849128938,0.0561890207788,0.0563617392531,0.0564573512656,0.056724448049,0.0569995639044,0.0572839325352,0.057402984912,0.0576651468819,0.0580056490168,0.0582523896943,0.0585034483336,0.0586835690282,0.0590672507816,0.0592455209211,0.0594046686581,0.0597032248778,0.0600363247924,0.060232483631,0.0603977998849,0.0604767569017,0.0606605787064,0.0610029313965,0.0612169789342,0.0615124508954,0.061821493594,0.0620589814961,0.0623223771693,0.0626462243085,0.0630348408755,0.0634573842857,0.0638040549375,0.0641427065174,0.0644517492159,0.0648113737533,0.0651457073713,0.0654485815529,0.0657008738956,0.0660302727001,0.0663498018774,0.0667408858512,0.0671091463124,0.0673046882993,0.067740185595,0.0680214699673,0.0682978195261,0.0685834218603,0.0689516823214,0.0692212465116,0.0696536595489,0.0698954654128,0.070342066039,0.0707473376018,0.0711242339866,0.0715381414731,0.071953282663,0.0724621853103,0.0729112533433,0.0734121369185,0.0736854022189,0.0742744955863,0.0746958052931,0.0751818844278,0.0756852354098,0.0762120267562,0.0767431360645,0.0772514218601,0.0777899333887,0.0783327628792,0.0788422823782,0.079287649301,0.0797379510374,0.0802258807271,0.0807680933659,0.0813380643309,0.0818531354951,0.082399049244,0.0829369439209,0.0835519450595,0.0842705772827,0.084916421006,0.0855172345557,0.0863351799015,0.08698657529,0.0876355032718,0.0885521448886,0.089298535438,0.0900634315382,0.0906580765709,0.0913458662094,0.0921588767417,0.0929435120961,0.0935838041541,0.0942253299156,0.0949785058336,0.0956015260442,0.0962461360641,0.0969795727279,0.0977642080823,0.0985093649283,0.0991360862491,0.099794883858,0.100586921433,0.101448663249,0.102224662679,0.103040140618,0.103876591515,0.104520584683,0.105378008538,0.106071349841,0.106826376314,0.107664060914,0.10852210162,0.109427023055,0.110277661541,0.111028370052,0.111706906915,0.112711758324,0.113498244233,0.11460425932,0.115494993166,0.116562763448,0.117407850268,0.118137585822,0.118993775973,0.119805552801,0.120893679189,0.121807236548,0.122719560203,0.123541206659,0.124433174208,0.125231997151,0.126053643607,0.127055410758,0.127922704239,0.128923237686,0.129904648731,0.130729996297,0.13168549957,0.132517632505,0.133544073723,0.134468117561,0.135355767148,0.136155823795,0.137195218898,0.138056343863,0.138825557925,0.139649671788,0.140439858807,0.141393511526,0.142262655562,0.14313611756,0.144043506402,0.144863919155,0.145546157128,0.14647205152,0.147275809277,0.148209105889,0.149169543977,0.150072614856,0.150988639621,0.151839278107,0.152751601762,0.15377804298,0.154740331622,0.15559898918,0.156492807284,0.157447076854,0.158311902929,0.159117511241,0.160079183031,0.160954495585,0.161815003697,0.162667492738,0.163592153427,0.164363834896,0.16537053686,0.166390809561,0.167293263589,0.168247533159,0.168929154281,0.169883423851,0.170987588383,0.171885724449,0.172820871616,0.173916400224,0.174825639621,0.1755282337,0.176524449185,0.177437389692,0.178428670364,0.179315086247,0.180031251064,0.180919517503,0.181893526327,0.182707770563,0.183622561625,0.18469896783,0.185600188155,0.18637063592,0.187460612863,0.188369235408,0.189355581266,0.190343777679,0.191195649868,0.19221962368,0.193252233415,0.194258318527,0.195183596068,0.196391391684,0.197330239962,0.198512127807,0.199676743805,0.200854313688,0.201967730995,0.20300034073,0.20401999658,0.205115525188,0.206296796181,0.207412680895,0.208362015652,0.209216972099,0.210216888695,0.211174242524,0.212174159119,0.213343093079,0.21446884742,0.215571778248,0.216658670932,0.21779799601,0.219041569025,0.22033263962,0.221468263588,0.222689629941,0.223907295185,0.225059574149,0.226123026469,0.227211152856,0.228380086816,0.22958726558,0.230775938794,0.232055906059,0.233332789065,0.234432018783,0.235769353255,0.236972214057,0.238329904635,0.239717820946,0.240884287499,0.24216672217,0.243521945341,0.244833988893,0.245935069167,0.247375417872,0.248391989463,0.249668255617,0.250990785648,0.252230657553,0.253605619978,0.254612938794,0.255656035008,0.256701598629,0.25810431938,0.259114722454,0.260412578418,0.261674040131,0.262677040985,0.263798477365,0.264956924845,0.266122774546,0.267423097917,0.268736375173,0.269804762306,0.271144564185,0.272343107026,0.273358444913,0.274542183314,0.275651899511,0.276810963843,0.278028012235,0.279117989177,0.280067323934,0.281105485335,0.282027678617,0.282998603183,0.284149031591,0.285290207225,0.286305545112,