# R script for Peak Model
#  -- generated by MACS
p <- c(0.0126599337853,0.01481094361,0.0169454072052,0.0190840073578,0.021288792428,0.0214315036568,0.0214480498862,0.021404616034,0.021526644476,0.0215225079186,0.0216693557047,0.0217748379173,0.021789315868,0.0217851793107,0.0217148578356,0.0215514638201,0.021603170787,0.0216383315246,0.021654877754,0.021789315868,0.0219072077526,0.0218596373431,0.0218927298019,0.0220685334895,0.0220995576696,0.0221223087351,0.022283634472,0.0222939758653,0.022225722669,0.0222443371771,0.0223084538161,0.0223456828323,0.0225628520934,0.022540101028,0.0226476515192,0.0227283143876,0.0227034950435,0.0228172503708,0.0229516884848,0.0230488975826,0.0228979132392,0.0228979132392,0.0227882944693,0.0228069089774,0.0228441379936,0.0228069089774,0.0228358648789,0.0227117681582,0.0227096998795,0.0225380327493,0.0226021493883,0.0225690569295,0.0225566472574,0.0225959445523,0.0225835348802,0.0226972902075,0.0227469288957,0.0228751621737,0.0228689573377,0.0230406244679,0.0231336970084,0.0232143598768,0.0232764082372,0.0233198420894,0.0233405248762,0.0233363883188,0.0234232560233,0.0235990597109,0.023758317169,0.0237645220051,0.0237004053661,0.0238451848735,0.024002374053,0.0240313299545,0.0241161293803,0.0241823142979,0.024136812167,0.0240768320854,0.0241057879869,0.0242216115928,0.0243519131495,0.024322957248,0.0243002061826,0.0243829373297,0.0244201663459,0.0244636001981,0.0244842829849,0.0244987609356,0.0245049657716,0.0243850056083,0.0242753868384,0.0242940013465,0.0243415717561,0.0242629771664,0.0243581179855,0.0244036201164,0.0246559501151,0.0246290624923,0.024765568885,0.0249599870807,0.0251337224896,0.0252061122433,0.0252702288823,0.0254315546192,0.0254998078155,0.0256011534707,0.0256735432245,0.0257480012569,0.0257335233061,0.0257252501914,0.0258514151907,0.0259920581408,0.0259858533048,0.0260003312555,0.0259465560099,0.0260665161732,0.0261823397791,0.0264057138763,0.0264181235484,0.0265339471543,0.0264739670727,0.0266373610882,0.0269372614964,0.0269021007589,0.027100655512,0.0270448119877,0.0270344705943,0.0272185473966,0.0272888688716,0.0273591903467,0.0274667408379,0.0275474037063,0.027491560182,0.027735617066,0.0278204164918,0.0279610594418,0.027985878786,0.0279714008352,0.0283168033744,0.0284739925539,0.0287842343555,0.0287780295195,0.0289145359122,0.0290076084527,0.0290779299277,0.029319918533,0.0294998587779,0.0296591162361,0.029646706564,0.0296694576295,0.029704618367,0.0298473295958,0.0299507435296,0.0301844590202,0.030391286888,0.0305546809035,0.0307449625418,0.0307697818859,0.0310014290978,0.0311503451626,0.0311958472935,0.0313220122929,0.0314667918003,0.0317129169629,0.0318556281917,0.0319300862241,0.0319300862241,0.0322072355668,0.0324450876148,0.0327615342524,0.0329332013827,0.0330924588408,0.033309628102,0.033181394824,0.0333489253969,0.0335061145764,0.0337170790015,0.0339342482626,0.0338990875251,0.0339280434266,0.0341059153928,0.0344285668665,0.0344740689974,0.0348008570285,0.0349683876014,0.0350366407977,0.0352744928457,0.0354109992384,0.0356178271061,0.0358722253835,0.0361348967755,0.036157647841,0.0363624074301,0.0364906407081,0.0365692352978,0.0367388341494,0.0367822680016,0.0369167061156,0.0370759635738,0.0373014059497,0.0374875510306,0.0375475311123,0.0376674912756,0.0379529137331,0.0382238582398,0.038434822665,0.0388050445482,0.0389167315968,0.0391359691366,0.0392249051198,0.0394275964302,0.0396592436421,0.0400170558533,0.0400149875746,0.0401783815901,0.0404348481462,0.0404782819984,0.0406706319154,0.0408422990456,0.041032580684,0.0411794284701,0.0414420998621,0.0413510956003,0.0414358950261,0.0416427228938,0.0418681652697,0.0421411780551,0.0424617612502,0.042436941906,0.0424907171516,0.0425961993642,0.0428278465761,0.0431525663285,0.0436448166537,0.0437606402597,0.0436055193588,0.0437337526368,0.0437916644398,0.044021243373,0.0443956018137,0.0445652006652,0.0447513457462,0.0452001622192,0.0451360455802,0.045541428201,0.0459240597564,0.0461887994271,0.0462818719676,0.0464949046714,0.0466479572935,0.0472105290938,0.047305669913,0.0473284209784,0.0475910923705,0.0475766144197,0.0477234622058,0.0477958519596,0.0481598690068,0.0482281222032,0.0484845887592,0.0482653512194,0.0484328817922,0.0487410553152,0.0490781847396,0.0493119002302,0.0497296925231,0.0499199741614,0.0500440708821,0.0504204976014,0.050730739403,0.0511630096466,0.0515104804644,0.0515725288248,0.0518248588234,0.0519985942323,0.0521764661986,0.0526583751305,0.0532623125043,0.0540234390577,0.0541516723357,0.0544846652028,0.0551651288877,0.0556656523276,0.056106195686,0.0565984460112,0.0570058969107,0.0571858371557,0.0573657774006,0.0573740505153,0.0578683691192,0.0583875070673,0.0585964032137,0.0590989949324,0.0595188555039,0.0600007644358,0.0604888782037,0.0608839194311,0.061179683282,0.0617215722955,0.0623048268826,0.0626522977004,0.062892218027,0.0632438254022,0.0639222208084,0.0644868608874,0.0650970030973,0.0659656801419,0.0666295975974,0.0671652817748,0.0677071707884,0.0680587781635,0.0685903257837,0.0692521749605,0.0699140241373,0.0702759729059,0.0709150710172,0.0714528234734,0.0722408376496,0.0729543937933,0.0734776682987,0.0743277308352,0.0751426326342,0.0757900038602,0.0761747036943,0.077138521558,0.0775769966376,0.0781250904872,0.078722823025,0.0791633663833,0.0798086693307,0.0806442539165,0.0809875881769,0.0816783932552,0.0823898811203,0.0830930958707,0.0838666320961,0.0847435822554,0.0855998496279,0.0866650131468,0.0873930472413,0.0879742335497,0.089422028624,0.090371368537,0.0912110896801,0.0919784210694,0.0927953911471,0.0935709956512,0.0942535276147,0.09474577794,0.095508972772,0.0965327707174,0.0970002016985,0.0977178943996,0.0981915302168,0.0991429384085,0.100278423402,0.101130554218,0.101988889869,0.103054053388,0.104061305104,0.105002371902,0.105982735995,0.106983782875,0.10838400754,0.109091358848,0.109589814009,0.110251663186,0.111176183754,0.111951788259,0.113041771122,0.11378014661,0.115006635865,0.115682962993,0.116667463643,0.117949796423,0.119203173302,0.120107011084,0.121014985424,0.122140129024,0.123128766232,0.124198066308,0.124578629585,0.125877508595,0.12649385564,0.127203275227,0.128175366205,0.129257075954,0.129910652016,0.130828967749,0.131803127006,0.132826924951,0.134231286173,0.135188899201,0.136659445341,0.137660492221,0.138485735413,0.139590196227,0.140785661302,0.142053516132,0.143170386618,0.144187979727,0.145459971114,0.146299692257,0.147021521515,0.148173552739,0.149371086093,0.150572756005,0.151536573868,0.152688605092,0.153764110004,0.15491200467,0.155867549419,0.157083697281,0.158310186537,0.159733162267,0.161046519228,0.162335056844,0.164010362573,0.165350607156,0.166678442067,0.167859429191,0.169274131807,0.170651605406,0.171830524252,0.173098379082,0.17463304186,0.175758185461,0.176864714554,0.178209095694,0.179474882245,0.18134253789,0.182804810915,0.184428409677,0.186325021225,0.187671470644,0.188492577279,0.190612562923,0.192358190127,0.193843214218,0.195344784537,0.196786374776,0.198285876817,0.199911543858,0.201241447047,0.202649944827,0.204883685798,0.206246681447,0.207948874798,0.209578678396,0.211336715272,0.212877582887,0.214532205829,0.216230262623,0.218484686382,0.220639832764,0.222567468491,0.224238637663,0.226081473965,0.228060816659,0.230369015663,0.232584142127,0.234842702443,0.2367868844,0.238747612586,0.240844847165,0.242553245353,0.244745620751,0.24712414123,0.249544027283,0.251728129566,0.253831568981,0.2558667552,0.257835756501,0.259537949853,0.261589682301,0.264189508598,0.266628009159,0.268967232344,0.270472939221,0.272051035852,0.274193772562,0.276402694189,0.278959086635,0.281409996868,0.28376783456,0.28576992832,0.288123629455,0.29033668764,0.292880670414,0.295631481055,0.298051367107,0.300334746767,0.303058669786,0.305399961249,0.307861212875,0.309939832946,0.311933653591,0.314370085873,0.316866498237,0.319077488143,0.321400165098,0.324140634346,0.325981402369,0.328057954161,0.330167598412,0.3331273052,0.335892593792,0.338035330502,0.340130496802,