# R script for Peak Model
#  -- generated by MACS
p <- c(0.0141402831563,0.0164624534982,0.0187867387493,0.0211871607329,0.0235283652579,0.0236848685414,0.0236785238137,0.0237673500016,0.0237165921799,0.0237842692755,0.0237398561815,0.0238202227325,0.0238392569156,0.023976726016,0.0241036205702,0.0240761267501,0.0243024220385,0.0243320307678,0.0243806736802,0.02429819222,0.0245350620545,0.0246154286055,0.0247380933412,0.0245921646039,0.0245879347854,0.0246133136963,0.0245985093316,0.0245710155115,0.0246133136963,0.0246831057011,0.0247232889766,0.0248290344384,0.0248671028047,0.0250172613605,0.0250659042729,0.0249707333573,0.0249495842649,0.0249601588111,0.0251779944624,0.0253450722921,0.0252985442889,0.0251082024576,0.0249834228127,0.0250151464512,0.0250257209974,0.0252033733733,0.0252668206504,0.0254444730263,0.025334497746,0.0253154635628,0.0254973457572,0.0256326999483,0.0257490199563,0.0257469050471,0.0257490199563,0.0257130664993,0.0256855726792,0.0257553646841,0.0258611101459,0.0258293865073,0.0258018926873,0.0258632250551,0.0260324177941,0.0260620265234,0.0261275887097,0.0261762316222,0.026326390178,0.0262798621747,0.0262269894438,0.0263919523643,0.0264025269105,0.0265653749217,0.0265399960109,0.0266711203835,0.0266901545667,0.0268381982132,0.0268255087578,0.0267726360269,0.0268064745747,0.026719763296,0.0267409123883,0.0267176483867,0.0268064745747,0.026683809839,0.0266605458373,0.026630937108,0.0267409123883,0.0268551174871,0.0269354840381,0.0270031611337,0.0271829284188,0.0271681240541,0.0272950186083,0.0274874753489,0.0276968513633,0.0277666433681,0.0277624135496,0.0278829633761,0.0278237459175,0.0278448950099,0.027783562642,0.0279316062886,0.0280352368412,0.0279696746548,0.0280817648444,0.0281579015769,0.0282340383094,0.0282382681279,0.0284793677809,0.028623181609,0.0286823990676,0.0285449299672,0.0285237808748,0.0287204674339,0.0288050638033,0.0288389023511,0.0289319583575,0.0289108092652,0.0289467627222,0.0290715423671,0.0291053809149,0.0293189867478,0.029454340939,0.0295325925807,0.029526247853,0.0296848660458,0.0299217358803,0.0300549751622,0.0302918449967,0.0304504631894,0.0306577242946,0.0307803890304,0.0307444355733,0.0309580414062,0.0309897650448,0.0310976254159,0.0311018552343,0.0312287497885,0.031268933064,0.031152613056,0.0314106319829,0.0316432719989,0.0318357287395,0.0318040051009,0.0321254713049,0.0323115833177,0.0325188444229,0.0326880371618,0.0328487702638,0.033288671385,0.0333478888437,0.0333711528453,0.0335466903119,0.0337941346926,0.0339569827038,0.0341578990813,0.0340500387102,0.0342403805415,0.0343397812757,0.0343545856403,0.0345681914732,0.0347606482138,0.0349932882298,0.0350144373222,0.0351434467856,0.0352111238812,0.0354606831711,0.0356700591855,0.0357927239212,0.0360782366682,0.0362114759501,0.0364800694232,0.0365731254296,0.0368036505364,0.0370214861877,0.0371949087452,0.0374317785797,0.0374190891242,0.0377257509636,0.0377426702375,0.0377955429684,0.0378357262439,0.0377680491483,0.0379076331579,0.0380789408061,0.0381445029924,0.0383200404591,0.0385844041136,0.0386964943032,0.0389249045007,0.0390243052349,0.0393457714388,0.0397856725601,0.0400817598532,0.0401346325841,0.0405132013375,0.0405258907929,0.0407120028057,0.0409086893647,0.0411138355607,0.041428957037,0.0413866588522,0.0414247272185,0.0415135534064,0.0416467926883,0.0416235286867,0.0419153861614,0.0420761192634,0.0422008989083,0.0421543709051,0.0422558865485,0.0424187345597,0.0427042473067,0.0427507753099,0.0428713251364,0.0431293440632,0.0433873629901,0.0435755899122,0.0436157731877,0.0436940248294,0.0439456990286,0.0443390721466,0.0444934605209,0.0448466503634,0.0450094983746,0.0451215885642,0.0452590576645,0.0454536293143,0.0457074184227,0.0462298010042,0.046291133372,0.0462678693704,0.0464835901126,0.046621059213,0.0468621588659,0.0470715348804,0.0471455567036,0.0471963145253,0.0473443581719,0.0472936003502,0.0473803116289,0.0475516192771,0.0475939174618,0.0476637094666,0.0479217283935,0.047925958212,0.0481522535003,0.0484271917011,0.0486619466263,0.0487550026327,0.04915049066,0.0495607830519,0.0498462957989,0.0501191190904,0.0503242652863,0.0506774551289,0.0508297285939,0.0509122100541,0.0509650827851,0.0514324777264,0.0514642013649,0.0514747759111,0.0516418537408,0.0519485155801,0.0522636370564,0.0525935628973,0.0527691003639,0.0531857374835,0.0535410422353,0.0540042073581,0.0543045244697,0.0547423106817,0.0550066743363,0.0551949012584,0.0551462583459,0.0553662089065,0.0557511223876,0.0558103398462,0.0560429798623,0.0560281754976,0.0563115733353,0.0564088591602,0.0566076606285,0.0569946890188,0.0575466803295,0.0577518265255,0.0582932432901,0.0588262004177,0.0591836200787,0.0595050862827,0.0600401583196,0.0606238732689,0.0612435416752,0.0617257409812,0.0622523533811,0.0628910559706,0.0631025468943,0.0635361032878,0.0640775200524,0.064762750645,0.0651709281277,0.0658921121774,0.0662051187444,0.0667634547829,0.0670828060776,0.0676115333868,0.0684025094413,0.0691807960404,0.0696947189849,0.070473005584,0.071187844906,0.0717165722152,0.0725181228159,0.0731462508592,0.0739858698261,0.074709168785,0.0752104022741,0.0754557317456,0.0762911208941,0.0767225623783,0.07732742642,0.0777165697196,0.0782156882994,0.078845931252,0.0793175560117,0.0797616869514,0.080616110283,0.0813224899681,0.0821473045704,0.0829763489912,0.0835325701204,0.0845709905556,0.0853577367916,0.0861127593891,0.0869777572669,0.0879717646081,0.0884497340956,0.0894373967092,0.0901141676649,0.0903679567733,0.0910764513676,0.0917447626864,0.0923517416373,0.0929862144083,0.0936545257271,0.0943947439599,0.095289350567,0.0960993608046,0.0968480386744,0.0979731703883,0.098819134083,0.099256920295,0.100204399633,0.100912894227,0.101703870282,0.102528684884,0.1034254064,0.104250221003,0.105003128691,0.105882930933,0.106819835725,0.107906899073,0.108871297685,0.109736295563,0.110531501436,0.111411303678,0.112329174287,0.113134954706,0.114071859498,0.115000304653,0.115751097432,0.116442672752,0.117282291719,0.118424342707,0.119418350048,0.120154338462,0.121108162528,0.122260788062,0.122933329199,0.123808901623,0.124914999154,0.126122612328,0.127207560767,0.128176189197,0.12955299511,0.130697161007,0.131598112342,0.132200861474,0.133465577198,0.134810659472,0.135973859553,0.136993245805,0.13800417242,0.138966456123,0.139774351451,0.14066472824,0.141904065052,0.142940370578,0.144084536475,0.144740158339,0.145729935861,0.146569554828,0.147485310528,0.148468743323,0.149227995739,0.150480022007,0.151539591534,0.152603390881,0.153747556778,0.1547373343,0.155809593283,0.157023551185,0.158736627667,0.159906172475,0.161340080937,0.162325628641,0.163499403268,0.164783153174,0.165620657232,0.166771167857,0.167782094472,0.168911456004,0.169655904056,0.170726048129,0.171791962385,0.173327386491,0.174329853469,0.175727808474,0.177184980938,0.178917091603,0.180382723704,0.182015433635,0.18344088246,0.185054558208,0.186370031753,0.187782791123,0.189354168686,0.19097841898,0.192545566724,0.194009083916,0.195984409143,0.197253354685,0.19915042827,0.200700656741,0.202384124493,0.203606542032,0.205340767606,0.206855042619,0.208424305273,0.210099313388,0.211727793501,0.213643901269,0.215230083197,0.217476116806,0.219387994756,0.221469065445,0.223450735399,0.225149007516,0.226929761094,0.22874223831,0.230766206449,0.232616752031,0.234422884519,0.235850448254,0.238121860774,0.240150058732,0.241932927219,0.244491967395,0.246659749363,0.248806382238,0.250775362737,0.25290084652,0.254969227753,0.257456361016,0.25910599022,0.261299151099,0.263619206531,0.265302674284,0.267645993718,0.269881452781,0.272264955491,0.274688641476,0.276790861257,0.278952298497,0.281570556132,0.283522617358,0.285421805852,0.287993535484,0.290618137847,0.292760540903,0.294678763581,0.29711936884,0.299963921763,0.302061911726,0.304616722084,0.306879674967,0.309694619161,0.312437656441,0.314694264597,0.317227925862,0.319746782763,0.321935713823,0.323866625956,0.326531411594,0.328504621912,0.331562780668,0.333603668082,0.335735496592,0.338042862569,