# R script for Peak Model
#  -- generated by MACS
p <- c(0.0161583438308,0.0189535122928,0.0217135005296,0.0244887556566,0.0272440974485,0.0273051650093,0.027443230799,0.0274883676917,0.027406723018,0.0275069534711,0.0274498685773,0.0274365930206,0.0275023070262,0.027483057469,0.0274657992453,0.0275381510293,0.0275149188051,0.027615813036,0.0278083086081,0.0278826517255,0.0279158406173,0.0279516846204,0.0279749168446,0.0280983795218,0.0282032564197,0.0283021593171,0.028395088214,0.0284249582165,0.0284674399979,0.0284880171108,0.0285736444515,0.0286659095705,0.0287535282447,0.0288345091405,0.0289340758157,0.0289493427059,0.0290210307121,0.0290309873796,0.0291199336095,0.0291743633919,0.0292633096218,0.0293774794093,0.029471072084,0.0294664256392,0.0295261656443,0.0295600183139,0.0296781707685,0.0298666836735,0.0299191221225,0.0299781983498,0.0300492225781,0.0300425847997,0.0300027581297,0.0300007667962,0.030101661027,0.030258312596,0.0302330890383,0.030242381928,0.0302928290434,0.0303439399367,0.0304534632794,0.0305059017284,0.0305915290691,0.0307760593071,0.0307793781963,0.0307521633051,0.0308450922019,0.0308922204282,0.0309386848766,0.0309665635457,0.0310170106611,0.0311205600033,0.0311889291203,0.031190256676,0.0311756535636,0.0312811942393,0.0314365182527,0.0315825493763,0.0316781333845,0.0318341211757,0.031993427856,0.0320246254142,0.0321188818668,0.0322350429878,0.0323970047795,0.0324567447846,0.0324441330058,0.0324049701135,0.0325450272367,0.0327076528062,0.0326704812474,0.0327454881428,0.0328158485932,0.0328417359288,0.0328921830442,0.0329340010478,0.0330236110555,0.0331696421791,0.0332101326271,0.0332791655219,0.0334902468733,0.0335672451021,0.0336853975567,0.0338466955706,0.033989407805,0.0342131009353,0.034379045394,0.0344739656244,0.0345343694073,0.0345582654094,0.034592118079,0.0347096067557,0.0348735598809,0.0349505581097,0.0350534436741,0.0351257954581,0.0351974834642,0.0353435145879,0.0355652163847,0.0356760672831,0.0357982024047,0.036021895535,0.0361008850973,0.0362303217751,0.0364095417904,0.036495832909,0.0366697427017,0.036748732264,0.03684498005,0.0370567251793,0.0372770994204,0.0373560889828,0.0375173869966,0.0377072274573,0.037933575699,0.0381459846061,0.038363039958,0.0386338613146,0.0387380744347,0.0388429513326,0.0390168611253,0.0392179858092,0.0394496442735,0.0396587342914,0.0398963667563,0.0401147496639,0.0402256005623,0.0403636663519,0.0406683403781,0.0409139381769,0.0410486850774,0.0413460575473,0.0415677593441,0.0417356951363,0.041825305144,0.0420091716042,0.0422541056252,0.0425056774246,0.0427486201121,0.0429371330171,0.0431535245913,0.0432517637108,0.043443595505,0.043752915976,0.0438790337646,0.0440642277805,0.0443078342459,0.044620473606,0.0448766918502,0.0452424334372,0.0454973241257,0.0458139461529,0.0460077692806,0.0461299044022,0.0464100186484,0.046684822672,0.0467863806807,0.0469032055796,0.0471302175991,0.0472536802764,0.0473426265062,0.0475829140824,0.047877631441,0.0481530992424,0.0483668357052,0.04860446817,0.0489775113132,0.0492808577836,0.049436181797,0.0496638575943,0.0499678678426,0.050251300978,0.0504597272181,0.0507863059128,0.0509920770416,0.0512137788384,0.0514062744104,0.0516432430974,0.0519426069009,0.0522426344822,0.0524258371646,0.0525333691738,0.0527378127469,0.0528911454267,0.0531845352297,0.0533670741342,0.0536478521583,0.0539067255138,0.0541244446436,0.0543461464404,0.0546886558032,0.0549508480479,0.0551260853962,0.0554579743136,0.0557221578918,0.0560009445824,0.0561569323736,0.0562989808302,0.0565332944059,0.0566580846388,0.0568870879918,0.0571081260107,0.057331819141,0.0575621500497,0.0577652660671,0.0579710371959,0.0582000405489,0.0585100247977,0.0587038479254,0.0590675981788,0.0592587661952,0.0596045944471,0.0598608126913,0.0599875942578,0.0601462371603,0.0603453705107,0.0606361052023,0.0607423096559,0.0609102454481,0.0610967670196,0.0613217877056,0.0613941394896,0.0616251341761,0.061850154862,0.0621866902242,0.0624999933622,0.0626513347085,0.0629214922873,0.0632732945397,0.063493005003,0.0636622683508,0.063994821046,0.0642862195155,0.0645284984251,0.0647774151132,0.0650575293594,0.0653907458325,0.0656303696308,0.0658295029812,0.0662065287913,0.0665019099278,0.0667806966184,0.0671849373197,0.0674955853464,0.0677577775911,0.0680836925079,0.0684965623211,0.068971163473,0.0692738461656,0.0694995306294,0.0698831942179,0.0702615475837,0.0705350240516,0.0709080671947,0.0713415141208,0.071601715032,0.0719342677272,0.0722276575301,0.072702258682,0.073208057392,0.0737795701077,0.0740470725751,0.0743039545972,0.0748051068624,0.0752923197931,0.075806747615,0.0763052447689,0.0768356032588,0.0772298872926,0.0777376773362,0.0780078349149,0.0786908623069,0.0793679156983,0.0798285775156,0.0802640157752,0.0808156151558,0.0813081383092,0.0816878192307,0.0823768206231,0.0828693437765,0.0836167576184,0.0842267694485,0.0848613410585,0.0854467931087,0.0860674253842,0.0866548687679,0.0872808112661,0.0880488022209,0.0887099249443,0.0892595329914,0.089783253703,0.0903242326383,0.0908267124592,0.0916278923057,0.0922704292497,0.0931472797694,0.0937878253799,0.0945206361095,0.0951333030509,0.0958926648938,0.0965902953981,0.0974306381369,0.0982862477659,0.0988942682625,0.0997319558899,0.100441534395,0.101271920466,0.102044557866,0.102892865939,0.103705993786,0.104587490751,0.105437790157,0.106284770674,0.107100553633,0.107973421486,0.10862193243,0.109364699827,0.110192430787,0.111002903524,0.111867142264,0.112854179905,0.113483441292,0.114399454704,0.115165454325,0.115857774607,0.116733961349,0.117669224318,0.118383449268,0.119239058897,0.120009704963,0.120660207241,0.121669813328,0.122388020945,0.123297396578,0.12421340999,0.125047778729,0.125831036574,0.126794178212,0.127682976732,0.128620894813,0.129487788665,0.130202677393,0.130971332126,0.131829596866,0.13273565361,0.133623788353,0.134393770641,0.135291198274,0.13603728456,0.136941349971,0.137880595607,0.138839754579,0.139788293104,0.140665807402,0.141538011477,0.142544962452,0.14352337098,0.144384290832,0.145429740922,0.146339780333,0.147259776412,0.14819238427,0.149093794569,0.150009144203,0.150866745166,0.151663942345,0.152682841322,0.153755506303,0.154512213034,0.155475354672,0.156366808304,0.157126833925,0.15794394444,0.158838716961,0.159623302362,0.160512100882,0.161122112712,0.161590739864,0.162413160601,0.163022508653,0.163917944952,0.164908301482,0.165810375559,0.166632132519,0.167603903269,0.168278301549,0.169301183192,0.170207239936,0.171242069581,0.172238400111,0.173151758411,0.173940990257,0.174872270559,0.175837403531,0.176797890057,0.178049111276,0.178927289351,0.17990237899,0.180721480838,0.181600322692,0.18250837077,0.183494080854,0.184475144494,0.185348676124,0.186366247545,0.187139548722,0.188244738817,0.189294835352,0.190348250775,0.191426889757,0.192263913607,0.193215771021,0.194228032219,0.195189846302,0.196141039939,0.197192464029,0.198113123886,0.198958776848,0.199902668929,0.200870457012,0.202034723334,0.203214920324,0.204240457078,0.20560120164,0.206689797289,0.2077345836,0.209014347266,0.210359824937,0.211613037489,0.212888818487,0.214124772815,0.215364046033,0.21651437302,0.217557831777,0.218808389217,0.220176435335,0.22131813321,0.222632413323,0.223837833871,0.225009401749,0.226192917629,0.22730209039,0.228706644289,0.230019596846,0.231191828502,0.232419153718,0.233662409603,0.234843934149,0.236014838249,0.237438641705,0.238806687822,0.239997505257,0.241179693581,0.242442199023,0.243901846481,0.245169662146,0.246458054923,0.247763705924,0.249208086492,0.250558210608,0.251797483825,0.253293639065,0.254659030071,0.255938129958,0.257283607629,0.258592577519,0.259869022296,0.261169363074,0.262449790517,0.263539713722,0.264749780714,0.266017596379,0.267420158943,0.268563848153,0.269661736691,0.270837287237,0.272034078673,0.273364289453,0.274489392883,0.27560918609,0.276947362205,0.278063172745,0.279029633273,0.280297448937,0.28130506369,0.282480614236,0.2837544039,0.284923316667,0.28618250322,0.287416466215,0.288430054968,