# R script for Peak Model
#  -- generated by MACS
p <- c(0.0151416223184,0.0177535454435,0.0202767008414,0.0228267555506,0.0254736477804,0.0253660505353,0.025487097436,0.025277282808,0.0252611432213,0.0253687404664,0.0254171592267,0.0252719029458,0.0252853526014,0.0252907324637,0.0252423137034,0.0253337713617,0.025339151224,0.0255543457142,0.0254225390889,0.025508616885,0.025530136334,0.0256484933037,0.0258179589647,0.0258798273807,0.0259309360721,0.025971285039,0.0260385333172,0.0260627426974,0.0263398056035,0.0262913868432,0.0264716122288,0.0265576900249,0.0264581625731,0.0264500927798,0.0264151236751,0.0265092712646,0.0267944039641,0.0268777918291,0.0267675046528,0.0269531099007,0.0269477300384,0.0267997838264,0.0268885515536,0.0268105435509,0.0269746293497,0.027001528661,0.0269477300384,0.0269638696252,0.0271360252174,0.0271414050796,0.027127955424,0.0273431499142,0.0273969485367,0.0276632517184,0.0276659416495,0.0276013833025,0.0276444222005,0.027590623578,0.0277197402721,0.0278488569662,0.0278918958643,0.0280828809743,0.0281259198724,0.027991423316,0.0279645240047,0.028201237944,0.0281581990459,0.0282550365665,0.0282146875996,0.0280586715942,0.0280667413876,0.027969903867,0.0281689587704,0.0282388969798,0.0284191223653,0.0283841532607,0.028518649817,0.0284271921587,0.0283841532607,0.0286370067867,0.0286961852715,0.0288468214146,0.0288414415524,0.029064705836,0.0291319541142,0.0292261017037,0.029465505574,0.0297371886179,0.0298044368961,0.029758708067,0.0298985844856,0.0300196313864,0.0301030192513,0.0301083991136,0.0300357709731,0.0299201039346,0.0296403510973,0.0296833899954,0.0298447858631,0.0299012744167,0.0300061817307,0.0300088716619,0.0299389334525,0.0299227938658,0.0301998567719,0.0305011290582,0.0308723395539,0.0307647423088,0.0307297732041,0.0307297732041,0.0308212308625,0.0310418052149,0.0312731392919,0.0314937136444,0.0316201404074,0.0316981484101,0.0316309001319,0.0320693589058,0.0322926231894,0.032642314236,0.0328010201725,0.0326826632029,0.0328171597593,0.0329139972799,0.03293820666,0.0329408965912,0.0329839354892,0.0328870979686,0.0330458039052,0.0329274469355,0.0329946952137,0.0332690681888,0.0332825178444,0.0334977123346,0.0335461310949,0.0338527832435,0.0339792100065,0.034116396494,0.0340921871139,0.0343315909842,0.034431118436,0.0344607076784,0.034600584097,0.0348346081051,0.0351493300471,0.0352838266035,0.0354990210937,0.0358540920026,0.0361472944955,0.0362010931181,0.0363813185036,0.0366745209966,0.0368628161755,0.0369515839027,0.0370134523187,0.0371963676354,0.0373550735719,0.0373550735719,0.0375864076489,0.0377262840675,0.037672485445,0.0377558733099,0.0379549282134,0.0379280289021,0.0380974945632,0.0381243938745,0.0383449682269,0.0384740849211,0.0386301009265,0.039041660389,0.0394962587496,0.0397168331021,0.0398082907605,0.0401902609806,0.0404538742311,0.040704037826,0.0408277746579,0.0408950229361,0.0411102174263,0.0414276292994,0.0417369713791,0.0418472585553,0.0422292287755,0.0425170514062,0.042428283679,0.0425627802353,0.0427349358275,0.0431680147391,0.043208363706,0.0434101085406,0.043356309918,0.0439373350417,0.0439319551794,0.0439319551794,0.0443273750552,0.0446367171349,0.0448626713496,0.0451074550823,0.0453603086083,0.0452042926029,0.0455082548203,0.045311889848,0.0455297742693,0.0457046197926,0.0458202868311,0.0460946598062,0.0463797925057,0.0465358085111,0.0466487856185,0.0470657249433,0.0469608176293,0.0469850270095,0.0472109812242,0.0476064011,0.0477704868988,0.0478000761412,0.0478404251081,0.048007200838,0.0483676516092,0.0484779387854,0.0487334822425,0.0490508941156,0.0493683059887,0.0493656160576,0.0499331915255,0.0502775027099,0.050616434032,0.0507751399685,0.0507159614837,0.0509365358362,0.0513776845412,0.0516870266209,0.05173275545,0.0518645620753,0.0518511124197,0.0518457325574,0.0522599819511,0.0524294476122,0.0529701237688,0.0531046203252,0.053142279361,0.053247186675,0.0535269395123,0.0537367541403,0.0539331191126,0.0542478410546,0.0540541660133,0.0541456236717,0.0541402438094,0.0545464234097,0.0548692151451,0.0552108363983,0.055350712817,0.05566812469,0.055773032004,0.0559693969764,0.0562948786428,0.0565853912046,0.0569431520446,0.0571153076368,0.0573224323336,0.0575752858597,0.0578388991102,0.0583230867132,0.0586620180353,0.0588099642473,0.0591381358449,0.0593882994398,0.0597702696599,0.0601656895357,0.0601253405688,0.0600580922906,0.0603001860921,0.0602652169875,0.0603512947836,0.060865071629,0.0612255224001,0.0617688884879,0.0621266493279,0.0622503861598,0.0628717602503,0.0635254135144,0.0641575473294,0.0647305026596,0.0653518767502,0.0656101101384,0.0658010952485,0.0656558389676,0.065559001447,0.066317562025,0.0671057118455,0.0673370459225,0.0672294486774,0.0675038216524,0.0679718696686,0.0683726694067,0.068988663635,0.0700969152596,0.0711970970909,0.0713638728208,0.0716866645561,0.0723941164428,0.0733893909601,0.0740564938797,0.0746805579014,0.0757054216611,0.0764774318948,0.0772064032304,0.07768252104,0.0784195621691,0.0788553310118,0.0795708526918,0.080143808022,0.0808189807351,0.0813677266851,0.0819595115333,0.0827853203895,0.0830812128136,0.0837617653889,0.0843858294105,0.0851040410217,0.0856043682114,0.0864597663101,0.0869977525356,0.0877025144911,0.0881920819564,0.0886278507991,0.0893729617215,0.0899486069829,0.0904650737594,0.0914549684144,0.0923856845846,0.0928295232207,0.0937952084956,0.0944515516908,0.0952477713046,0.096054750643,0.0965093490036,0.0974319953804,0.0986720536303,0.0995113121422,0.0999793601585,0.100797099221,0.101313565998,0.101899970984,0.102311530446,0.10289255557,0.10429938955,0.104910003916,0.105240865444,0.105714293323,0.106706877909,0.107430469382,0.108119091751,0.109329560759,0.110308695689,0.111053806612,0.111637521666,0.11238532252,0.11331603869,0.11438932121,0.114819710191,0.115788085397,0.1166784526,0.117426253453,0.11837310921,0.119556678907,0.120129634237,0.120831706261,0.121697864084,0.12221164093,0.123556606494,0.124194120171,0.124877362677,0.125383069729,0.125878017057,0.126477871699,0.127572673668,0.128861150678,0.129845665471,0.130867839299,0.131930362095,0.133178490138,0.134345920247,0.135865731335,0.136971293028,0.137966567545,0.138738577779,0.139545557117,0.140298737833,0.141312841868,0.141802409334,0.142512551151,0.1435105156,0.143884416027,0.145078745447,0.146028291135,0.147510443187,0.148228654798,0.149008734825,0.149769985334,0.150888996683,0.151556099603,0.152446466806,0.153726874023,0.154894304133,0.155911098099,0.156648139228,0.157670313057,0.158826983442,0.160050902105,0.161011207517,0.16271124399,0.163612370918,0.164607645435,0.165479183121,0.166315751701,0.167319096012,0.168629092471,0.169772313201,0.170705719302,0.172142142524,0.17275275689,0.174156900939,0.175587944299,0.176373404188,0.177707610028,0.178358573361,0.179326948567,0.180470169296,0.181661808786,0.182753920823,0.184037017971,0.185435782158,0.186272350739,0.188053085145,0.189589035819,0.19145046816,0.193021387938,0.194371733364,0.195730148584,0.196980966558,0.19853574675,0.200130875909,0.201389763677,0.202449596541,0.203348033538,0.204515463647,0.206228949776,0.207781040037,0.209580603961,0.210963228561,0.212205976742,0.213515973201,0.214976605803,0.217107031257,0.219331604299,0.221540037755,0.223132476983,0.224940110701,0.225951524805,0.227751088729,0.230371081648,0.232254033437,0.234607723174,0.236108704744,0.237814121079,0.238911612979,0.240353416063,0.242400453652,0.24494781843,0.247021755329,0.248232224337,0.249797764253,0.251828662254,0.253859560256,0.2555138679,0.257862177774,0.259656361836,0.261767957772,0.263470684176,0.265431643968,0.267446402383,0.269431571555,0.270814196155,0.272823574707,0.274816813673,0.276971448506,0.279672139358,0.281412524798,0.283663997152,0.285581918046,0.287973266819,0.289861598471,0.292215288207,0.294474830355,0.296712853053,0.299077302514,0.301102820654,0.303079920033,0.305121577759,0.307160545554,0.309073086585,0.311951312892,0.314321142216,0.316252512766,0.318181193384,0.319684864885,0.321306893355,0.323765490406,0.325801768269,