# R script for Peak Model
#  -- generated by MACS
p <- c(0.0174996354942,0.0204621816482,0.0233943672969,0.026414438619,0.0293530159531,0.0294768548565,0.0294896382272,0.0295879103892,0.0295927041532,0.0297125482533,0.0297069555287,0.0297684755,0.0299362572402,0.0299602260602,0.0300081637002,0.0301008431376,0.0301320026036,0.030186331929,0.0303645001578,0.0304044481911,0.0305530548752,0.0305618434426,0.0305658382459,0.0306649093687,0.0307615836094,0.0307591867274,0.0308374848728,0.0309661175402,0.0310332302362,0.0310579980169,0.0311338992803,0.0312952893351,0.0313120675091,0.0313192581551,0.0313719895592,0.0313671957951,0.0315493588273,0.0316668060454,0.0317203364101,0.0318010314374,0.0318657472515,0.0318617524482,0.032157367895,0.0323059745791,0.0324577771059,0.032661512076,0.0326391411774,0.0326623110367,0.0326766923287,0.0327605831988,0.0329179784502,0.0329579264836,0.0328165104455,0.0328740356135,0.0329755036183,0.0330633892917,0.0331544708077,0.0331760427457,0.0332966858065,0.0333598036992,0.0334133340639,0.033530781282,0.0337201349601,0.0337065526288,0.0337552892295,0.0337680726001,0.0338216029649,0.0339670138063,0.034058894283,0.0342154905738,0.0342130936918,0.0344104369766,0.0344016484093,0.03452229147,0.0345742239134,0.0346549189408,0.0347276243615,0.0347507942208,0.0349249676463,0.0348690403996,0.0348922102589,0.0349105863543,0.0349121842756,0.0349800959323,0.0349577250336,0.034978498011,0.0350464096677,0.0351614600038,0.0350647857631,0.0352325675032,0.0354163284566,0.0354331066306,0.0355729247474,0.0356432332861,0.0358198035936,0.0360123531144,0.0361785369332,0.0362919893479,0.0363606999653,0.0363910604706,0.036442992914,0.0366323465921,0.0366834800748,0.0368376794836,0.0369511318984,0.0370422134144,0.0371388876552,0.0371764388065,0.03737218417,0.0375703264155,0.0376829798695,0.0376869746729,0.037921869109,0.0380017651758,0.0380984394165,0.0382638242746,0.0384204205654,0.0386137690469,0.0388334832303,0.0389717034258,0.0390747693518,0.0393224471587,0.0394406933374,0.0396308459762,0.0398361788677,0.0400399138378,0.0403075656614,0.0404346004075,0.0405951915016,0.0408109108817,0.0411065263286,0.041158458772,0.0413669875061,0.0415930933749,0.0417856428957,0.0418407711818,0.0418990953105,0.0421803294653,0.0423505080875,0.0425374648836,0.0425870004449,0.0428746262851,0.0430464028286,0.0431518656367,0.0433316317868,0.0436352368403,0.0438118071478,0.0439604138319,0.044152164392,0.0442448438294,0.044584402113,0.0448552497792,0.0451021286254,0.0453506053929,0.0455559382843,0.0457436940411,0.0459953666513,0.0461775296834,0.0463437135022,0.0466401279098,0.0468526514472,0.0471107157428,0.0473695789989,0.0475972827891,0.047890501354,0.0480470976447,0.048377867361,0.0485975815445,0.0489235574967,0.0492095854156,0.0495227779971,0.0498120017586,0.0500876431888,0.050372872147,0.0505893904878,0.0509009851481,0.0511206993316,0.0514354898344,0.0516927551693,0.0517758470787,0.0519556132288,0.0520954313456,0.0522544245183,0.0524813293478,0.0527505790927,0.0530661685562,0.0531780230496,0.0534041289185,0.053674177624,0.0541239924796,0.0543381139385,0.0545466426726,0.0547463828394,0.0549629011802,0.0551738267964,0.0554103191539,0.0558257787008,0.0560143334183,0.0561805172371,0.0563690719545,0.056612754958,0.0569291433823,0.0571784191104,0.057448467816,0.0576306308481,0.0577480780662,0.0578375616609,0.0580900332317,0.0582682014605,0.0584048237346,0.0587323976082,0.0588114947142,0.0590751517344,0.0592661033339,0.0595441416461,0.0598693186376,0.0602320467806,0.0603902409927,0.0605492341654,0.0607713452309,0.0608448496123,0.0609990490211,0.0611572432332,0.0613769574167,0.0616022643248,0.0617804325536,0.0619657914284,0.0621423617359,0.0625801921815,0.062799906365,0.0630268111945,0.0634718322861,0.0637187111323,0.0639927546412,0.0642683960714,0.0646758660116,0.0648340602238,0.065231942636,0.0653701628315,0.065647402183,0.0659709812532,0.0661882985547,0.0664144044235,0.0666301238037,0.0668618223972,0.0670248103733,0.0672621016914,0.0675649077843,0.0678349564898,0.0681577365994,0.0683271162608,0.068530851231,0.068965485834,0.0693553786396,0.0695766907444,0.0697229005465,0.0700512733807,0.0702821730135,0.0705913707918,0.0708422444413,0.0712824717689,0.0716667718498,0.0719152486173,0.0722308380809,0.0726255246505,0.0730297987481,0.0733557747003,0.0737009257086,0.0741283696656,0.0744016142137,0.0746157356726,0.0750599578035,0.0754905976032,0.075783816168,0.0761769048163,0.0765268495886,0.0769415101748,0.0771875900603,0.0774736179792,0.0780320914856,0.0785769826606,0.0788614126582,0.0791937802957,0.0795636990847,0.080067044305,0.0805767812107,0.0810098178923,0.0815938581401,0.0819885447097,0.0823600614199,0.0827467583829,0.0833116235746,0.0836911298915,0.0842719742966,0.0846003471308,0.0849351116504,0.0854001067587,0.0859793532425,0.0866680573376,0.0872249329227,0.0879439975232,0.0885631920403,0.0893357870055,0.0899166314105,0.0906540721064,0.091531330919,0.0921888755481,0.0928767806826,0.0935343253117,0.0943093171589,0.094938099204,0.0956771378212,0.0963602491917,0.0971975599709,0.0978902588694,0.0984782939205,0.099235708633,0.0998533052288,0.100530024914,0.101156410077,0.101591843641,0.102170291164,0.10289574745,0.10345901472,0.104150115697,0.104877968865,0.105532317651,0.106300118853,0.106977637498,0.107703093784,0.108733753045,0.109574259667,0.110369225531,0.111063522351,0.111906425854,0.112670232252,0.113578650531,0.114368822631,0.115158994731,0.115950764752,0.116683411684,0.117491160918,0.118254168356,0.119132226129,0.119845698005,0.120698987997,0.121543489423,0.122395181494,0.123161384774,0.123930783896,0.124685801727,0.125314583772,0.126123930928,0.126968432353,0.127738630436,0.128500838913,0.129281423485,0.129877448142,0.130768289286,0.131592816695,0.132438916041,0.133236278787,0.134223794172,0.135021156918,0.135928776236,0.136696577437,0.137421234762,0.138396765737,0.139235674437,0.140231179429,0.141118025769,0.142036830537,0.142660818818,0.143496531676,0.144393764505,0.145482747895,0.146379980724,0.147310769901,0.148203208966,0.148903897472,0.149614173505,0.150351614201,0.151060292312,0.1517633777,0.152625456259,0.15305689502,0.15394374136,0.154634043377,0.155441792611,0.156382169317,0.157320948101,0.158179031857,0.159038713535,0.160023033077,0.160472048972,0.161385261015,0.161914172977,0.162782643222,0.163420213834,0.164174432704,0.164853549271,0.165589392046,0.166566520942,0.167490918434,0.168634231149,0.169484325299,0.170456660431,0.171037504836,0.171961103367,0.172572308277,0.173314542737,0.173995257226,0.174636023681,0.175421402017,0.17611969364,0.176986565964,0.17786861854,0.178870515217,0.179674269648,0.180726500847,0.18176035595,0.182811788188,0.183779329556,0.184551125561,0.185319725723,0.186347988102,0.187417796435,0.188352580416,0.189432775238,0.190361966494,0.191269585812,0.192180400972,0.19293222296,0.193775925425,0.194829754545,0.195755749958,0.196579478406,0.197718796317,0.198573684231,0.199750553294,0.200862706543,0.201916535663,0.20313415172,0.20441568463,0.20558855889,0.206482595876,0.207635496119,0.208573475942,0.209799081606,0.21080976685,0.211902745043,0.213097990201,0.214383517914,0.215460516894,0.216464810453,0.217741549599,0.218555690519,0.219766115929,0.220919016172,0.221956866079,0.223220821855,0.224591039399,0.225701594726,0.226801763565,0.228105667374,0.229197846606,0.230512935864,0.231756118663,0.232896235535,0.234162588192,0.235313091553,0.236401275982,0.23758453673,0.23887805405,0.240070103366,0.241367615489,0.242807342612,0.243929882349,0.245227394473,0.246558462944,0.247728141361,0.248873051997,0.250084276369,0.251177254561,0.252260645226,0.253507822828,0.254852473631,0.256155578479,0.257399560238,0.258429420538,0.259649433477,0.260818312933,0.262101443764,0.263601891897,0.264667705427,0.265978000922,0.266888816082,0.268148777054,0.269247347972,0.270452180658,0.271521988991,0.272743599852,0.273781449758,0.274678682588,0.276027328194,0.276970101781,0.278026327783,0.278843664546,0.279713732713,0.280739598209,0.281703144774,