# R script for Peak Model
#  -- generated by MACS
p <- c(0.0473420180772,0.055213552023,0.0631979003711,0.0710730734912,0.0791411228476,0.0788317930346,0.0793194423868,0.0793740300008,0.0794322567892,0.079213906333,0.079268493947,0.0793194423868,0.0792321022043,0.0794140609178,0.0792066279844,0.0788609064288,0.0784205663421,0.0784314838649,0.0783041127655,0.0781003190064,0.0781367107491,0.0780493705666,0.0779802262555,0.0777655149735,0.0780057004754,0.0786534734954,0.0786862260638,0.0786134425784,0.0788754631259,0.0792066279844,0.078984638354,0.0789191332171,0.0788827414744,0.0790647001879,0.0791047311049,0.0791411228476,0.079443174312,0.0795996588056,0.0796578855939,0.0793303599096,0.0795814629342,0.0796542464196,0.0797816175191,0.0796142155027,0.0792502980757,0.07922846303,0.0790610610136,0.0790101125739,0.0788645456031,0.0790355867937,0.0788536280802,0.0789518857855,0.0787480920264,0.0790719785364,0.0792903289926,0.0792502980757,0.0792976073412,0.0792430197271,0.079363112478,0.0793922258722,0.0795159577974,0.0796032979798,0.079592380457,0.0793267207353,0.0792393805529,0.0789082156943,0.0788718239516,0.0789300507399,0.0790828960593,0.0787335353293,0.0789409682627,0.07890457652,0.0793376382581,0.079363112478,0.0793521949552,0.0797925350419,0.0799199061413,0.0800472772408,0.0798835143986,0.0804075554935,0.0803748029251,0.0803129369625,0.079861679353,0.0797051948594,0.0797743391705,0.0796105763284,0.07957782376,0.0795159577974,0.0794104217435,0.0793813083494,0.0792939681669,0.079348555781,0.07957782376,0.0797706999963,0.0794468134862,0.079268493947,0.0791811537645,0.0791702362417,0.0791374836733,0.0790610610136,0.0790865352335,0.0791556795446,0.0791047311049,0.0792430197271,0.0796396897225,0.0798580401787,0.079861679353,0.0798107309132,0.0798507618302,0.0799344628384,0.0801127823776,0.08022559678,0.0804730606304,0.080185565863,0.0802692668712,0.0803129369625,0.0804912565017,0.0807314420035,0.0808515347544,0.0807168853064,0.0805458441158,0.0805058131988,0.0802328751285,0.0806732152152,0.0804111946678,0.0803238544853,0.0801564524689,0.0799854112782,0.0800399988922,0.079807091739,0.0800181638466,0.0800218030209,0.0799708545811,0.0796142155027,0.0797743391705,0.0793558341295,0.0794686485319,0.0795741845857,0.0791047311049,0.0790537826651,0.07890457652,0.0785042673503,0.0789373290885,0.0792393805529,0.0792175455072,0.0795996588056,0.0793958650465,0.0792575764242,0.0796360505483,0.0799381020127,0.07990171027,0.0801892050373,0.0798580401787,0.0791593187189,0.0793194423868,0.0790610610136,0.0792794114698,0.0792903289926,0.0792102671587,0.0791374836733,0.0789628033083,0.0788245146861,0.0788354322089,0.0793995042207,0.0793158032125,0.0796469680711,0.0795123186231,0.0795996588056,0.0796688031167,0.0797197515565,0.0798180092618,0.0798507618302,0.079727029905,0.0798507618302,0.0794795660547,0.0794613701833,0.0794686485319,0.0796506072454,0.0796542464196,0.079861679353,0.0801819266888,0.0802547101742,0.0806259059497,0.0803566070537,0.0805422049415,0.0806586585181,0.0805422049415,0.0802001225601,0.0802947410911,0.0802692668712,0.0797779783448,0.0796105763284,0.0793121640383,0.0795123186231,0.0794904835775,0.079443174312,0.0795632670629,0.0797343082536,0.0797488649506,0.0796142155027,0.0796469680711,0.0799781329296,0.0803420503566,0.0801564524689,0.0805749575099,0.0805422049415,0.0808915656714,0.0808333388831,0.0805349265929,0.0806768543895,0.080858813103,0.0807569162234,0.0806950502608,0.0807933079661,0.0804403080619,0.0803056586139,0.0801382565975,0.0801091432034,0.080360246228,0.080320215311,0.0803456895309,0.0805822358585,0.0803820812736,0.0804075554935,0.0804111946678,0.0804585039333,0.0800982256806,0.0802183184315,0.0801491741203,0.0800218030209,0.0801236999004,0.0800436380665,0.0801200607262,0.0799744937554,0.0800181638466,0.0800181638466,0.0799999679753,0.0798325659589,0.0796032979798,0.0797706999963,0.0793958650465,0.0791156486277,0.0789664424826,0.0787408136779,0.0787735662463,0.078755370375,0.0792393805529,0.0794650093576,0.0797452257764,0.0796651639424,0.0799854112782,0.0801782875145,0.0803929987964,0.081008019248,0.0810298542936,0.0812591222727,0.0810989986048,0.0808697306258,0.0809352357626,0.0809971017252,0.0809024831942,0.0810989986048,0.0810917202562,0.0807132461322,0.0807751120948,0.0807132461322,0.0808296997088,0.0807532770491,0.0808406172316,0.0807350811778,0.080953431634,0.0806732152152,0.0807969471404,0.0807933079661,0.08054948329,0.0806586585181,0.0806768543895,0.080913400717,0.0807933079661,0.0808915656714,0.0806259059497,0.0806004317298,0.0801528132946,0.0805676791614,0.0809825450281,0.0809789058539,0.0806986894351,0.0807096069579,0.080644101821,0.0808806481486,0.0812445655756,0.0813901325464,0.081735854102,0.081601204654,0.0812809573183,0.0810043800738,0.0811754212644,0.0815757304341,0.082005152998,0.081681266488,0.0818341118073,0.0819869571266,0.0822853694168,0.0825692250098,0.0833516474778,0.083879327747,0.0843451420535,0.0847854821402,0.0851821521356,0.0860555539604,0.086495894047,0.0868161413828,0.0868306980799,0.0870781619302,0.0870854402788,0.0875803679795,0.0880352647632,0.0881444399913,0.0881044090743,0.0879333678837,0.0878278318298,0.0878314710041,0.0881735533855,0.0881298832942,0.0881626358627,0.088046182286,0.0878314710041,0.0876240380707,0.087682264859,0.0875767288052,0.0876240380707,0.0878387493526,0.0880061513691,0.0880789348544,0.0881226049457,0.0880534606346,0.0877332132988,0.0875912855023,0.0875803679795,0.0877696050415,0.0875912855023,0.0874893886227,0.0874129659631,0.0873729350461,0.0873256257806,0.0872892340379,0.0873692958718,0.0874784710999,0.0874821102742,0.0875112236683,0.0878278318298,0.0879733988006,0.0878751410953,0.0882463368709,0.088544749161,0.0884646873271,0.0887958521856,0.0886248109949,0.0887849346628,0.0886975944803,0.0885483883353,0.0882827286136,0.0884646873271,0.0881044090743,0.0879806771492,0.0877732442158,0.0877550483444,0.0882026667796,0.0878314710041,0.0879151720123,0.0881589966884,0.0883409554019,0.08812624412,0.0880534606346,0.0882645327422,0.0885702233809,0.0885738625552,0.0886211718207,0.0887922130114,0.0886539243891,0.088370068796,0.0883955430159,0.0882572543937,0.0885374708125,0.0881553575141,0.0882026667796,0.0881699142112,0.0881153265971,0.0882645327422,0.0882790894393,0.0884901615469,0.0886721202604,0.0891124603471,0.0888759140196,0.0890360376874,0.0892798623635,0.0891634087869,0.0888577181482,0.0888868315424,0.088908666588,0.0888504397997,0.088868635671,0.0891088211728,0.0894181509858,0.089272584015,0.0892980582349,0.0894290685086,0.0896110272221,0.0895127695168,0.0896255839192,0.089691089056,0.089596470525,0.0890615119073,0.0887303470488,0.0883482337504,0.0880680173316,0.0878678627468,0.0879442854065,0.0878605843983,0.0877477699959,0.087667708162,0.0877259349503,0.0882463368709,0.0884246564101,0.0888649964967,0.0889705325506,0.0891452129155,0.0890833469529,0.0893053365834,0.0894472643799,0.0896146663963,0.0894254293343,0.089137934567,0.0889195841108,0.0892361922723,0.0893999551144,0.0895491612595,0.089232553098,0.0888649964967,0.0888067697084,0.088733986223,0.0888540789739,0.0887376253973,0.0890833469529,0.0890869861272,0.0891743263097,0.0890760686044,0.0895164086911,0.0899458312549,0.0897893467613,0.0898985219894,0.089636501442,0.0897383983215,0.0896619756619,0.0893308108033,0.0892143572267,0.0894800169484,0.0894363468571,0.0891015428243,0.0893053365834,0.0892944190606,0.0896983674046,0.0898584910724,0.0901641817111,0.0902951919848,0.0901459858398,0.0900076972175,0.0899640271263,0.0901387074912,0.0902406043708,0.0902187693252,0.0903388620761,0.0904007280386,0.0900695631801,0.0898621302467,0.0898184601555,0.0893999551144,0.0891961613553,0.0894836561226,0.089501851994,0.0892871407121,0.0890578727331,0.0887012336546,0.0884901615469,0.0889268624593,0.0890833469529,0.0894436252057,0.0897092849274,0.0895637179566,0.0894982128197,0.0895346045624,0.0897129241016,0.090014975566,0.0901277899684,0.0897565941929,0.089731119973,0.0896110272221,0.0894545427285,0.0894472643799,0.0894545427285,