# R script for Peak Model
#  -- generated by MACS
p <- c(0.01499553949,0.0175009996251,0.0200250704204,0.0224514352495,0.0249452637219,0.0248824527436,0.0250034220352,0.0249755060448,0.0249638743821,0.0250104010327,0.0248964107388,0.0249057160689,0.0250173800303,0.0251778969749,0.0252151182954,0.0253686562424,0.0254477515484,0.0254989308641,0.0255477838472,0.0257362167822,0.0258920810617,0.0258595124063,0.0258176384207,0.0258990600593,0.025994439693,0.0259479130424,0.0259199970521,0.0258781230665,0.0257873960978,0.0257152797894,0.0258269437509,0.0259223233846,0.025994439693,0.0259386077123,0.02595489204,0.0259735027003,0.0260363136786,0.0261851989605,0.0263177999147,0.0263340842425,0.026375958228,0.0265411278376,0.0267109501124,0.0267458451003,0.0269459096979,0.02710410031,0.0272646172546,0.0273506915582,0.0273134702377,0.0273483652256,0.0273437125606,0.0273041649076,0.0273088175726,0.0273646495534,0.0271599322907,0.0272715962521,0.0272041326088,0.0272273959341,0.0273855865461,0.0273181229028,0.0274739871823,0.0275461034907,0.0275019031726,0.0275949564739,0.0277368627582,0.0276577674522,0.0277461680883,0.0277438417558,0.0277926947389,0.0279299483582,0.0278694637124,0.0278462003871,0.027955538016,0.0279136640305,0.0280672019775,0.0281928239341,0.028183518604,0.0284789628353,0.0284394151823,0.028416151857,0.028569689804,0.0285534054763,0.0285208368209,0.0286162164546,0.0285789951341,0.0286883327631,0.0287418384113,0.0287837123968,0.028990755992,0.0292326945752,0.0293141162137,0.0296235184402,0.0297119190764,0.0298049723776,0.0298026460451,0.0298072987101,0.0300562162909,0.0298631306908,0.0297491403969,0.0297212244065,0.0297142454089,0.0296584134282,0.0296398027679,0.0297654247246,0.0299468786619,0.029872436021,0.0299585103246,0.0301981225752,0.0303214181993,0.0303190918668,0.0304656508162,0.0305796411102,0.0307075893993,0.0307517897174,0.0308820643391,0.0310751499391,0.031030949621,0.0310937605994,0.0312217088885,0.0313915311632,0.0315776377656,0.0317241967151,0.0319056506524,0.0321894632211,0.0324011594814,0.0324546651296,0.0325965714139,0.0326896247151,0.032912952638,0.0329687846187,0.0330525325898,0.0330153112693,0.0330455535922,0.0330060059392,0.0328920156452,0.0331037119055,0.0332828395103,0.033492209438,0.0336783160405,0.0339225809561,0.0340458765802,0.0344715954333,0.0347251656791,0.0348670719634,0.0351043578815,0.0354835500839,0.0354672657562,0.0356650040213,0.035602193043,0.0357115306719,0.0358301736309,0.035913921602,0.0358301736309,0.0359674272502,0.0360953755394,0.0359813852454,0.0363093981322,0.036330335125,0.0366118213611,0.0368072332937,0.0370491718768,0.0371073301901,0.0374376694094,0.0375888810238,0.0378959569178,0.0380564738624,0.0381797694865,0.0383495917612,0.0385426773612,0.0389428065564,0.0391103024986,0.0391800924745,0.039410399395,0.0396290746528,0.039836118248,0.0402036787878,0.0404967966866,0.040638702971,0.0409387998674,0.0409318208698,0.0409643895252,0.0412877497469,0.0415227093325,0.0417088159349,0.0418460695542,0.0419600598482,0.0420717238096,0.0425044216602,0.0425183796554,0.0427324022482,0.0430371518097,0.0432348900747,0.0435373133037,0.0438118205422,0.0438001888796,0.04402119047,0.0441165701037,0.0440793487832,0.0443910773423,0.044635342258,0.0447656168796,0.0450331451206,0.0450238397905,0.0451448090821,0.0454565376411,0.0456170545857,0.0456682339014,0.0459124988171,0.0459218041472,0.0459753097954,0.0462567960315,0.046254469699,0.0463591546629,0.0465638719255,0.0467709155207,0.0470896230774,0.0474595099497,0.0475665212461,0.0478084598292,0.0481271673859,0.0481620623738,0.0484505276076,0.0488064564847,0.0489786050919,0.0489506891016,0.0490251317425,0.0492647439932,0.0496113675402,0.0497207051691,0.0496067148751,0.0498277164655,0.0499300750968,0.0501115290342,0.0502464563209,0.0505791218727,0.0505605112125,0.0507140491595,0.0507326598197,0.0510769570342,0.0515119812174,0.051677150827,0.0519260684078,0.0519400264029,0.0520051637138,0.0521028696801,0.0524239035692,0.0525332411982,0.0526239681668,0.0527565691211,0.0527961167741,0.0530171183645,0.0532404462874,0.0535219325235,0.054133757979,0.0544105915501,0.0546199614778,0.0549875220176,0.0552457449284,0.0555109468369,0.0559552763502,0.0562995735646,0.0568253247165,0.0569951469912,0.0571300742779,0.0575511404659,0.0577744683888,0.0579977963117,0.058477020813,0.0588259706925,0.0588445813527,0.0589888139696,0.0590586039455,0.0595680707696,0.0597797670299,0.060249686201,0.0606195730733,0.0608987329769,0.0611662612179,0.0614058734685,0.0618897506348,0.0621945001963,0.0624945970927,0.0626225453819,0.0631227068759,0.0635298150687,0.0639834499121,0.0642881994735,0.0645859700374,0.0648674562736,0.0651931428278,0.0657840312905,0.0662958244471,0.0669541765532,0.0673101054303,0.0673682637436,0.0677730456038,0.0683871973918,0.0688385059027,0.069322383069,0.0699644508473,0.0705320759847,0.0711741437631,0.0717394425679,0.0722954360427,0.0731840950692,0.0737005408909,0.0743658719946,0.0751940463753,0.0759128831272,0.076478181932,0.0770295227417,0.077587842549,0.07804845639,0.0786091025298,0.079088327031,0.0798932380865,0.0803096516094,0.0809051927371,0.0818589890745,0.0826755317926,0.0834874218457,0.0844598288433,0.085318245547,0.0859579869928,0.086744287388,0.0872560805447,0.0883378251713,0.0888961449785,0.0892474211906,0.08997323694,0.0904873564292,0.0909758862606,0.091697049345,0.0927555306462,0.0932603448053,0.0941536564969,0.0948073559379,0.095965869538,0.0967870649211,0.0973988903766,0.0985132036586,0.0993111357165,0.0998717818563,0.100304479707,0.101132654088,0.102212072382,0.102891361481,0.103277532681,0.104349971977,0.105473590589,0.106148227023,0.106841474117,0.107990682387,0.108937499727,0.10995178071,0.110542669173,0.111419696536,0.112280439573,0.113124898281,0.113701828749,0.114513718802,0.115262797876,0.115979308296,0.116974978619,0.117721731361,0.118654590706,0.119194299853,0.120036432228,0.120908806927,0.121899824585,0.122976916547,0.123946997212,0.12497523619,0.125838305559,0.126980534831,0.127538854639,0.128425187333,0.129453426311,0.12999546179,0.13090505781,0.1317053162,0.132352036644,0.133177884692,0.133729225502,0.134466672914,0.135450711574,0.136683667815,0.137593263834,0.138726187777,0.139724184432,0.140561664143,0.141536397473,0.142639079092,0.143965088635,0.144656009396,0.145893618302,0.146914878283,0.148094328876,0.149273779469,0.150225249474,0.151339562756,0.152691161956,0.153519336336,0.154447543016,0.15587591119,0.157055361782,0.158165022399,0.159090902746,0.160009804096,0.160947316106,0.161817364472,0.162782792472,0.163597008857,0.164825312433,0.165660465812,0.166379302564,0.167312161908,0.168752161745,0.169836232704,0.170869124347,0.172104406921,0.173088445581,0.174758752338,0.176003340241,0.177264212473,0.178939171894,0.179916231557,0.180837459239,0.182328638391,0.183610447615,0.184857361851,0.185820463519,0.186911513476,0.188293354999,0.189633322536,0.190628992859,0.192303952281,0.193913774392,0.195316552907,0.197079912965,0.198706019404,0.200974193621,0.202716616686,0.204030994566,0.205559395038,0.206922625901,0.208720880947,0.2101120278,0.211984725487,0.213457293978,0.214913578142,0.216611800889,0.218058779723,0.219896582422,0.221329603261,0.223227890605,0.225128504283,0.227054707618,0.22818763156,0.229878875309,0.231895805613,0.233259036476,0.235134060495,0.236771798597,0.239202816091,0.24088475451,0.24276908386,0.24469993986,0.246965787744,0.249106013672,0.250778646761,0.252921199022,0.255035835292,0.257545948092,0.258930115947,0.26122155349,0.262961650222,0.265032086174,0.266937352516,0.268975219813,0.271166625056,0.27318355536,0.275042295052,0.276749823129,0.279273893924,0.281260581905,0.283375218175,0.285073440922,0.287367204797,0.289258513144,0.291438286725,0.293604102311,0.295988593154,0.298273051699,0.300559836576,0.302986201405,0.304979868384,0.307115441646,0.309534827478,0.31162387409,0.31390367997,0.316183485849,0.318014309551,0.320184777801,0.321924874534,0.324430334669,0.326344906341,0.328575859238,0.330429946265,0.332295664954,