# R script for Peak Model
#  -- generated by MACS
p <- c(0.0172059204369,0.0200670111064,0.0230100047293,0.0258773956259,0.0288503153279,0.0289377309801,0.0289802575136,0.0291464260055,0.029111774756,0.0290645230522,0.0291480010623,0.0292913312308,0.0292905437024,0.0293480332754,0.0292606176232,0.0292692804356,0.0293204697815,0.0293488208038,0.0295937421355,0.0298079498598,0.0298307881833,0.0298882777564,0.0300095571296,0.0300473584927,0.0302749541997,0.0303678825507,0.0304442728053,0.0304993997931,0.0304584483164,0.0304836492251,0.0305687022921,0.0306639932283,0.0306758061542,0.0308459122882,0.0308482748734,0.0309561662639,0.0310679952964,0.0311428104942,0.0313152792133,0.0314357710582,0.031595639323,0.0315444499771,0.0316562790096,0.0317665329853,0.0317665329853,0.0319035629265,0.0320303549986,0.0321744726954,0.0321886482066,0.0322169992289,0.0322500754216,0.0324264817827,0.0324918466397,0.0324776711286,0.0325808373487,0.032605250729,0.032609188371,0.0326438396205,0.0326973915516,0.0326627403021,0.0326643153589,0.0327911074309,0.0328320589076,0.0329895645872,0.0331069063185,0.0330651673134,0.0331234444148,0.0331628208347,0.0333163888723,0.0334605065691,0.0335817859424,0.0335628852609,0.0336723517082,0.0337140907133,0.0337613424171,0.033951136761,0.0341023422134,0.0340645408503,0.0341251805369,0.0342181088879,0.0342779610461,0.0344157785158,0.0345661964398,0.0346268361264,0.0346906259266,0.034756778312,0.0347654411244,0.0349426350139,0.035015875155,0.0351410921702,0.0352985978498,0.0354190896947,0.0355443067099,0.0356561357424,0.0357876529849,0.0358506552567,0.0359829600275,0.0361034518724,0.0362711954212,0.036334197693,0.036407437834,0.0364326387427,0.0364523269527,0.0366334584842,0.0367366247043,0.0369287816334,0.0370043843596,0.037155589812,0.0372382802938,0.0373571970818,0.0374832016255,0.0376848088954,0.0378171136662,0.0378470397453,0.0379856447434,0.0380966862475,0.0382455291147,0.0383888592831,0.0384526490833,0.0387180461534,0.0388416881119,0.0389094155541,0.0390621960633,0.0392543529923,0.0394551727338,0.0396221287542,0.0397780593769,0.0399465904541,0.0401434725535,0.0401915117858,0.0403820936581,0.0405529873204,0.0407175807556,0.0408868993611,0.0411176451817,0.0412562501798,0.0414287188989,0.0416295386403,0.041836658609,0.0421193813038,0.0423139008181,0.0425257459571,0.0428431199015,0.0430785908924,0.0432707478215,0.0435070063409,0.0438464310804,0.043999999118,0.0442779966424,0.0444835415543,0.0446284467795,0.0449190447583,0.0450418991884,0.0453088713152,0.0455152037555,0.0457821758824,0.0459483443743,0.0461846028937,0.0463610092548,0.0465122147072,0.0468815655258,0.0470595469437,0.0473249440138,0.0474919000342,0.0476352302026,0.0477139830424,0.0479667796581,0.0483345554199,0.0486306660975,0.048908663622,0.0491299591018,0.0494741090116,0.0496820165087,0.0499789147147,0.0503648036296,0.050820782572,0.0510916923409,0.0513106252355,0.0514059161716,0.0517264402296,0.0519563985218,0.0520997286902,0.0522328209894,0.0524927053607,0.0527368391641,0.0527155758973,0.0528935573152,0.0532392822819,0.0536039079301,0.0538645798298,0.0541165889171,0.0543843485724,0.0547954383961,0.0549710572288,0.0552537799237,0.0557050336957,0.0561326616157,0.0561744006208,0.0564248346513,0.0566374673188,0.0568217489639,0.0570855709771,0.0573824691831,0.0576864551447,0.0579361016469,0.0581810229786,0.0582566257048,0.0585834499899,0.0587189048744,0.0589961148704,0.0592796250936,0.0595245464254,0.0597340289792,0.0599734376122,0.0601325183485,0.0603270378628,0.0606656750739,0.0609420975416,0.0613972889555,0.0614571411138,0.0616697737812,0.0620005357083,0.0622068681486,0.0624856532014,0.0628038146742,0.0630258976824,0.0632810568833,0.0634669135852,0.0636007934128,0.0639315553399,0.0642812179486,0.0643182317833,0.0646167050461,0.0648537510938,0.0650529957785,0.0654065960291,0.0655688268791,0.0657696466206,0.0660311060487,0.0663713183166,0.0667012927153,0.0670509553239,0.0672880013717,0.0674911836983,0.0677494930128,0.0679763011914,0.0682598114147,0.0685708851318,0.0688630581674,0.0690489148693,0.0691969702081,0.0694993811129,0.0697828913362,0.0701514546264,0.0705302557858,0.0708807059228,0.0712358812303,0.071692647701,0.0720005713046,0.072432924395,0.0728172382532,0.0731007484764,0.0734133972504,0.0736535934118,0.0739575793733,0.0741662743988,0.0744411218096,0.0746072903016,0.0749632531374,0.0752160497531,0.0755389363963,0.075803545938,0.076027204003,0.0765461852172,0.0768604090479,0.0772707113432,0.0776369120482,0.0781070665018,0.0784370409005,0.0789095579392,0.0792017309748,0.079720712189,0.0801955918129,0.0805161158709,0.0809090925414,0.0813989352049,0.0819887939749,0.0824179969518,0.0829306779388,0.0834394212838,0.0840521183774,0.0846593027721,0.0851601708332,0.0856980527289,0.0861437938021,0.08664623692,0.0871085160895,0.0876259222469,0.0881748295403,0.0888883302687,0.089538041197,0.090143650535,0.0907106709814,0.091380857648,0.0921416100804,0.0927991962926,0.0935237224187,0.0942427358459,0.0949381234213,0.0954886057714,0.0960627139734,0.0967974779687,0.0976763596607,0.0983890728608,0.0991514003499,0.0997302337224,0.100464997718,0.10118164856,0.101900661987,0.102527534592,0.1032654487,0.103782854858,0.104557782801,0.105138191231,0.105647722104,0.106584880898,0.107297594098,0.108140249483,0.108897064274,0.109688530314,0.110420144195,0.111316351512,0.112021976956,0.112748865668,0.113739576392,0.114282970987,0.114749975327,0.115428037277,0.116143900591,0.116816449843,0.117763058977,0.118416707547,0.119155409184,0.119885448009,0.120513108142,0.121562095968,0.122606358624,0.123344272733,0.12426016826,0.125219377848,0.12584782551,0.126788921945,0.127568575059,0.128565586011,0.129425567021,0.130065827609,0.130816342172,0.131677110711,0.132455188768,0.133045047538,0.134042846018,0.134833524529,0.135611602587,0.136331403542,0.13718272174,0.137988363291,0.138671150412,0.139444503299,0.140147766158,0.141096737878,0.141582642899,0.142370171297,0.143290791994,0.144144472778,0.144959564669,0.145866009855,0.146857508108,0.147605660086,0.148386100729,0.149190954751,0.150180090419,0.150991244669,0.151671669205,0.152477310756,0.153171123274,0.154008265961,0.154543785272,0.155374627731,0.156028276302,0.156707125781,0.15737101222,0.158101051045,0.158917717993,0.159678470426,0.160598303595,0.161130672791,0.162104057891,0.162868747966,0.163964987495,0.164934434953,0.165758189657,0.166670935071,0.167480514264,0.168253079622,0.169009106884,0.169911614428,0.170747969586,0.171646539488,0.17239311641,0.172990062935,0.173861856872,0.174506055101,0.175316421823,0.176062211215,0.176941880436,0.177705782982,0.178538988027,0.179367467901,0.180058917835,0.180952762566,0.18173714085,0.18252860689,0.183279908982,0.184306058484,0.185079411371,0.185987431614,0.186725345723,0.187356943498,0.188149984594,0.189039104156,0.189958937324,0.190870107681,0.191695437442,0.192827903278,0.193661108323,0.194587241719,0.195537000966,0.196705693109,0.197669627868,0.198684751973,0.199742402611,0.200822104045,0.202119163316,0.202657045212,0.203705245509,0.204890475748,0.205959939312,0.206765580863,0.207975224483,0.209031300064,0.210040123942,0.211021384326,0.211960905704,0.213213075857,0.214358142147,0.215392166934,0.216635674274,0.218042987521,0.219080162421,0.220386672033,0.221423059405,0.222633490552,0.223814783149,0.22473855396,0.225881257665,0.227059400148,0.228065861441,0.229080198017,0.230429234163,0.231425457586,0.232679202796,0.23364550014,0.234779541033,0.236219142944,0.237394922842,0.23850691294,0.239665367213,0.240785232595,0.242027952407,0.243143880147,0.244288158909,0.245708860139,0.24688306498,0.247943865732,0.249125158329,0.250193834365,0.251497193863,0.252858042935,0.253773150933,0.254932392735,0.256066433628,0.257328841649,0.258469182769,0.259588260623,0.260884532366,0.262256406835,0.263455812585,0.264711132851,0.265809734966,0.267024891284,0.268184920614,0.269211070117,0.27047269061,0.271521678436,0.27251238916,0.273435372443,0.274374106293,0.275371117245,0.276648488306,0.277680150507,0.278811041287,