# R script for Peak Model
#  -- generated by MACS
p <- c(0.0144360474646,0.0168767045936,0.0194491977726,0.0219118275766,0.0243305120306,0.0245265758997,0.0244640382863,0.0245417877516,0.0246888356534,0.0248257423206,0.0246634825669,0.0246465805092,0.0245586898093,0.024698976888,0.0248781386994,0.0249457469302,0.0250792731858,0.0250116649551,0.0250387082474,0.0249220840494,0.0251367401819,0.0252668860261,0.0253463256972,0.0253530865202,0.025376749401,0.025493373599,0.0255085854509,0.0255491503893,0.0254815421586,0.0254544988663,0.0254697107182,0.0254849225702,0.0254730911298,0.0254578792779,0.0253564669318,0.0253682983722,0.0254308359856,0.0254883029817,0.0255998565624,0.0258009910488,0.0258331049584,0.0258466266045,0.0258297245468,0.0259057838064,0.0260274786217,0.0259835332717,0.0260579023255,0.026010576564,0.0259936745063,0.0260004353294,0.0260984672639,0.0262573466061,0.0264162259483,0.026404394508,0.0263503079234,0.0264804537675,0.0263807316272,0.0265125676771,0.0265852465251,0.0266900392827,0.0265784857021,0.0265041166483,0.0265429913809,0.0266291918751,0.0267677887481,0.0267711691596,0.0269351191191,0.0269249778845,0.0268472284192,0.0269199072672,0.026899624798,0.0270145587902,0.0268861031518,0.0267982124519,0.0267982124519,0.0268522990365,0.0267593377192,0.0268539892422,0.0269469505595,0.0269030052095,0.0269570917941,0.0268844129461,0.0270247000248,0.0269486407653,0.0270196294075,0.0270179392017,0.027205552042,0.0273576705611,0.0274404906437,0.027555424636,0.0278495204396,0.0280033291645,0.028145306449,0.0283870058738,0.0282670012643,0.0283853156681,0.0282686914701,0.0282027734451,0.0280878394529,0.0281300945971,0.028094600276,0.0280540353375,0.0280557255433,0.0280574157491,0.0283329192893,0.0283532017585,0.0285881403602,0.0287301176447,0.0289768876869,0.0291306964118,0.0291611201156,0.0292811247251,0.0293453525443,0.0295769107345,0.029624236496,0.0296529699941,0.0297695941921,0.0298710065382,0.0298963596247,0.0298862183901,0.0299081910651,0.0299335441516,0.0299639678554,0.03001805444,0.0302698950994,0.030345954359,0.0303121502436,0.0302969383917,0.0304828610262,0.0305842733723,0.0306535718087,0.0307718862125,0.0309003418509,0.0309392165835,0.0308732985586,0.03109640572,0.031169084568,0.0314327566678,0.0315003648985,0.0316152988907,0.031875590579,0.031919535929,0.0321155997981,0.0322220827615,0.0323606796344,0.0325330806228,0.0327037914054,0.0327832310764,0.0329691537109,0.0332395866338,0.0333832541241,0.033726365895,0.0338480607103,0.0338446802988,0.0339122885295,0.0339173591468,0.0340441245794,0.0341945528927,0.0343618832638,0.0343855461445,0.034527523429,0.0345478058983,0.034754011002,0.0350700794806,0.0352864258189,0.0354622072188,0.0355923530629,0.0356853143801,0.035671792734,0.0357410911705,0.0358881390723,0.0360487086203,0.0360994147933,0.0362447724893,0.0363766085393,0.0365659115853,0.0369681805581,0.0372791784194,0.0376273608076,0.0377777891209,0.0380296297804,0.0381530148014,0.038279780234,0.0385975389184,0.0387868419644,0.0390217805662,0.0390420630354,0.0392026325834,0.0393124959583,0.0395677170293,0.0396944824619,0.0399328014752,0.0401068926693,0.0402083050153,0.0401829519288,0.0402116854269,0.0404753575267,0.0405328245228,0.0408539636187,0.0409114306148,0.0410229841955,0.0409942506975,0.0410905924262,0.0412038362127,0.0414962418106,0.041719348972,0.0417413216469,0.0418393535815,0.0417058273258,0.041930624693,0.0420793628005,0.0424241647772,0.0426438915271,0.0427503744904,0.0429278460961,0.0430343290595,0.0431627846978,0.0433284248631,0.0437053407494,0.0438574592685,0.0440247896395,0.044166766924,0.0443594503816,0.0445352317815,0.0446958013294,0.0449087672562,0.045077787833,0.045223145529,0.0452856831425,0.0456575284114,0.0458164077536,0.0459026082478,0.0461899432284,0.0462237473437,0.0464857292378,0.0465888317896,0.0468727863586,0.047001241997,0.0472040666892,0.04713983887,0.047278435743,0.0474339346736,0.0475860531927,0.0478615567329,0.0479595886675,0.048224950973,0.0482418530307,0.0485055251305,0.0485883452132,0.0488875116341,0.0492255527877,0.0493303455453,0.0494266872741,0.0495517625009,0.0497867011027,0.0500486829967,0.0502227741908,0.0505016581426,0.0507061730405,0.0507416673616,0.0507230750982,0.0511794306555,0.0514126790515,0.0516763511513,0.0517726928801,0.0519755175723,0.0523321509893,0.052560328768,0.052727659139,0.0530572492638,0.053361486302,0.0534950125577,0.0536217779903,0.0538161516536,0.0542032087745,0.0544212453186,0.0546629447434,0.0550297193951,0.0553660703429,0.0556043893562,0.0557987630195,0.0561908907577,0.0567402076323,0.0572861440954,0.0576377068951,0.0579132104353,0.0582428005601,0.0583459031119,0.0588986003981,0.0591960766132,0.0596084868206,0.0599414573569,0.0603149928317,0.0605144371123,0.0606209200757,0.0609369885543,0.0614372894616,0.0620204104516,0.0624480325109,0.063205244695,0.063839071858,0.0644576871691,0.0649647488995,0.0657321023182,0.0664098748311,0.0672972328593,0.0678380987051,0.0685986913007,0.0691260355003,0.0695959127038,0.0702348104842,0.0707655350953,0.0711914669489,0.0716816266216,0.0725250392998,0.072822515515,0.0734800055587,0.0738856549431,0.0745296233407,0.0749927397211,0.0756062844149,0.0761623621126,0.0770649319927,0.0776666452461,0.0781466636842,0.078964723276,0.0794430515083,0.080043074556,0.0805721089613,0.0811974850955,0.0818194808181,0.0825648615618,0.0829586795058,0.0838308256821,0.0847367759737,0.0854534232194,0.0860635875016,0.0867903759819,0.0876033649563,0.088698618294,0.089288500107,0.0900321906449,0.0908603914713,0.0914198495805,0.0920705788012,0.0927922966641,0.093507253704,0.0941748849823,0.094825614203,0.0956386031774,0.096443141123,0.0972054239244,0.0978409412932,0.0985457570984,0.0991356389115,0.0997779171033,0.100901903939,0.101875462461,0.102783102959,0.103305376541,0.104037235639,0.104829942144,0.105786598609,0.106763537543,0.107534271373,0.108580508743,0.109410399775,0.110132117638,0.111004263814,0.111916974929,0.113044342176,0.113911417735,0.114994839633,0.11590248013,0.117039988612,0.11766367454,0.118490185161,0.119342048868,0.120386596033,0.121488610193,0.122083562624,0.123161913904,0.12390222403,0.125109030949,0.126192452846,0.127233619599,0.12839141055,0.129583005617,0.130245566278,0.130958833112,0.132162259619,0.133051307852,0.133928524646,0.134487982755,0.135267167614,0.136460452887,0.137244708363,0.137861633468,0.138934914131,0.139987912324,0.141201480066,0.142197011263,0.143346351185,0.144551467898,0.145560520742,0.146527318441,0.147703701655,0.148966285364,0.150183233517,0.151107776072,0.152008655747,0.152994045709,0.154261700035,0.155128775594,0.156448826299,0.157471400789,0.158593697419,0.159536832237,0.160564477344,0.161980869778,0.163104856614,0.164134191926,0.165197331354,0.166681332019,0.167867856468,0.168822822727,0.169972162649,0.171591379775,0.172946924801,0.17432106209,0.175472092218,0.17718089025,0.17845868581,0.179870007627,0.180970331582,0.182658847144,0.183924811264,0.185094433655,0.186492233826,0.187879892761,0.189407838775,0.190832682238,0.192291329816,0.193815895418,0.195294825465,0.197005313703,0.198585656096,0.200480376762,0.20205057792,0.203686697104,0.205447891514,0.206889637034,0.208576462391,0.210090886759,0.211894336313,0.213706236896,0.215700679703,0.217431450409,0.219500262269,0.221102577337,0.22322209537,0.225252032498,0.227033509377,0.228836958932,0.230904080586,0.233025288825,0.234943672372,0.236699796165,0.238266616912,0.240514590583,0.242270714376,0.244402063849,0.246918780238,0.249572403294,0.252153347502,0.253554528083,0.255530378626,0.25808089913,0.260509724819,0.262578536679,0.264836651585,0.266785458835,0.268981036128,0.270803077946,0.272505115154,0.275119863477,0.277668693776,0.279778070574,0.28215619009,0.284355147794,0.286344519983,0.288815600816,0.290870891029,0.292936322478,0.295322893022,0.297193950808,0.299659961023,0.301762576999,0.304118723839,0.306488392326,0.308847919578,0.311231109711,0.313190058196,0.315623954502,0.317707978214,0.320664148102,0.322873247041,0.325528560303,0.327517932492,