# R script for Peak Model
#  -- generated by MACS
p <- c(0.0150170275326,0.0175084769728,0.0199911660421,0.0225702191897,0.0249390234394,0.0250581644816,0.0250196188503,0.025063420704,0.0250266271469,0.0250756852231,0.0250739331489,0.0251159829285,0.0251878179686,0.0253017027883,0.025380546125,0.0254190917563,0.0255434890209,0.0254804143515,0.0254716539808,0.0255872908746,0.0256170761352,0.0256889111753,0.0257011756943,0.0255540014658,0.0256994236202,0.0257712586603,0.025685407027,0.0257274568066,0.0258868955541,0.0259254411854,0.0260183011153,0.0260253094119,0.0260130448929,0.026167227418,0.0262600873479,0.0262092771976,0.0263949970574,0.0265404192118,0.0264931132097,0.0265071298029,0.0266385353641,0.0267804533702,0.0269749336008,0.0269801898232,0.0270204875286,0.0270432644926,0.0270818101239,0.0270169833804,0.0272500092422,0.0272552654646,0.0272903069476,0.0272377447231,0.0272675299837,0.0272552654646,0.0272535133905,0.0273901751741,0.0272254802041,0.0274532498435,0.0273341088014,0.0273726544326,0.027435729102,0.0275128203646,0.0275320931802,0.0275163245129,0.0274988037714,0.027400687619,0.0277230692625,0.0276302093326,0.0276179448135,0.0277493503747,0.0277458462264,0.027740590004,0.027670507038,0.0278299457856,0.0280314343127,0.0282679643229,0.0283222786215,0.0283030058058,0.0285290233711,0.0285956021888,0.0286534206357,0.0286797017479,0.0288794382009,0.0289950750948,0.0290984474696,0.0290266124295,0.0288426446438,0.0290196041329,0.0288706778302,0.028939008722,0.029103703692,0.0293805314076,0.0294015562974,0.02938578763,0.0292403654757,0.0294365977804,0.0295995406762,0.0296976568286,0.0299552117285,0.0299096578006,0.0298308144639,0.0296994089027,0.0299692283217,0.0299692283217,0.0302022541836,0.0302337915182,0.03039498234,0.0305666856066,0.030712107761,0.0308119759875,0.0308610340637,0.0309819271799,0.0308259925807,0.0309188525106,0.0309784230316,0.030971414735,0.0310362414786,0.0311326055568,0.0311501262983,0.0313621272703,0.0315128056471,0.0317493356573,0.0319210389239,0.0321505606374,0.0321715855272,0.0322732058279,0.0323467929422,0.0323870906476,0.0324694381326,0.0326831911788,0.0329495064495,0.0328724151869,0.0328601506679,0.0330406143052,0.0332245820909,0.0334541038044,0.0335452116602,0.0336117904779,0.0338395601173,0.0337729812996,0.0336783692955,0.0340375444961,0.0342986035443,0.034517612813,0.0345473980735,0.0347629031939,0.0349836645367,0.0352149383244,0.0352955337352,0.0353445918114,0.0355951384147,0.0355968904889,0.0358106435351,0.0358999993167,0.0362083643669,0.0363818197077,0.036338017854,0.0364694234152,0.0368005654294,0.0370511120327,0.0371947821129,0.0373962706401,0.0374856264217,0.0375942550189,0.0377081398386,0.0377204043577,0.0382109851195,0.0385491354303,0.0386262266928,0.0389503604104,0.0391711217532,0.0392832544988,0.0395723467334,0.0396336693286,0.0398088767435,0.0400944648298,0.0401260021645,0.0401943330563,0.040248647355,0.0404448796597,0.0404974418841,0.0407865341188,0.0409056751609,0.0412228005819,0.0413839914036,0.0414365536281,0.0414750992594,0.0416660753416,0.0420287546905,0.0421058459531,0.0425613852319,0.0425543769353,0.0427383447209,0.0428732544304,0.043032693178,0.0432114047412,0.0436126297214,0.043714250022,0.04383163899,0.0442521367858,0.0443695257538,0.0446428493211,0.0448601065156,0.0452350503835,0.045687085514,0.0461286081996,0.0463458653941,0.0465491059954,0.0466279493321,0.0466174368872,0.0468329420076,0.0470712240919,0.0472744646932,0.0474006140319,0.0474566804047,0.04758983804,0.0475758214468,0.0478929468678,0.0481487496936,0.0482643865875,0.0483870317779,0.0487251820887,0.0489879932111,0.0492227711471,0.0493909702654,0.049562673532,0.0498482616183,0.0497396330211,0.0500252211074,0.0502845280815,0.0504895207569,0.050501785276,0.0505560995746,0.0505999014283,0.050783869214,0.0509520683323,0.0512902186431,0.0517843035532,0.0520558750463,0.0521907847558,0.0524027857278,0.0527987544855,0.0530247720508,0.0532245085038,0.0534522781432,0.0537308579329,0.0538762800873,0.0539340985342,0.0539814045362,0.0542547281035,0.054471985298,0.0545841180435,0.0546909945666,0.0549625660598,0.0551780711801,0.0554601551181,0.0557212141664,0.0560173146976,0.0562082907798,0.0562818778941,0.0562958944873,0.0567426733953,0.0571193693374,0.0574645279448,0.0576993058808,0.0578482321835,0.0578762653699,0.0580514727848,0.0586366655506,0.0590974610518,0.0593445035069,0.0595792814429,0.0600365727958,0.0601697304311,0.0602748548801,0.0606515508222,0.0611508919547,0.0613628929267,0.0613979344097,0.0616134395301,0.0621600866646,0.0622617069652,0.0622336737789,0.0626313946107,0.0632901744908,0.0635705063547,0.0638753672566,0.0644658162449,0.0650387444917,0.0654399694719,0.0657921363758,0.0661197742417,0.0668451329395,0.0672130685108,0.0676160455651,0.0681346595133,0.0685481490125,0.0691070606661,0.0696572119489,0.0704053476106,0.0709782758574,0.0716773534429,0.0722432733931,0.0728337223814,0.073439940037,0.0739725705784,0.0745945569013,0.0750220629937,0.0755704622024,0.0761433904492,0.0768004182551,0.0774837271733,0.0782423752799,0.0788135514525,0.0795213894088,0.0800224826155,0.0809510819145,0.0817325069851,0.0822283439693,0.0829817358534,0.0834547958737,0.0838752936695,0.0843571140606,0.0852419115059,0.0857868065663,0.0865594712661,0.0870921018074,0.0877771627998,0.0883483389724,0.0887740929906,0.0895362452455,0.0904490758773,0.0909939709376,0.0916842881524,0.0922957620305,0.0930000958385,0.0936413549771,0.0944297883442,0.0953391148276,0.0961941270124,0.0970333705299,0.097786762414,0.0987766843083,0.0993513646292,0.100046938066,0.100802082025,0.101653590061,0.102228270382,0.103172638349,0.103638690072,0.104574297668,0.105606269342,0.106187957959,0.107172623631,0.108139768562,0.109387245356,0.10984103256,0.110795912972,0.111191881729,0.112483160377,0.113576454646,0.114117845559,0.115007899226,0.115899704968,0.116886122714,0.11721376058,0.118235219809,0.118925537024,0.119799822024,0.120619792726,0.12127156431,0.122075766344,0.123410846846,0.124187015694,0.125176937588,0.126426166457,0.1276228331,0.128672325516,0.129891769124,0.13085716198,0.131722686609,0.132754658283,0.133157635338,0.134124780268,0.134957015489,0.135976722644,0.136791437123,0.137896995911,0.138886917805,0.139687615692,0.140691554179,0.141590368218,0.142459396996,0.1430691188,0.143955668319,0.145084004071,0.146196571156,0.146746722439,0.147836512559,0.149098005947,0.149902207981,0.151007766769,0.152265756009,0.153586819917,0.154478625659,0.155177703245,0.15594861587,0.157313481632,0.158077385961,0.158958679258,0.160101031604,0.161380045733,0.162245570362,0.16360868405,0.164777317508,0.166136927048,0.167368635175,0.168277961658,0.169516678081,0.170560914274,0.171820655588,0.172857883484,0.174541626741,0.175591119157,0.177012051292,0.177795228436,0.179284491463,0.180926184941,0.182185926254,0.183764545063,0.185229279051,0.186692260966,0.18781709257,0.188941924173,0.190220938302,0.19149119206,0.192512651289,0.193535862593,0.194977819617,0.19613594063,0.197304574087,0.198639654589,0.199496418848,0.200961152837,0.202289225042,0.204044803339,0.205644447038,0.207216057549,0.20879993258,0.210380303463,0.21201323657,0.213432416631,0.215266838265,0.216656233065,0.218287414098,0.219655784009,0.221293973338,0.222918146074,0.224372367618,0.226085896136,0.227750366578,0.229514705246,0.231165159094,0.233505930158,0.235289541642,0.237236096021,0.23917389003,0.241498892426,0.243713514151,0.245628531196,0.247229926968,0.249225539424,0.251447169445,0.253036300699,0.254882986852,0.256934665681,0.258742806203,0.26021104434,0.262138325904,0.263900912498,0.265898277028,0.26757150784,0.269540839184,0.271445343784,0.27357586595,0.275427808325,0.277421668707,0.279599496874,0.281069487086,0.282602551966,0.284696280574,0.28683556311,0.289023903723,0.290956441509,0.292857441961,0.294690111521,0.296592864047,0.298490360351,0.300859164601,0.303292795594,0.30529716842,0.307341838952,0.309099169324,0.311364601199,0.313368974026,0.315480223375,0.317582712354,0.31941362984,0.32141099437,0.323727236396,