# R script for Peak Model
#  -- generated by MACS
p <- c(0.014690127083,0.0171232717074,0.0196292924929,0.0221320305684,0.0247293106909,0.0247168363931,0.0247293106909,0.0248186004019,0.0249571307623,0.0250621774811,0.0252013643836,0.0253615606297,0.0253878223094,0.0253740349276,0.025337925118,0.0254324671649,0.0255591797695,0.0256202381748,0.0255834718232,0.0257029624658,0.0257357895655,0.0257922521768,0.0258959858117,0.02604042505,0.026043051218,0.0261389063489,0.0261960255022,0.0262459226937,0.026484247437,0.0264986913608,0.0265564670561,0.0265965161177,0.0266155558355,0.0266923712486,0.0267790347916,0.0268584763727,0.0269477660837,0.0270140768249,0.026919534778,0.0269786235573,0.0270167029929,0.0270915487801,0.0271762426971,0.0272569973622,0.0273384085693,0.0274414856621,0.0275038571514,0.0274913828535,0.02762531742,0.0276857192833,0.0277382426427,0.0278222800178,0.0279319225305,0.0279240440266,0.0280080814016,0.0280317169134,0.0280737356009,0.0281886304496,0.0282122659613,0.0283383220239,0.0284473079947,0.0284420556587,0.0283744318335,0.0284532168726,0.028592403775,0.028590434149,0.0285871514391,0.0287007332038,0.0287486607692,0.0287749224489,0.0288990088855,0.0289810766346,0.0291970789501,0.0293769714561,0.0293402051045,0.0295489854581,0.0296546887189,0.0297288779641,0.0298312985149,0.0299035181341,0.0299212447679,0.0300203826088,0.0299928078451,0.029909427012,0.0300354830746,0.0300820975561,0.0302344152983,0.0302895648257,0.0304162774303,0.0304674877057,0.0305876348903,0.0306388451657,0.0307366699226,0.0309172189706,0.0310695367128,0.0310701932548,0.0311148381103,0.0312277633331,0.0312743778145,0.0314549268625,0.0315192679777,0.0316604245061,0.0318048637445,0.0318790529896,0.0319880389604,0.0321423263287,0.0322066674439,0.0323451978044,0.0324298917214,0.0325119594705,0.0326051884334,0.032817251497,0.0329984570869,0.0331737537989,0.0332348122042,0.0333963215344,0.0335256603069,0.0336405551556,0.0338197911196,0.0338906976548,0.03413296165,0.0342143728571,0.0342025551012,0.0343555293855,0.0345413307694,0.0346785480458,0.0348801064375,0.0351118657609,0.0352477699534,0.0354453890931,0.0355839194535,0.0357736600894,0.0361190011775,0.036335003493,0.0365234310449,0.0366534263594,0.0368241272774,0.0369744753937,0.0372469403206,0.0374977393618,0.0377235898072,0.0379061084811,0.0379908023982,0.0381135757508,0.0382639238671,0.0384891177705,0.0387392602697,0.0388561247443,0.0390498046321,0.0391752041527,0.039327521895,0.0395133232789,0.0397286690524,0.0399335101541,0.0401698652714,0.0403491012354,0.0404928839317,0.0407121689572,0.0409636245404,0.0412419983452,0.0414639095387,0.0417271828777,0.0419943954687,0.0422018627383,0.0424566010314,0.0427783066078,0.0430973860161,0.0434158088825,0.0436423158699,0.0439180635068,0.0442686569308,0.0443842083215,0.0446487947445,0.0449245423814,0.0451956942243,0.0454222012117,0.0457051708105,0.0459782922794,0.0461811637551,0.0463984791546,0.0466020071723,0.0468429580836,0.0470451730173,0.0472716800047,0.0474692991444,0.0477292897735,0.0480004416164,0.0481442243128,0.0483792663461,0.0486169345474,0.0488421284508,0.0491946915008,0.0495886166964,0.0498637077912,0.0500987498246,0.0502648549487,0.0504913619361,0.0508012497566,0.0510369483319,0.0512805254111,0.0514564786651,0.0516166749113,0.0517565183557,0.0520762543061,0.0524051818443,0.0527341093826,0.0529842518818,0.0532087892432,0.0534720625822,0.0536572074241,0.0539099760912,0.054282891943,0.0544483405251,0.0546695951766,0.0548750928203,0.0551383661593,0.055338611467,0.0554508801477,0.0557489502123,0.0559912142076,0.0562098426911,0.0563890786551,0.0566444734902,0.056744924415,0.0568670412256,0.0571657678322,0.0572951066048,0.0576371649829,0.0577855434732,0.0580868962478,0.058332442953,0.0585215270468,0.0588235363634,0.0590447910149,0.0593651835072,0.0595050269516,0.059826732528,0.0601287418446,0.0604662044287,0.0605804427354,0.0608890174719,0.0611161810013,0.061321678645,0.0617996412156,0.0620904893183,0.0622769472441,0.0625139589034,0.0627522836467,0.0629984868939,0.0633549891959,0.0636031620691,0.0639721386689,0.0642590475196,0.0644350007736,0.0646739820589,0.0649713955815,0.0652569913483,0.0655504656189,0.0657841945683,0.0661039305186,0.066243773963,0.0664729071184,0.0667611290532,0.0670060192164,0.0674111056258,0.067829322875,0.0682094606887,0.0684970260814,0.068889638193,0.069149628822,0.0696991544698,0.0701423203147,0.0704994791587,0.0709347664997,0.0712052618006,0.0714586870098,0.0718512991213,0.0722550724467,0.0726608153981,0.0731624134804,0.0735950746535,0.0741347521714,0.0745326166188,0.0749239156464,0.075486572134,0.0760886211411,0.0765232519402,0.0770412635723,0.0774903382952,0.0779341606822,0.0784429807264,0.0787745344326,0.0793818357757,0.0799497445993,0.0804382118417,0.0809181440382,0.0814768612739,0.082079566823,0.0826034873331,0.0831851835385,0.0837918283396,0.084546195089,0.0852112721275,0.0860214449462,0.0866714215189,0.087366699489,0.0881026830626,0.0888800287818,0.0896613137529,0.0905942599243,0.0913440308797,0.092024208384,0.0928442293327,0.0934239559121,0.0941133250043,0.0948860749295,0.0955675655177,0.0960606285541,0.0968202476395,0.0973684602033,0.0980854040591,0.0988279530527,0.0994667684114,0.100211287031,0.100886212199,0.101758756507,0.102666097541,0.103541924559,0.104353410462,0.105174087953,0.105986886939,0.106688073787,0.107517286324,0.108472554923,0.109452115576,0.110277388861,0.111065239252,0.111871472818,0.112802449364,0.113738678245,0.114481883781,0.115481140693,0.116365502757,0.117192089126,0.118113874083,0.119042224461,0.119885224379,0.120837866811,0.121552184498,0.122502857304,0.123433833849,0.124236128164,0.125080441166,0.125843342962,0.126814368569,0.12755297831,0.128394008603,0.129376195423,0.130268435991,0.13105234713,0.131975445172,0.132909047885,0.133845933309,0.13477559677,0.135443299976,0.136252816253,0.137254042792,0.138121334764,0.139120591677,0.140086364948,0.141038350837,0.141857058702,0.142761117025,0.14374461693,0.144729429919,0.145613791983,0.146533607314,0.147442917974,0.148413287039,0.149340324333,0.150309380314,0.151315202646,0.152349912826,0.153158116019,0.154127172,0.155193396196,0.156089576016,0.15695752453,0.15786355248,0.158580496336,0.159449101392,0.160268465798,0.161278227383,0.162341825411,0.163251792612,0.164126963088,0.165055313466,0.165990885805,0.166853581983,0.167974299165,0.168850126183,0.169952460188,0.170712735816,0.171634520773,0.172587819746,0.17347218181,0.174321747149,0.175232370892,0.176198800705,0.177108767907,0.178196657989,0.17913945229,0.18017087976,0.181167510505,0.182133283776,0.183192942552,0.184106849005,0.185221000767,0.186222227305,0.187140729553,0.188059888342,0.188935058818,0.189813512004,0.190635502579,0.191619002484,0.192555231365,0.193821700869,0.194631217146,0.195618656303,0.196737403858,0.197694642083,0.198753644317,0.199741740016,0.201058763253,0.202157814548,0.203501099465,0.204518083011,0.205814096905,0.207055617813,0.208296482178,0.209421138612,0.210611449244,0.211950794909,0.212828591553,0.214008397513,0.215006997884,0.21626099309,0.217383023355,0.218438086337,0.219455726426,0.22065654173,0.221913819646,0.223041758789,0.224396204919,0.225676461805,0.227066361203,0.228263893797,0.229643288524,0.230968846807,0.232404704144,0.233729605885,0.235022993611,0.236347895352,0.237706280734,0.2389471451,0.240042913686,0.241105855171,0.242366415797,0.243642733431,0.244857992659,0.246046990207,0.24741522372,0.248730277331,0.250068966454,0.251340031751,0.252720083019,0.254153970731,0.255409935563,0.256736150388,0.258056456335,0.259520544978,0.260737773832,0.262041009688,0.263348841337,0.264706570177,0.266110256957,0.267594698402,0.268986567427,0.270446060276,0.271930501721,0.273345349715,0.274695856594,0.276013536373,0.277295106342,0.278531374914,0.279694767325,0.280825989178,0.28185807319,0.283030000647,0.284002339338,0.285145378947,0.286233925571,0.287536504884,0.288673635615,0.289854098117,0.291188847988,0.292272798818,0.293453917862,0.294476810287,0.295646111576,0.296595471297,