# R script for Peak Model
#  -- generated by MACS
p <- c(0.0479940521251,0.0559277541838,0.0637097763307,0.0717825183087,0.0797499270146,0.0799016069265,0.0801501934488,0.0801291267943,0.080032220184,0.0802386733974,0.0799648068898,0.0798299803014,0.0797204336984,0.0794044338819,0.0795392604703,0.0794971271614,0.0789662474697,0.078734514271,0.0783805944766,0.0783890211383,0.0783721678148,0.0783216078441,0.0783974478001,0.0786376076606,0.0785154210649,0.0788567008667,0.0793496605804,0.0794802738379,0.0796740870586,0.0796530204042,0.0798173403088,0.0798384069632,0.0800869934855,0.0800195801913,0.0802218200738,0.0798973935956,0.0798299803014,0.0798215536396,0.0800364335148,0.0796151004262,0.0793665139039,0.0792569673009,0.0792485406391,0.0794929138305,0.0794634205143,0.0794128605437,0.079362300573,0.0795392604703,0.0793791538966,0.0794676338452,0.0797204336984,0.0797162203675,0.0795224071467,0.0794465671908,0.0790884340654,0.0793243805951,0.0793243805951,0.0791600606905,0.0792106206611,0.0789915274551,0.0788861941829,0.0789409674844,0.07891990083,0.0787513675945,0.0788187808887,0.0784817144178,0.0782499812191,0.0784606477634,0.0786123276753,0.0787176609474,0.079143207367,0.0794044338819,0.0794465671908,0.0794844871687,0.0796530204042,0.0798047003161,0.0798721136103,0.0796867270513,0.0795982471027,0.0796909403822,0.0792316873156,0.0791600606905,0.0792232606538,0.0790842207346,0.0788187808887,0.0787050209548,0.0790041674477,0.0789704608006,0.0790884340654,0.0791853406758,0.0791137140508,0.0792401139773,0.0796151004262,0.07958560711,0.0798384069632,0.0800785668237,0.07991846025,0.0797288603601,0.079547687132,0.0793917938892,0.0797625670072,0.0799058202574,0.0796361670806,0.0796108870953,0.0791642740214,0.0790168074404,0.0788482742049,0.0789156874991,0.0783595278221,0.0783974478001,0.0783805944766,0.0782499812191,0.0781909945867,0.0784143011236,0.0785954743517,0.0788904075138,0.0791811273449,0.0791389940361,0.0797246470293,0.0799437402353,0.079733073691,0.079661447066,0.0795097671541,0.0796909403822,0.0797499270146,0.0793665139039,0.079176914014,0.0795013404923,0.0797077937057,0.0794255005363,0.0795308338085,0.07991846025,0.0803566466622,0.0801586201105,0.0804577666035,0.0803482200004,0.0802260334047,0.0800364335148,0.0799311002427,0.0801459801179,0.0801080601399,0.079808913647,0.0795224071467,0.0793201672642,0.0789831007933,0.0792232606538,0.0794844871687,0.0798215536396,0.0797836336617,0.0797499270146,0.0795940337718,0.0792401139773,0.079362300573,0.0791979806685,0.0794423538599,0.0791389940361,0.0792316873156,0.0788861941829,0.0786923809621,0.0787640075872,0.0787429409328,0.0793580872422,0.0793749405657,0.0796024604336,0.0793749405657,0.0798889669338,0.0795139804849,0.0795813937791,0.0795055538232,0.0793454472495,0.079362300573,0.0791558473596,0.0788314208814,0.0792653939627,0.0794255005363,0.0789493941462,0.0793875805584,0.0791095007199,0.0793538739113,0.0795266204776,0.0794339271981,0.0793749405657,0.0798341936323,0.0796488070733,0.0797372870219,0.0798889669338,0.079547687132,0.0799690202207,0.0798173403088,0.0796993670439,0.0797162203675,0.0794128605437,0.0791389940361,0.0789662474697,0.0788861941829,0.0793412339186,0.0794297138672,0.0796151004262,0.0794423538599,0.0794128605437,0.0796319537498,0.0798889669338,0.0797794203308,0.0797415003528,0.0797204336984,0.0793665139039,0.0793580872422,0.0790210207713,0.0792232606538,0.0795687537865,0.0796319537498,0.080065926831,0.0805041132432,0.0803945666402,0.0804198466255,0.0800743534928,0.0801207001326,0.0800280068531,0.0802976600298,0.0800532868384,0.0800448601766,0.0795139804849,0.0791937673376,0.0792822472862,0.0792569673009,0.0795940337718,0.0794044338819,0.0796993670439,0.0795308338085,0.0797120070366,0.0798131269779,0.0797794203308,0.0796488070733,0.0797499270146,0.0798973935956,0.080032220184,0.0801881134267,0.0800237935222,0.0800743534928,0.0802765933754,0.0802934466989,0.0805083265741,0.0806262998389,0.0807147797875,0.0804493399417,0.0806178731771,0.0805883798609,0.0805293932285,0.080365073324,0.0799732335515,0.0798004869852,0.0795813937791,0.079770993669,0.0798510469558,0.0798004869852,0.0794844871687,0.0794128605437,0.0794465671908,0.0797162203675,0.0798257669705,0.0801670467723,0.0804114199637,0.0803313666769,0.0803440066695,0.0806136598463,0.0807147797875,0.0807821930817,0.0808622463685,0.0804872599197,0.0802428867283,0.0801544067797,0.0802302467356,0.0802471000592,0.0800448601766,0.0802260334047,0.0804409132799,0.0804324866181,0.0805251798976,0.0807021397949,0.0809254463318,0.0806136598463,0.0803777133166,0.0804998999123,0.0807821930817,0.0807063531258,0.0807189931184,0.080807473067,0.080807473067,0.0810097129496,0.0809760063025,0.0813088594425,0.081843952465,0.0817681125091,0.0820630456711,0.0818186724797,0.081473179347,0.0816543525752,0.0816206459281,0.0816754192296,0.0821852322668,0.08243803212,0.0826107786863,0.0830868850765,0.0829984051279,0.0836851780623,0.0842708310555,0.0847890707545,0.0853578704241,0.0857792035128,0.0860699233439,0.0864449097928,0.0863732831677,0.0867735496019,0.0871358960581,0.0876204291101,0.0881723754562,0.0884673086182,0.0888549350597,0.088993974979,0.0890698149349,0.088770668442,0.0888928550377,0.0886653351698,0.0886147751992,0.0883409086916,0.0883282686989,0.0881892287797,0.0879532822501,0.0878563756397,0.087734189044,0.0879659222427,0.0880544021913,0.0881555221326,0.0878479489779,0.0881091754929,0.0878521623088,0.0877299757131,0.0879027222794,0.0881386688091,0.0881091754929,0.0877468290366,0.0877004823969,0.0876372824336,0.0881133888237,0.0878268823235,0.0879069356103,0.087696269066,0.0874561092055,0.0872960026318,0.0875951491247,0.0881302421473,0.088214508765,0.0884462419638,0.0883661886769,0.0883956819931,0.0883493353534,0.0882819220592,0.0879954155589,0.0880881088384,0.0880923221693,0.0879869888972,0.0878479489779,0.0877636823602,0.0879364289265,0.0881723754562,0.0882229354268,0.0884125353167,0.0886653351698,0.0886105618683,0.088437815302,0.0884083219858,0.0885810685521,0.0887032551478,0.0883746153387,0.0883704020078,0.0882440020812,0.0883914686622,0.0882987753827,0.0884125353167,0.0883451220225,0.0884673086182,0.0884251753093,0.0886063485374,0.088661121839,0.0888549350597,0.0891540815526,0.0891203749056,0.0893773880896,0.0895290680015,0.0897397345458,0.0898661344724,0.0897355212149,0.0890276816261,0.0893605347661,0.0890403216187,0.0886484818463,0.0886189885301,0.0888886417068,0.0887032551478,0.0883451220225,0.087696269066,0.0880164822134,0.0883451220225,0.0880628288531,0.0879280022647,0.0880838955075,0.0885684285595,0.0884293886402,0.0886864018243,0.0886063485374,0.0891709348762,0.0893394681116,0.0893352547808,0.0897228812223,0.0896259746119,0.0897734411929,0.0894405880529,0.0894237347294,0.0893184014572,0.0894448013838,0.0892804814792,0.0891245882364,0.0891582948835,0.0891498682218,0.0892172815159,0.0893689614278,0.0894153080676,0.0893099747954,0.0890276816261,0.0893858147514,0.0892931214719,0.089621761281,0.0898577078106,0.0898324278253,0.0900515210314,0.0899967477299,0.0898197878327,0.0902284809286,0.0903422408626,0.0901484276418,0.0904054408259,0.0898956277886,0.0898240011636,0.0897734411929,0.08980714784,0.0896638945899,0.0897018145679,0.0890403216187,0.0888760017142,0.0886484818463,0.0886316285228,0.0889307750157,0.0890403216187,0.0888760017142,0.08880858842,0.0888633617215,0.0889097083612,0.0894321613911,0.0897481612076,0.0899967477299,0.0896344012737,0.0894195213985,0.0889686949936,0.0887664551111,0.0890908815893,0.0888886417068,0.0888886417068,0.0885389352433,0.0885515752359,0.0886779751625,0.0890993082511,0.0890529616114,0.0893858147514,0.0894953613544,0.0891119482438,0.089213068185,0.0889981883099,0.089179361538,0.0892804814792,0.0893521081043,0.0892846948101,0.0894026680749,0.089326828119,0.0896386146046,0.0893773880896,0.0894279480602,0.089845067818,0.0895922679648,0.0893436814425,0.0894153080676,0.0893141881263,0.0891372282291,0.0889139216921,0.0889855483172,0.0890613882731,0.0891962148615,0.0891372282291,0.089250988163,0.0895712013104,