# R script for Peak Model
#  -- generated by MACS
p <- c(0.013967379942,0.0163178171676,0.0185446698962,0.0208064993693,0.0232222265179,0.0233947784571,0.0235253583029,0.0235370172177,0.0234763908607,0.0235300218689,0.023646611017,0.0236279567533,0.0238588032665,0.0240173645079,0.0240220280738,0.0238541397006,0.0237468776843,0.0237422141184,0.0238424807858,0.0238075040413,0.0238238265221,0.0238727939643,0.0236699288466,0.0236862513273,0.0237212280717,0.0238844528791,0.0240080373761,0.0240663319501,0.0241269583071,0.024131621873,0.0241199629582,0.0241386172219,0.0244137676114,0.024439417224,0.0244440807899,0.0243135009441,0.0244300900922,0.0243578048203,0.0242971784633,0.0243951133477,0.0246049738143,0.024684254435,0.0246912497839,0.0248194978468,0.0248614699401,0.0251552745933,0.0252788590903,0.0254397521147,0.025479392425,0.025479392425,0.0254071071532,0.0253558079281,0.0253091722688,0.0251925831207,0.0251832559889,0.0251925831207,0.0251692652911,0.0252858544392,0.025418766068,0.0253511443621,0.0252928497881,0.0254257614169,0.0255027102547,0.0255143691695,0.0256566079301,0.0257592063805,0.0256869211086,0.0256239629687,0.0255190327354,0.025668266845,0.0257918513419,0.0258897862263,0.0259247629708,0.0259364218856,0.0260040435915,0.0258384870012,0.0258011784738,0.0257638699464,0.0258151691716,0.0257615381634,0.0257918513419,0.025847814133,0.0258594730478,0.0262605397173,0.0263188342913,0.0263584746017,0.0265916528979,0.026768868403,0.0268224994111,0.0269484156911,0.0270370234436,0.0270183691799,0.0270626730562,0.0269111071637,0.026827162977,0.027076663754,0.0269717335207,0.0269833924355,0.0269787288696,0.0270207009629,0.0270976498006,0.0271116404984,0.0272375567783,0.0271815939872,0.027379795539,0.0273028467013,0.0274614079427,0.0276642730604,0.0279254327521,0.0281469521335,0.0282588777157,0.0283941211275,0.0285316963222,0.0286016498111,0.0285596777177,0.028606313377,0.0287742017502,0.0288418234561,0.0288791319835,0.0289420901235,0.0288185056265,0.0289024498132,0.0289071133791,0.0290913242331,0.0291822637686,0.029464409507,0.0294107784989,0.0294457552433,0.029399119584,0.0293198389633,0.0295436901277,0.0296509521439,0.0298188405172,0.0299494203631,0.0300613459452,0.0301429583489,0.0303901273429,0.0306419599028,0.0309590823856,0.0311316343248,0.0312295692092,0.031423107195,0.0315793366535,0.0317495568097,0.0319197769659,0.0321203103006,0.0321622823939,0.0320783382073,0.0320853335562,0.0323301707672,0.0324724095279,0.0325167134041,0.0327335692196,0.0327475599174,0.0328594854996,0.0329387661203,0.0332209118587,0.0334960622482,0.0336639506214,0.0337362358932,0.0339624188405,0.0341023258183,0.0340696808568,0.0342935320211,0.0344311072159,0.0344334389989,0.0347389025669,0.0348951320253,0.0351236467556,0.0353684839666,0.0354827413317,0.0357322421087,0.0358861397841,0.0360377056767,0.0362545614921,0.0364364405632,0.0364947351372,0.0366976002549,0.0370100591718,0.0370287134355,0.0371103258392,0.0373225180887,0.0375533646019,0.03760699561,0.0377212529752,0.037977749101,0.0379474359225,0.0381363103424,0.0381969366994,0.0386399754622,0.0390387103487,0.0391063320546,0.0391622948457,0.0394584312818,0.0396589646165,0.0398105305091,0.0400646948519,0.0401113305112,0.04011832586,0.0402022700467,0.0402745553185,0.0404564343895,0.0407688933064,0.0408994731523,0.0410836840063,0.0411746235418,0.0413611661788,0.0415477088157,0.041895144477,0.0418415134689,0.0418461770348,0.042018728974,0.0422076033939,0.0423661646353,0.0424804220005,0.0425457119234,0.0426273243271,0.0425527072723,0.0425340530086,0.0427485770411,0.0428651661892,0.0430237274306,0.0431543072765,0.0433431816964,0.0435437150311,0.0438958142584,0.0440683661976,0.0443784933315,0.0444740964329,0.0447609057373,0.045019733646,0.0452925522526,0.045327528997,0.0454720995406,0.0457519134961,0.04599908249,0.0463721677639,0.0466566452853,0.0470763662185,0.0472955538169,0.0475567135086,0.0477945553707,0.0480976871558,0.0483775011112,0.0483331972349,0.0483751693282,0.0484171414216,0.0484474546001,0.0485826980119,0.0486130111904,0.0487762359977,0.0487202732066,0.0488625119673,0.0489721057665,0.0493778360019,0.0495060840648,0.0496599817403,0.0499328003468,0.0502475910467,0.0506253398865,0.0508305367872,0.0510986918278,0.0513202112092,0.0516909647001,0.0521153491992,0.052616682536,0.0530364034692,0.0534584561853,0.0534467972705,0.0538455321569,0.0543002298345,0.0546336747981,0.0551233492201,0.0552585926319,0.0552212841045,0.0553285461207,0.0556480003865,0.0557505988368,0.0563778484536,0.0564991011676,0.0566366763624,0.0569398081474,0.0572032996221,0.0577232872226,0.0582362794743,0.0587096314155,0.0590150949835,0.0596306856855,0.0597006391744,0.0600527384016,0.0605051042962,0.0609108345316,0.0612699291077,0.0614891167062,0.0616430143816,0.0621303570207,0.0623915167124,0.0627646019863,0.0633895198201,0.0639538112969,0.0644691353315,0.0651313616927,0.0655580779747,0.0663625430966,0.0671623446525,0.0677243043464,0.068358549312,0.0688925276103,0.069643361724,0.0702752749067,0.0708535570813,0.0713945307284,0.0720917338341,0.0726257121323,0.0733322423698,0.0736610237674,0.0745214516804,0.0754121927719,0.0758832129302,0.0765827478187,0.0771493710785,0.0778185927886,0.0786090672127,0.0790334517117,0.0795114672189,0.080486152497,0.0808825556005,0.0809478455235,0.0815820904891,0.0821114052215,0.0830814269337,0.0835990827512,0.0842659726783,0.0852499850882,0.0858119447821,0.0865371292832,0.0873252719244,0.0886170796853,0.0894098858923,0.0904008936512,0.0906713804747,0.0914058921077,0.0920121556779,0.0927000316516,0.0936793804956,0.0944395417412,0.0955028347719,0.0960018363257,0.0965218239262,0.0972983076526,0.098186716961,0.0991194301458,0.099599777436,0.100376261162,0.101099113881,0.101551479775,0.102348949548,0.103158078236,0.104368273593,0.105133098405,0.106287330971,0.107087132527,0.108243696876,0.109241699984,0.11045889069,0.111925582173,0.112599467449,0.113539175982,0.114397272112,0.115388279871,0.116195076776,0.11746589849,0.11874138377,0.119597148118,0.120609141923,0.1211734334,0.12240927837,0.123675436518,0.124850655131,0.12573206909,0.126429272196,0.127222078403,0.127937935772,0.128831008647,0.129535207101,0.130768720288,0.131309693935,0.132107163708,0.132804366814,0.133688112556,0.135161799388,0.136225092419,0.137143814906,0.138174462975,0.139449948255,0.140625166868,0.14218512967,0.143516577741,0.144493594802,0.145305055273,0.146275076985,0.147576211878,0.149157160726,0.150150500268,0.151150835158,0.15181306152,0.152762097185,0.15369481037,0.155007604177,0.156616534421,0.157609873963,0.158507610403,0.159848385606,0.161413011974,0.162317743763,0.16377977168,0.165318748435,0.166759790306,0.167900032174,0.169373719006,0.170854401187,0.171945675613,0.172983319031,0.174046612062,0.175956342307,0.17754895007,0.178085260152,0.179234829152,0.180948689629,0.182352422972,0.183658221431,0.185467685009,0.186904063314,0.188256497432,0.189252168756,0.190499672641,0.192833787386,0.19404165096,0.195610940894,0.197026333151,0.198465043239,0.19988276728,0.201720212254,0.203522680483,0.205469719257,0.20685013477,0.208293508423,0.210289514639,0.212108305349,0.213789520865,0.215333161186,0.217189260423,0.218767877488,0.220775542619,0.222482407747,0.224678947297,0.226469756612,0.228477421742,0.229909136481,0.231884156649,0.234472435737,0.23619095978,0.238110017158,0.240357855933,0.242395834242,0.244615691622,0.247078054429,0.24918831801,0.251708975392,0.253639691684,0.255843226583,0.258049093265,0.260145366148,0.262383877791,0.265121390989,0.267607071626,0.269355908848,0.271899884059,0.274203685625,0.276617080991,0.278885905813,0.281362259319,0.283817626778,0.285652739969,0.287662736882,0.289994519844,0.292657415986,0.29470705321,0.297045831521,0.299692405182,0.302301670317,0.304715065682,0.307149447095,0.309674768042,0.312587164962,0.314753391333,0.316693434758,0.318920287486,0.320925620834,0.323569862713,0.325328027066,0.328021236387,0.330492926327,0.332843363552,0.334184138755,0.336320051948,0.339297738791,0.342436318658,0.345246117127,