# R script for Peak Model
#  -- generated by MACS
p <- c(0.0158489250449,0.0185100188171,0.0210797790579,0.0237350274841,0.026444345361,0.0265225268639,0.0266211670778,0.0266255510873,0.0267125006093,0.0269740798433,0.0270917174319,0.0271772056173,0.0273189552581,0.0274022514388,0.0275155050178,0.0275505770938,0.0275556917716,0.0276156065682,0.0275666517954,0.0275089290035,0.0275900331794,0.0276433719618,0.0277449348488,0.0278150790009,0.0277909669486,0.0278245776882,0.0280510848462,0.0280832342492,0.0281343810268,0.0281752984489,0.028207447852,0.0282600559661,0.0282768613359,0.0283608881848,0.028445645702,0.0283842695689,0.0283009733882,0.0284010749387,0.0285070218352,0.0286429261299,0.0286341581109,0.0287123396138,0.0287832144342,0.0288445905674,0.0288825853165,0.0291332045267,0.0292815301818,0.0293041808976,0.0292924902056,0.0292639941438,0.0294247411591,0.0294525065527,0.0295255733778,0.0295387254064,0.0295862188427,0.0295789121602,0.0295686828047,0.0296819363837,0.0297637712279,0.0298536434228,0.0298244166927,0.0298857928259,0.0298996755227,0.0299515529685,0.0300085450921,0.0300297344714,0.0301356813679,0.0302525882882,0.0303037350658,0.0303234631086,0.0305550849443,0.0306581091678,0.0308064348229,0.0308831549893,0.0309503764684,0.0310453633411,0.030978141862,0.0309569524827,0.0310818967537,0.0311432728868,0.0310614380427,0.030992755227,0.0310307499761,0.031094318114,0.0312002650105,0.0312777158451,0.031474996273,0.0316087085631,0.0317153861278,0.0318695571289,0.0319660053381,0.0321099469837,0.0321347897042,0.0322692326625,0.0323386461464,0.0324109823033,0.0323912542605,0.0324292490096,0.0323802942367,0.0323846782463,0.0325161985315,0.0326236067645,0.0328004284814,0.0328932233493,0.0330050155918,0.0331540719152,0.0333791177366,0.0334558379031,0.0336969584261,0.0339417322904,0.0340732525756,0.0341718927896,0.0343180264399,0.0343625972033,0.0344561227395,0.0345364962471,0.0346241764373,0.0348017288225,0.0349091370554,0.034948593141,0.0351232228532,0.035282508532,0.0353051592478,0.0356091172404,0.0357194481464,0.0358568137777,0.0360263288121,0.0362564893113,0.0363960469474,0.0365531406215,0.0366283994514,0.0368519839364,0.0370762990896,0.0371252538625,0.0373627210442,0.0375673081547,0.037701751113,0.0377879699666,0.0380429731864,0.0381949521828,0.0383827339234,0.0385157155452,0.0386713478828,0.0388744736567,0.0390542180466,0.0391952370192,0.0394078614804,0.0395393817657,0.0397169341508,0.0399105612375,0.0401173403527,0.0403562688709,0.040626616124,0.0408209738789,0.0409714915387,0.0412359934458,0.0414763833006,0.0416765864015,0.0418629068057,0.0420842992859,0.0423327264914,0.0425424282796,0.042711943314,0.0428704983246,0.0430736240985,0.0432314484409,0.0434521102528,0.0438276737342,0.0440863302952,0.0442719200311,0.0444918511748,0.0446672115552,0.0448513399546,0.0451363005727,0.0454833679922,0.045712067155,0.0459780303985,0.0460540198967,0.0462922177467,0.0466232104647,0.0468022241863,0.0470111953063,0.0471960543739,0.047370684086,0.0475102417221,0.0477345568753,0.0478916505494,0.0482131445801,0.0482569846752,0.0485039505442,0.0487991405179,0.0490862931407,0.0494019418254,0.0496985931355,0.049920716284,0.0501764501721,0.0503773839413,0.0505710110279,0.050853048973,0.0510232946756,0.0512059617385,0.0513703620951,0.0514419675838,0.0515946772484,0.0518168003969,0.0520666889389,0.0523187694857,0.052598615426,0.0530275176897,0.0532978649428,0.05348710802,0.0536990018129,0.0540051518103,0.0541965868922,0.0544581661263,0.0545882250751,0.054884145717,0.0549849779357,0.0550441620641,0.0551581463113,0.0552721305586,0.0555278644466,0.0557982116997,0.0561087457066,0.056313332817,0.0566457868715,0.0567882671806,0.0571309505906,0.0572968122837,0.0576409570302,0.0580669366208,0.0583979293388,0.0586405111983,0.0588640956833,0.0591176375666,0.059214816444,0.0594610516448,0.0596583320727,0.0599169886338,0.0600777356492,0.06035319758,0.0603700029498,0.0606381581981,0.0608310546165,0.0611160152346,0.0613849011512,0.0616610937503,0.0619190196431,0.0622025189247,0.0625744290648,0.0627578267959,0.06315311832,0.0634117748811,0.0636375513708,0.063823871775,0.0641344057819,0.0641789765452,0.0643886783334,0.0647145563736,0.0648285406209,0.0651390746278,0.0652947069654,0.0656154703278,0.0659968791552,0.066379749319,0.0666559419181,0.0671761777132,0.0674896343931,0.0677227175654,0.0681004730514,0.0683291722142,0.0688245652887,0.0690254990579,0.0693345717283,0.0695859216069,0.0700732773307,0.0704218060867,0.070823673625,0.0712905706378,0.0717486996315,0.0723500396026,0.0726233095287,0.0730565958019,0.0735191088051,0.0740057338607,0.0744653241909,0.0749402585544,0.0754363822972,0.0758806285942,0.0762203893312,0.076620795533,0.0772250581771,0.0778512408687,0.0784116634176,0.0788844057764,0.0794455589936,0.079838658513,0.0804706865506,0.081110751939,0.0817040545592,0.0823645786587,0.0830265640946,0.0836490934449,0.0843578416489,0.0849876776818,0.0855049908039,0.0863437979567,0.0869034898374,0.0875654752734,0.0883348689423,0.0888302620168,0.0894023752578,0.0900870114095,0.0907606875375,0.091473819751,0.0922220240406,0.0930308737951,0.0938280328576,0.0944936716348,0.0952068038483,0.0961332911913,0.0969925570552,0.0976560038276,0.098409322795,0.0992620126446,0.100027752972,0.100564794137,0.101329803797,0.102107965484,0.102992074069,0.103697168932,0.104414685155,0.10526079899,0.105950549819,0.106717751484,0.107506142527,0.108450165908,0.109202754207,0.109969225203,0.110696240113,0.111493399176,0.112416233178,0.113393867298,0.114277975883,0.115173044491,0.116057883743,0.116910573593,0.117773492798,0.118741628232,0.119643272854,0.120459429291,0.12125366568,0.122004792643,0.12277930099,0.123634182844,0.124347315058,0.125107940707,0.125962091894,0.126713218856,0.127624362166,0.128652412396,0.129555518355,0.130356330759,0.131261628722,0.132132585278,0.13317671021,0.134090045524,0.134999727497,0.136143953979,0.137079209341,0.137884405754,0.138838658491,0.139686964331,0.140672635802,0.141705070042,0.142678320153,0.143666914297,0.144745380637,0.145618529197,0.146504099118,0.147412319755,0.14817513741,0.149176152914,0.14993020255,0.150733206958,0.151601240841,0.152385247875,0.153172177582,0.153951800607,0.154737999645,0.155630876249,0.156642121109,0.157608795206,0.158547703909,0.159502687314,0.16048616678,0.161455032882,0.162502811155,0.163400802436,0.1643061004,0.1653049239,0.166143731052,0.167074602405,0.168115804663,0.168943651792,0.169766384244,0.170774706431,0.171633972295,0.172645217155,0.173636003304,0.1744485064,0.175631458299,0.17665074051,0.177659793365,0.178608200756,0.179598256237,0.180601463746,0.181537449777,0.182484395831,0.183523406084,0.184660325884,0.185588274563,0.18658417539,0.187553041492,0.18857743838,0.18951780842,0.190699298983,0.191627247662,0.192632647177,0.193665812084,0.194648560883,0.195624002999,0.196699546665,0.197764130307,0.198813369917,0.200037239238,0.200916963813,0.202059728958,0.20320833945,0.204315301851,0.205449298978,0.206554800042,0.207544855523,0.208797951574,0.210077351683,0.211203311459,0.212476866221,0.213871711913,0.215148920017,0.216353061296,0.217530167849,0.218710197075,0.220029053269,0.221153551709,0.222461447879,0.223743039992,0.22474259416,0.225767721717,0.226990129702,0.228308985896,0.229674604858,0.230991269048,0.232366386697,0.233575642654,0.234773938586,0.236065760055,0.237549747274,0.239054193204,0.240416158825,0.241803697835,0.243096249972,0.244567085162,0.245782186464,0.247340701845,0.248728971523,0.249964531536,0.251483590831,0.252895972562,0.254322967657,0.255559989007,0.256895650571,0.258047183735,0.259663421908,0.261015158173,0.262420963889,0.263971441919,0.265277146085,0.266681490464,0.267806719572,0.269188413235,0.270581066923,0.272155657005,0.273399985037,0.274780217365,0.276092497544,0.277358014956,0.278542428192,0.279569747754,0.281012086882,0.282402548565,0.28378789557,0.285034415607,0.286188871445,0.28731921523,0.288467095053,0.289720921773,0.291047084649,0.29227533798,0.29327416148,0.294336553118,0.295261579124,