# R script for Peak Model
#  -- generated by MACS
p <- c(0.012571747163,0.0146461385799,0.0167162791947,0.0188820628564,0.0210839783359,0.0211201101536,0.02109247994,0.0212518850182,0.0212391326119,0.0211859975859,0.0213050200442,0.0214304187057,0.0215090585443,0.0215069331432,0.0214559235182,0.0216004507891,0.0215898237838,0.0214729267265,0.0214771775286,0.0215749459766,0.0215154347474,0.0214750521276,0.0215111839453,0.0215281871536,0.0215643189713,0.0215536919661,0.0217215986484,0.0218193670964,0.0218916307318,0.0218469973099,0.0219660197683,0.0220871676277,0.0221721836693,0.0223337141485,0.0223719713673,0.0223974761798,0.022408103185,0.0223422157527,0.0224633636121,0.022559006659,0.0225143732371,0.0225462542527,0.022612141685,0.0226142670861,0.0225313764454,0.0226291448933,0.0226950323256,0.0228268071902,0.0228076785809,0.0228820676173,0.0228905692215,0.0228948200236,0.0229564566538,0.022862939008,0.0229692090601,0.0229479550496,0.0228799422163,0.0229373280444,0.0230223440861,0.0229458296486,0.0231987523726,0.0232412603934,0.0231222379351,0.023268890607,0.0232455111955,0.0233581574507,0.0233921638674,0.0234261702841,0.0234665529039,0.0236620897997,0.023526064133,0.0235685721539,0.0236790930081,0.0236982216174,0.0238321218831,0.023827871081,0.0239426427373,0.0240977970133,0.0240340349821,0.0240234079769,0.0240127809716,0.0239256395289,0.0239468935393,0.0240510381904,0.0240637905966,0.0242125686696,0.0243592213415,0.0242593274925,0.0243294657269,0.024384726154,0.0244782437998,0.0246185202686,0.0248119317634,0.0247757999457,0.0250095940603,0.0249288288207,0.0248544397842,0.0250350988728,0.0251179895134,0.025196629352,0.0253028994041,0.025296523201,0.0254155456593,0.0255345681177,0.0255728253364,0.0256982239979,0.0257789892375,0.0258151210552,0.025957522925,0.0259532721229,0.0258831338885,0.0260042817479,0.0260871723886,0.0261233042063,0.0261658122271,0.0261488090188,0.0263337189094,0.0264187349511,0.0264102333469,0.0264676191751,0.0266780338782,0.0267226673001,0.0266121464459,0.0266440274615,0.0268650691699,0.0270372266543,0.0270946124824,0.0272391397533,0.0274516798575,0.027679097769,0.0279022648784,0.0281700654096,0.0283507244982,0.0285122549774,0.0284888755659,0.0286057726232,0.0286078980243,0.0287141680764,0.0287843063108,0.0289054541701,0.0290393544358,0.0290181004254,0.0290861132587,0.0291711293004,0.0293220327744,0.0294793124515,0.0296791001494,0.0298555084359,0.0299894087015,0.0302593346339,0.0303252220662,0.0306270290141,0.0308586977277,0.0311945110923,0.0313560415715,0.031432556009,0.0316259675038,0.0318045011913,0.0319639062695,0.0319617808684,0.0319171474466,0.0320510477122,0.0320276683007,0.0320000380872,0.0319979126861,0.0322614624153,0.0324527485091,0.0325037581341,0.0327354268477,0.0328289444935,0.0331413784467,0.0333305391394,0.0336599763009,0.0338703910041,0.0342125805718,0.0344357476812,0.0347418054313,0.0348140690667,0.0348672040927,0.035135004624,0.0352795318949,0.0353602971345,0.0356068436553,0.035793878947,0.0359490332231,0.0361233161085,0.0360595540773,0.0363889912388,0.0366419139627,0.0370138591451,0.0372901612805,0.0374941997806,0.0374856981764,0.0376854858743,0.0378236369421,0.0379320323952,0.0383146045827,0.0385356462911,0.0387630642026,0.0387014275724,0.0389458486922,0.0391966460151,0.0394219385256,0.0397556264892,0.0399617903902,0.0402274655205,0.0401467002809,0.0403252339684,0.040303979958,0.0404782628434,0.0405887836976,0.040862960432,0.0408842144424,0.0406929283487,0.0410074877029,0.0410733751352,0.0413496772706,0.0416812398331,0.041976670578,0.0420893168332,0.0421870852811,0.0420680628228,0.0424931430312,0.0427928245781,0.0427248117447,0.0428693390156,0.042992612276,0.0430563743073,0.0433390526458,0.0436068531771,0.0435707213594,0.0439660459532,0.0442976085158,0.0446695536981,0.0450159940679,0.0451626467398,0.0454963347034,0.0455834761461,0.0457152510107,0.0459554213285,0.0463698745316,0.0466589290733,0.0467673245265,0.046746070516,0.0468757199796,0.0472306619536,0.0472604175682,0.0472752953755,0.0473688130213,0.0475197164953,0.0477471344068,0.0477896424276,0.0478002694328,0.0480085587349,0.0479958063287,0.0482210988391,0.0483379958964,0.0485930440215,0.0488842239642,0.0492412913393,0.0494687092507,0.049685500157,0.0499001656623,0.0502742362456,0.0507311974697,0.0508821009436,0.051256171527,0.051305055751,0.0514708370322,0.0516706247302,0.0519915602875,0.0521020811417,0.0525845471782,0.0526291806001,0.0529479907564,0.053234919897,0.0536302444908,0.0542784918086,0.0545462923399,0.0548651024962,0.0552391730796,0.0557110121109,0.056070204887,0.0564187706578,0.0567099506006,0.0570393877621,0.0573496963142,0.0577110144913,0.0581807281216,0.0585377954966,0.0589139914811,0.0593241938821,0.0594878497624,0.0601722288979,0.0604867882521,0.0607928460021,0.0613008168511,0.0620808390335,0.0625059192419,0.0628098515909,0.0633858352733,0.0638619251066,0.0643018831223,0.0648714906016,0.0657344034246,0.0666398242684,0.0672434381643,0.0674219718519,0.0682976370811,0.0690861608677,0.0697896686126,0.0705165557689,0.0713858447951,0.0720680985295,0.0725356867587,0.0730479084098,0.073462361613,0.0741828725662,0.0747652324517,0.0754708655976,0.0757747979466,0.0764421738738,0.0770351607645,0.0776345238583,0.0784166714417,0.0790224107387,0.0799150791763,0.0807354839785,0.0812880882494,0.0815622649838,0.0825420748641,0.0834666243173,0.084261524307,0.0851350641353,0.0858513242864,0.0866037162552,0.0875176387032,0.0884251849481,0.0892838469691,0.0905378335838,0.0914134988131,0.0923380482663,0.0931180704487,0.0935218966467,0.094097880329,0.0949884233656,0.095464513199,0.0962211559699,0.0971308276159,0.0979321038087,0.0983996920379,0.0987036243869,0.0995367815953,0.10071000297,0.101706816059,0.102493214445,0.103619676997,0.104410326184,0.105300869221,0.106346566534,0.107553794325,0.108595240836,0.109324253393,0.110306188675,0.110986317008,0.111827975821,0.112620750409,0.113611187295,0.114495354128,0.115220115884,0.11637633405,0.11739440115,0.118484731884,0.11945604016,0.120818422228,0.122195682103,0.123315768452,0.124197809885,0.12498420827,0.126015027776,0.126880066,0.128000152349,0.129315775594,0.130017157938,0.130627148037,0.131538945084,0.132744047474,0.133738735162,0.1352435191,0.1364677501,0.137379547147,0.138533639913,0.139721739095,0.141135130788,0.142714303762,0.143859894924,0.144805698387,0.14599379757,0.146512395424,0.147228655575,0.148627169461,0.149677117575,0.1507483197,0.151757885195,0.152805707909,0.153494337847,0.154518781149,0.155966179258,0.157453959988,0.158867351681,0.159921550597,0.160788714222,0.161470967957,0.162444401634,0.163806783702,0.165621876192,0.166854608796,0.168093717604,0.169256311974,0.170610192437,0.171751532797,0.17326694374,0.175366839969,0.177067160803,0.178389160251,0.179670777079,0.181254200855,0.182489058861,0.183859942533,0.185143684762,0.18662934009,0.188399799158,0.189679290585,0.191273341367,0.192459315148,0.194138381971,0.195617661096,0.196924782737,0.198605974961,0.200389186436,0.202280793363,0.203787702702,0.205045940118,0.206988556671,0.208784520551,0.210327561708,0.212108647781,0.214221296416,0.216193668583,0.218336072834,0.220465724678,0.222274440964,0.224272317944,0.225649577819,0.228040653991,0.230138424819,0.232223443242,0.234234072627,0.2362191972,0.23797265306,0.239679350097,0.242074677071,0.244140566884,0.246423247603,0.248244716296,0.250159702634,0.252484891374,0.254470015947,0.256567786776,0.258603920974,0.26067618699,0.262319121995,0.264701696563,0.266988628084,0.26936695185,0.271524233908,0.273779284413,0.276193739997,0.278882372315,0.281345712122,0.283887691769,0.286793114993,0.289396731269,0.29172404541,0.294372295108,0.297358483572,0.299626286484,0.302034365864,0.303989734823,0.306355306183,0.308720877542,0.310763387944,0.312689001288,0.315405263819,0.317509410851,0.319350008153,0.321819724164,0.324442469049,0.327250123826,0.329588064972,0.332223562264,0.334850557952,0.337817617806,0.340314964031,0.34274217202,0.345211888031,0.347747491474,0.350057802407,0.352334106923,