# R script for Peak Model
#  -- generated by MACS
p <- c(0.0177025532485,0.0206393923765,0.023547428308,0.0265342654374,0.0294917559138,0.0295330586106,0.0296439237442,0.0297096819853,0.0297303333337,0.0297721794871,0.0297982654009,0.0298515241415,0.0299618458186,0.0300455381254,0.0301080356272,0.0301689027593,0.0301900975643,0.0302482474138,0.0303558518082,0.0304237838754,0.0304661734853,0.0305574741836,0.0305699736839,0.0306264931638,0.0307612703851,0.0308346370176,0.030919959694,0.0309715880651,0.0309601754778,0.0310525630891,0.0311617978531,0.0311416899613,0.0312357079422,0.0313096180313,0.0313704851635,0.0315058058413,0.031632974671,0.0317275361085,0.0318090545891,0.0318715520909,0.0319063333093,0.0320128507907,0.0320296979433,0.0320579576833,0.0320155680734,0.032053610031,0.0320780655752,0.0320753482925,0.0321253462939,0.0321476280119,0.0321949087307,0.0322726230155,0.0323514242135,0.0323834881492,0.0324987009351,0.0325394601754,0.032620978656,0.0327427129204,0.0328486869451,0.0329236839473,0.0329649866441,0.0330676999297,0.0332008467814,0.0332780176097,0.0332676919355,0.0333502973291,0.0333301894373,0.0334035560698,0.0334497498755,0.0335100735511,0.0336432204028,0.0336453942289,0.0337622373845,0.0337818018198,0.03387908054,0.0339209266934,0.0340171185005,0.0340475520666,0.0341725470702,0.034212762854,0.0342029806363,0.0343176499657,0.0342959117042,0.0344334062081,0.0345502493637,0.0346122034089,0.0347285031079,0.0348496939158,0.0349121914176,0.0350415340735,0.0351420735329,0.0352230485569,0.0353518477563,0.0354241274758,0.0355355360659,0.0356284671338,0.0356512923084,0.03563064096,0.0356170545465,0.0356974861141,0.0358594361622,0.0358697618364,0.0360039956012,0.0361077957998,0.0362143132811,0.0363088747186,0.0364545210706,0.036604515075,0.0367028807082,0.0368729826044,0.0369664571288,0.0371691664173,0.0371561234604,0.0372843792032,0.0374153522287,0.0375120874924,0.0376033881907,0.0377892503264,0.0380202193548,0.0382098856864,0.0382680355359,0.0383914001698,0.0385707408272,0.0386984531135,0.0388017098556,0.0389370305334,0.0392131064544,0.0393837518071,0.0395245070503,0.0395418976595,0.0397033042511,0.0398696019515,0.0400701374138,0.0402310005489,0.0404255579892,0.0407478277159,0.0408489106319,0.040938037504,0.0410896618779,0.0413592163205,0.04159942411,0.0418189805511,0.0419401713589,0.0421059256028,0.0422667887379,0.0422700494771,0.042378197328,0.0425319955281,0.0427434001212,0.0428852422774,0.0429988246937,0.0431716438726,0.0434118516621,0.0436118436679,0.0438835719366,0.0440998676384,0.0442960554484,0.0445955000005,0.044726473026,0.0448916838134,0.0451759115824,0.0453992722193,0.0456019815078,0.0457699095778,0.0458867527333,0.0460938096741,0.0463883631173,0.0466138975803,0.046936167307,0.047205178293,0.0474029964726,0.0475937497172,0.0479143890743,0.048244810649,0.0485295818746,0.0488681552974,0.04909532013,0.0493393321153,0.0495529105345,0.049727360083,0.0499702851552,0.050156147291,0.0502708166203,0.0504523311038,0.0506050423908,0.0507121033287,0.050949050379,0.0511588246024,0.0513691422824,0.0516213061157,0.0519164030155,0.0521571542616,0.0523576897239,0.0526163750357,0.0529511442627,0.053196243161,0.0534141692325,0.0536185088906,0.0538728465501,0.0540375138809,0.0542168545382,0.0545010823073,0.0548353080778,0.0550320393443,0.0551771422398,0.0553912641155,0.0556407106662,0.0558689624119,0.0560727586134,0.0564189404277,0.0565482830836,0.0568249024611,0.0571265208393,0.0573444469108,0.0575743290261,0.0578471442079,0.058080830519,0.0583536457007,0.0585585288153,0.0586590682747,0.0589487306092,0.0590503569817,0.0591226367011,0.0593693659691,0.0596063130194,0.0597997835467,0.0600095577701,0.0602443309943,0.0604225847385,0.0606595317888,0.0608122430758,0.0611486426725,0.0614448264853,0.061671991318,0.0618725267802,0.0622176216815,0.0624469603403,0.0625828244746,0.0628610742217,0.0632202989929,0.0634567025867,0.0636670202667,0.0639534218619,0.0641496096719,0.0644773139639,0.0646088304459,0.0647984967775,0.06508218109,0.0653533659021,0.0654680352315,0.0658212819808,0.0661033359237,0.0663082190383,0.0666321191346,0.0668228723792,0.0671353598882,0.0674521950495,0.0677108803613,0.0678972859536,0.0681874917446,0.0684331340994,0.0686266046268,0.0689260491788,0.069204298926,0.0695423288922,0.0698162309871,0.0701814337802,0.0706129382709,0.0709308603452,0.0713504087921,0.0716156155823,0.0719726665274,0.0722547204703,0.0725525346528,0.0729019772063,0.0733182649139,0.0736220571183,0.0738318313417,0.0741829042649,0.0745529981668,0.0750002628971,0.0754225286266,0.0758284906601,0.0761719551917,0.0764844427007,0.0768501889503,0.0773018013329,0.0778240630653,0.0783294776451,0.0787696774403,0.0792104206922,0.0797386604465,0.0803337453549,0.0809630680252,0.0815913037824,0.0821510640159,0.0825505045709,0.0830608102595,0.0836124186449,0.0840977253328,0.0848368262236,0.0853395235207,0.0857813536856,0.0863666563763,0.0869932617639,0.0877122547629,0.0884524425668,0.0890170939091,0.0897094575377,0.0904355154717,0.0910914675123,0.0917919829889,0.0923908720931,0.092933785174,0.0935397392131,0.0941973216234,0.0948141447933,0.0954972696608,0.0960814854384,0.0967993915243,0.0974145843246,0.0981216212798,0.0990041946965,0.0998465523294,0.100593261612,0.101031287581,0.10187744941,0.10267306978,0.103633357482,0.104248550282,0.104924066758,0.105685449367,0.10627346934,0.106927247555,0.107729932861,0.108638592191,0.1092586761,0.1099901686,0.110572754008,0.11145913162,0.112114540204,0.112749840896,0.113669369358,0.11451498773,0.115244306403,0.11601221049,0.116893153537,0.117733880801,0.118476242431,0.119103934731,0.119977269387,0.120816366281,0.121576661976,0.122343479151,0.123169533087,0.124116234376,0.124852617984,0.125626500093,0.126481357226,0.127371539034,0.128086184381,0.128857349208,0.129711662884,0.130560541996,0.131296925604,0.131952877644,0.13289849202,0.133657157346,0.13456201248,0.135315243241,0.136149449026,0.136968981484,0.137677105353,0.138369468981,0.139210739701,0.140007990441,0.140760134289,0.141607383031,0.142398655749,0.143290467927,0.144167063322,0.145052897478,0.146052857507,0.147083251102,0.1477772451,0.148606016319,0.149370659667,0.150264645671,0.151038527781,0.152006423874,0.152799326962,0.153639510768,0.154341656615,0.155163906356,0.156145388862,0.15696655169,0.157707826407,0.158466491733,0.159234939277,0.159982192016,0.160933784413,0.161647342847,0.162330467714,0.163113588585,0.163805408757,0.164639614541,0.165509688458,0.166361828308,0.167171035093,0.167906875244,0.168733472638,0.169649196903,0.170557856234,0.171342064017,0.17221268139,0.173003410652,0.173965872179,0.174892465576,0.175809276754,0.176654895126,0.177453776236,0.178192877127,0.179186859134,0.180134103879,0.181043850122,0.182030767194,0.182822583369,0.183551902042,0.184451866068,0.185395306617,0.186317552361,0.187310447455,0.188099546347,0.188946795089,0.189985340532,0.190928237624,0.191878743108,0.192962395443,0.194090067758,0.194885688129,0.195718263544,0.196699746051,0.197693184601,0.198657276499,0.19950452524,0.200502854899,0.201509879863,0.202442994738,0.203369044678,0.204573887821,0.205758623072,0.206824341342,0.207794954718,0.208920453207,0.210117687959,0.211152429206,0.212389879741,0.213471901707,0.214496860737,0.215611490095,0.21671253304,0.217791837723,0.21919069485,0.220317280252,0.221374846674,0.222632405101,0.223654103392,0.224898618862,0.226066506961,0.227288197257,0.228318590852,0.229399525905,0.230354379041,0.231537483923,0.232746674719,0.23371946192,0.234853112257,0.235913939418,0.237089979365,0.238226890441,0.239430103215,0.240640380924,0.241838159132,0.242960396882,0.244033723543,0.245283130123,0.246466778461,0.24756238684,0.248598758457,0.24966556364,0.250783453737,0.25187851866,0.253020864302,0.254104516637,0.255134910232,0.256058242889,0.257070702418,0.258153267841,0.259253223872,0.26032709399,0.261442266805,0.262534614445,0.263538922126,0.264483993045,0.26553938564,0.266683905108,0.267680604398,0.268719693297,0.269699545434,0.270617443526,0.271516320638,