# R script for Peak Model
#  -- generated by MACS
p <- c(0.048414212568,0.055985869857,0.0631629130854,0.070907214026,0.0785035346938,0.0774923361633,0.077295029133,0.077295029133,0.0769250784511,0.0762591672238,0.076826424936,0.0767154397314,0.0769990685875,0.076764766489,0.0769744052087,0.0774553410951,0.0775293312315,0.07735668758,0.0773443558906,0.077295029133,0.0766784446632,0.0773443558906,0.0774923361633,0.0776156530573,0.0775293312315,0.0775909896785,0.0779609403604,0.0777266382619,0.0772457023754,0.077295029133,0.0766784446632,0.0764564742541,0.0766291179056,0.0763454890495,0.076703108042,0.0762468355344,0.0763454890495,0.076764766489,0.0769867368981,0.0769620735193,0.0776896431937,0.0774800044739,0.0781952424589,0.078602188209,0.078602188209,0.0787501684817,0.0781705790801,0.0782815642847,0.0789351438226,0.0793050945045,0.0792927628151,0.0792187726787,0.0787994952393,0.0784048811786,0.0783062276635,0.0779362769816,0.0784912030044,0.0788611536863,0.0787748318605,0.0781212523225,0.0781459157013,0.077825291777,0.0775663262997,0.0775046678527,0.077233370686,0.0779362769816,0.0775786579891,0.0770237319663,0.0769250784511,0.076764766489,0.0763331573601,0.0768387566254,0.0771347171709,0.0771840439284,0.0773196925118,0.0769497418299,0.0765181327011,0.0762961622919,0.076172845398,0.0767894298678,0.0772703657542,0.0770977221027,0.0769127467617,0.0769867368981,0.0766784446632,0.0767154397314,0.0769867368981,0.0771963756178,0.0767277714208,0.075987870057,0.07551926586,0.0756672461328,0.0757042412009,0.0758645531631,0.076641449595,0.0767401031102,0.0770853904133,0.0769620735193,0.0775046678527,0.0777389699512,0.078010267118,0.0780225988074,0.0770853904133,0.0773196925118,0.0766167862162,0.0763701524283,0.0759262116101,0.0759262116101,0.0753342905191,0.0754329440342,0.0754946024812,0.075457607413,0.0757782313373,0.0754452757236,0.0756549144434,0.0759632066783,0.0758892165419,0.0764194791859,0.0770237319663,0.0775293312315,0.0770237319663,0.077295029133,0.078478871315,0.0786391832771,0.0787625001711,0.0789721388908,0.0795887233606,0.0791077874742,0.0786761783453,0.0783678861104,0.0788981487545,0.0789598072014,0.0778992819134,0.0783432227316,0.078355554421,0.0786638466559,0.0781089206331,0.0788241586181,0.0789844705802,0.0791817776106,0.0790461290272,0.0786638466559,0.0790584607166,0.0783308910422,0.0782445692165,0.0777513016406,0.0780349304967,0.0774800044739,0.0773936826482,0.0770853904133,0.0769744052087,0.0768757516935,0.0763578207389,0.0771347171709,0.0769004150723,0.0770483953451,0.0776896431937,0.0783308910422,0.0789104804439,0.0793544212621,0.0796873768758,0.0795270649136,0.079724371944,0.0790214656484,0.0792311043681,0.0788734853757,0.0785651931408,0.0775786579891,0.0770114002769,0.0768017615572,0.076111186951,0.0758892165419,0.0765551277693,0.0768017615572,0.0763084939813,0.0761605137086,0.0758275580949,0.0760371968146,0.0758768848525,0.0758768848525,0.0760002017464,0.0758028947161,0.0755315975494,0.07551926586,0.0754206123448,0.0753836172766,0.0753096271403,0.0752726320721,0.0755315975494,0.0752972954509,0.0750383299736,0.0756672461328,0.0748286912538,0.0748410229432,0.075395948966,0.0758522214737,0.0756055876858,0.0757782313373,0.0762961622919,0.076826424936,0.0775539946103,0.0777019748831,0.0784665396256,0.0780842572543,0.0779609403604,0.0775786579891,0.0776156530573,0.0770237319663,0.0760865235722,0.0758152264055,0.07551926586,0.075395948966,0.0747300377387,0.0748903497008,0.0751246517993,0.0755315975494,0.0754822707918,0.0752479686933,0.075580924307,0.0754206123448,0.0749396764584,0.0750136665948,0.0754822707918,0.075457607413,0.0749766715266,0.0745327307083,0.0747423694281,0.0746313842235,0.0753466222085,0.0751863102463,0.0757289045797,0.0757905630267,0.0759015482313,0.076579791148,0.0772826974436,0.0778622868452,0.0788118269287,0.0800696592471,0.0795517282924,0.0797120402546,0.0802423028986,0.0796503818076,0.0799833374213,0.0791077874742,0.0789351438226,0.0785651931408,0.0773073608224,0.0774800044739,0.0778499551558,0.0778992819134,0.0774676727845,0.078010267118,0.0776403164361,0.078417212868,0.0780965889437,0.078417212868,0.0785898565196,0.0781829107695,0.077825291777,0.0781089206331,0.0782569009059,0.077948608671,0.0781582473907,0.0774553410951,0.0775293312315,0.076641449595,0.0770114002769,0.0770483953451,0.0769990685875,0.0778992819134,0.0772457023754,0.0770730587239,0.0769250784511,0.0775416629209,0.0776156530573,0.0778006283982,0.0777019748831,0.0780595938755,0.0784418762468,0.0776156530573,0.0788981487545,0.0796380501182,0.0800696592471,0.0796997085652,0.0800819909365,0.0810315310199,0.0814508084594,0.0807479021638,0.0810808577775,0.0813028281866,0.0806739120275,0.0807355704744,0.0804149465501,0.0807355704744,0.0807479021638,0.0802423028986,0.0799710057319,0.0807972289214,0.080723238785,0.0809822042623,0.0813891500124,0.0818700858988,0.0824743386792,0.0833498886263,0.0835841907249,0.0855079342706,0.0866917764526,0.0870740588239,0.0873823510588,0.0876659799149,0.088541529862,0.0886895101347,0.0898733523167,0.0900336642789,0.0909585409836,0.090724238885,0.0906379170593,0.0910571944987,0.0912051747715,0.0915381303852,0.0918217592413,0.0924260120217,0.0917107740367,0.0917354374155,0.0917724324837,0.0911065212563,0.0911681797033,0.0911065212563,0.0917847641731,0.0919820712034,0.0918587543095,0.0917970958625,0.0923026951277,0.0918464226201,0.0917601007943,0.0925863239838,0.0925986556732,0.0924876704686,0.0925739922944,0.0922410366807,0.0924136803323,0.0925246655368,0.0922533683701,0.0925369972262,0.0929069479081,0.0923520218853,0.0929069479081,0.093215240143,0.0927959627035,0.0930672598703,0.0931659133854,0.0936591809613,0.0938194929234,0.0942634337416,0.0939058147492,0.0938441563022,0.093338557037,0.0930179331127,0.0927589676354,0.0923396901959,0.0925986556732,0.0923396901959,0.0919327444458,0.0923890169535,0.0924630070899,0.0926109873626,0.0926973091884,0.0932645669006,0.0931165866278,0.0928082943929,0.0918957493777,0.0911188529457,0.0916737789685,0.0911558480139,0.0910941895669,0.0907365705744,0.0913284916654,0.090724238885,0.0908105607108,0.0916737789685,0.0919327444458,0.0926973091884,0.0923520218853,0.0923766852641,0.0921917099232,0.0920190662716,0.0917107740367,0.0918094275519,0.0924876704686,0.0922903634383,0.0918094275519,0.0912791649079,0.0905515952335,0.090724238885,0.0909462092942,0.0916244522109,0.0907982290214,0.0913408233548,0.0908968825366,0.0909338776048,0.0917107740367,0.0922903634383,0.0932522352112,0.0928822845293,0.0929069479081,0.0929192795975,0.093745502787,0.0932399035218,0.0930179331127,0.0925863239838,0.0930672598703,0.0920683930292,0.09143947687,0.0917847641731,0.0916367839003,0.0915504620746,0.0911928430821,0.0919574078246,0.0923396901959,0.092500002158,0.0923150268171,0.0929069479081,0.0938318246128,0.0936715126506,0.0936715126506,0.0939798048855,0.0939674731961,0.0935975225143,0.0936345175825,0.0936715126506,0.093215240143,0.092746635946,0.0925493289156,0.0920807247186,0.0922040416125,0.0917477691049,0.0912791649079,0.0905885903017,0.0904899367865,0.0907735656426,0.0910941895669,0.0916614472791,0.0917107740367,0.0918587543095,0.0918834176883,0.0921053880974,0.0934125471733,0.0938441563022,0.0943004288098,0.0947073745599,0.0951266519994,0.0952253055145,0.0952992956509,0.096236504045,0.0962241723556,0.0965694596587,0.0960761920828,0.0966557814844,0.0963844843177,0.0958542216737,0.0947567013175,0.0947320379387,0.0944237457038,0.0940291316431,0.0938441563022,0.0935358640673,0.0936345175825,0.0935728591355,0.0939428098174,0.0951266519994,0.0953239590297,0.0956322512646,0.0954349442343,0.0956815780222,0.0956569146434,0.0957555681585,0.0956322512646,0.0953609540979,0.0955582611282,0.0944730724614,0.0948183597645,0.0947197062493,0.0941277851583,0.0936468492719,0.0941894436053,0.094460740772,0.094399082325,0.0943250921886,0.0941771119159,0.0942511020523,0.0938194929234,0.094399082325,0.09552126606,0.0962488357344,0.0958295582949,0.095582924507,0.0957925632267,0.0958788850525,0.0954226125449,0.0966064547269,