# R script for Peak Model
#  -- generated by MACS
p <- c(0.0142699553831,0.0166158851079,0.0190981021786,0.0214753109664,0.0239307174117,0.0238882672547,0.0238301775663,0.0239039067862,0.023948591162,0.0237698536591,0.0239619964747,0.023979870225,0.023886033036,0.0240670047576,0.0240692389764,0.0240692389764,0.024156373509,0.02406253632,0.0241005180394,0.0242613817919,0.024250210698,0.02437532695,0.0243976691378,0.0242569133544,0.0242837239798,0.0243842638251,0.0242904266361,0.0243686242936,0.0243730927312,0.024437885076,0.0244445877323,0.0243954349191,0.0243775611688,0.0243663900748,0.0243083003864,0.0242837239798,0.0243306425743,0.0242904266361,0.0242412738229,0.024156373509,0.0241295628836,0.0240535994449,0.0242658502295,0.0242345711665,0.0242390396041,0.0242122289786,0.0243619216373,0.0246590727358,0.0249249447712,0.0250254846166,0.0251103849304,0.0252868882145,0.025385193841,0.0254857336864,0.0254723283737,0.0254879679052,0.0255482918124,0.0254231755604,0.0253695543095,0.0252220958697,0.0251796457128,0.0252600775891,0.0250634663359,0.0250455925856,0.0251841141503,0.0253405094653,0.025177411494,0.0251640061813,0.0252265643073,0.0254879679052,0.0256242552511,0.0255773366566,0.0257002186898,0.0258789561926,0.0259660907253,0.025979496038,0.0261381255718,0.0261627019784,0.026261007605,0.026135891353,0.025979496038,0.0261180176027,0.0261649361972,0.0260487568203,0.0261314229154,0.0261202518215,0.0260666305706,0.0261403597906,0.0260979096336,0.0261805757287,0.0263257999497,0.0261403597906,0.0260130093198,0.0261783415099,0.0261962152602,0.0262855840116,0.0263436737,0.0263168630746,0.0264218713575,0.0264643215145,0.0264777268272,0.0267614726129,0.0268642466771,0.0268486071456,0.0267860490196,0.0268240307389,0.0270608579302,0.0272239559015,0.0273781169977,0.0274250355922,0.0274540804364,0.0273825854353,0.0275613229381,0.0276707996586,0.0275747282509,0.0278093212233,0.0276953760653,0.0277624026288,0.0277177182531,0.0277869790355,0.0279322032565,0.0280148693516,0.0278115554421,0.0280126351328,0.0284304340457,0.0283477679506,0.0284862895153,0.0286069373298,0.0286516217055,0.0288594040525,0.0289912229609,0.0291677262449,0.0292436896836,0.0293241215599,0.0293621032793,0.0295252012506,0.0296480832838,0.0298000101612,0.0299809818829,0.0301351429791,0.030260259231,0.0303250515758,0.0308322192401,0.0309282906479,0.0308925431473,0.0309551012733,0.0312098022149,0.0312701261221,0.0313192789354,0.031468971594,0.0315561061266,0.0315605745642,0.0315270612824,0.0317906990991,0.031906878476,0.0320454000407,0.0319448601953,0.032094552854,0.0322598850441,0.0322799930132,0.0324252172342,0.0326843866133,0.0328050344277,0.0327514131769,0.0329927088057,0.0332205991219,0.0335602003773,0.0336316953784,0.0338014960061,0.0339176753829,0.0342662135135,0.0342997267953,0.0346259227379,0.0347376336772,0.0349119027425,0.0350794691514,0.0353297016554,0.0354190704068,0.0356067447848,0.0358971932269,0.0358592115075,0.0361317861994,0.0362591366702,0.0365607562062,0.0366791698018,0.0369517444937,0.0367797096472,0.0371215451214,0.0372801746551,0.0374544437204,0.0375929652851,0.0377739370067,0.0379705482599,0.0380308721671,0.038198438576,0.0381872674821,0.0385961295198,0.0386586876458,0.038906685931,0.0389446676503,0.0390988287465,0.0392261792173,0.0393088453124,0.03955237516,0.0397556890695,0.0398472920397,0.0399634714165,0.0401377404818,0.040135506263,0.0403209464222,0.0405957553328,0.0408504562744,0.0409644014325,0.0410224911209,0.0410671754966,0.0411811206547,0.0414536953465,0.0414805059719,0.0415408298791,0.0415095508161,0.0414425242526,0.0415095508161,0.0416503065996,0.0418804311345,0.0421954559833,0.0421820506706,0.0421217267634,0.0423518512983,0.042666876147,0.0427517764609,0.0428813611504,0.0428612531814,0.0430533959969,0.0430489275593,0.043187449124,0.0435136450667,0.0436119506933,0.0438174988216,0.0437683460083,0.0442464688284,0.0444252063312,0.0447871497745,0.0447938524308,0.045010571653,0.0450329138409,0.0452272908752,0.0455758290058,0.0456428555693,0.0457702060401,0.0458997907297,0.046125446827,0.0460964019828,0.0463511029243,0.0464538769885,0.0467041094924,0.046833694182,0.0467286858991,0.046802415119,0.047083926686,0.0473073485645,0.0475173651304,0.0476961026332,0.0477966424786,0.0477653634156,0.0479373982621,0.0480021906068,0.0481853965472,0.0483015759241,0.0482524231108,0.0482434862357,0.0483551971749,0.048802040932,0.0489539678095,0.0495370989125,0.049740412822,0.0500800140774,0.0503995073637,0.0507413428379,0.051156907532,0.0515724722261,0.0518919655124,0.0520126133268,0.0524974388033,0.0526270234929,0.0526784105249,0.0530224802179,0.05331292866,0.0538245647619,0.0541820397676,0.0541641660173,0.054333966645,0.054678036338,0.0550667904066,0.055343833536,0.0558979197949,0.0560699546413,0.056239755269,0.0566128698062,0.0570239660628,0.0576473131039,0.0582930023329,0.0587353776525,0.059302869224,0.0599619637657,0.0603886995537,0.0612354684735,0.0620085081732,0.0624531177116,0.0630206092831,0.0635746955419,0.0642181505521,0.0648660739999,0.0650671536906,0.0653173861946,0.065719545576,0.0661328760513,0.0665618460581,0.0670466715346,0.0677683242023,0.0682911313981,0.0687066960922,0.0690150182846,0.0696294284506,0.0704337472134,0.0713073267586,0.0718033233289,0.0725182733403,0.07336504226,0.073834228205,0.0746854655623,0.0752864704156,0.0762806977751,0.0769777740362,0.0776793187349,0.078396502965,0.0791293267267,0.0800140773657,0.080615082219,0.0814685537951,0.0821700984937,0.0831620916345,0.0836067011728,0.084323885403,0.084938295569,0.0857627223009,0.0863592587166,0.0872104960739,0.0879321487416,0.088553261564,0.0892168245433,0.089563128455,0.090365212999,0.0913370981707,0.0922710016231,0.0929613752278,0.0938774049299,0.0943510593124,0.0950749461989,0.095928417775,0.0966925205996,0.0975661001447,0.0987189570381,0.0993490067356,0.100041614559,0.101004562856,0.102085924748,0.102879072417,0.103821912744,0.104523457443,0.105484171521,0.106666073258,0.107394428582,0.108491430006,0.109391820176,0.110146986126,0.110866404575,0.111583588805,0.112562176633,0.113648006963,0.114362956974,0.115055564798,0.115951486531,0.116976992953,0.117948878125,0.118947573922,0.119861369405,0.121087955519,0.121972706158,0.12261169273,0.123887431657,0.124879424798,0.125844607313,0.126606475919,0.127308020618,0.12827767157,0.129542239403,0.13068839364,0.131711665844,0.133275618994,0.134287720104,0.135518774654,0.136497362482,0.137388815778,0.138631041423,0.139421954873,0.140322345043,0.141267419589,0.142444852889,0.143200018839,0.144247867449,0.145016438712,0.146426230765,0.14796337329,0.149440191907,0.150959460681,0.152181578357,0.153712018225,0.154690606053,0.156214343265,0.157494550629,0.159058503779,0.160032623169,0.161223461782,0.162429939926,0.164065388077,0.165359000754,0.166453767959,0.167763020167,0.16926664941,0.170638459744,0.172220286644,0.173721681668,0.175450967008,0.177005983283,0.177957760485,0.179282652225,0.18098512694,0.182839528532,0.184591156059,0.186105956396,0.187855349705,0.189765606767,0.190813455377,0.192553911811,0.194759085752,0.197116186571,0.199033146289,0.201005961477,0.20285812885,0.205025321072,0.206508842345,0.208215785497,0.210403085689,0.212266424156,0.213915277619,0.215535086239,0.217385019393,0.219078557233,0.220836887417,0.223187285579,0.225678439525,0.228028837687,0.230582549759,0.232897200421,0.235269940771,0.23740585393,0.239488145838,0.242021749941,0.244436940448,0.246309215791,0.248045203787,0.249973334599,0.252236598229,0.254564654203,0.257022294867,0.259756978661,0.262563157455,0.264833123741,0.267015955495,0.269426677564,0.27269087121,0.275380870628,0.277789358478,0.280568726648,0.282878908872,0.28527399141,0.287157437846,0.289872013671,0.292468175899,0.294883366406,0.297184611756,0.300464444933,0.302600358092,0.304488272965,0.307303388635,0.309955406334,0.313101186384,0.315909599397,0.318760462567,0.321506317455,0.324102479683,0.326173600498,0.329272461953,0.332831572478,0.335568490491,0.338651712415,0.341482467616,0.344118845783,0.346779800356,