# R script for Peak Model
#  -- generated by MACS
p <- c(0.013259448991,0.0154674520629,0.0177840454499,0.0199844281488,0.0221810006613,0.0222838756966,0.0222038617802,0.0221600446356,0.0221295631436,0.0221733802883,0.0222781604168,0.0223619845196,0.0224077067575,0.0224915308603,0.022527727632,0.0224686697414,0.0224820053941,0.0225639244037,0.0227106165836,0.0228534985771,0.0228592138568,0.0227658642877,0.0227029962106,0.0227620541013,0.022899220815,0.022984950011,0.0229906652908,0.0230135264097,0.02300781113,0.0229487532393,0.0230268620624,0.0231583134964,0.0230592486476,0.0230954454193,0.0230954454193,0.0232059408275,0.0232383274127,0.0231773644288,0.023202130641,0.0233831144994,0.0232573783452,0.0232421375992,0.0233373922615,0.0234116908981,0.0233316769818,0.0232421375992,0.0234021654319,0.0235126608401,0.023550762705,0.0234155010846,0.0234897997212,0.0235698136375,0.0235431423321,0.0233602533804,0.0234307418305,0.0235279015861,0.0234383622035,0.0234936099077,0.0234897997212,0.02358886457,0.0235907696632,0.0236345868079,0.0237660382418,0.0238079502932,0.0238460521581,0.0238212859459,0.0238593878109,0.0238746285568,0.0239489271934,0.0237507974958,0.0238289063189,0.0239241609812,0.0239032049555,0.0239755984989,0.0240479920422,0.0240937142801,0.0241203855855,0.024131816145,0.0239527373799,0.0241108601193,0.0242842236047,0.0242232606208,0.0242537421127,0.0242956541642,0.0242975592574,0.0243223254696,0.0243832884535,0.0244347259711,0.0246633371606,0.0247490663567,0.0246080894565,0.02460427927,0.0247681172891,0.0247604969161,0.0248843279771,0.0248767076041,0.0248595617649,0.024806219154,0.0247757376621,0.0248652770447,0.0249719622664,0.0249643418934,0.0248100293405,0.0248633719514,0.0247338256107,0.0248405108325,0.0248519413919,0.0249948233854,0.0250976984207,0.0251034137004,0.0251415155653,0.0252767771858,0.0254444253914,0.0255587309861,0.0257244740985,0.0257873421756,0.0259435598218,0.0260083329922,0.0261207334937,0.0262293238087,0.0262636154871,0.026316958098,0.0263703007089,0.0264369789725,0.0264579349982,0.0265379489145,0.026673210535,0.0268541943933,0.0268275230879,0.0268313332744,0.0269227777502,0.026983740734,0.0271170972612,0.0273819052224,0.0275171668429,0.0275914654795,0.0276333775309,0.0277324423796,0.0279305720772,0.0281287017748,0.0282068105979,0.0282582481155,0.0284106555752,0.0285192458902,0.0286506973241,0.0288412066487,0.0290183803206,0.0290488618125,0.0291384011951,0.0292908086547,0.0296051490403,0.0298051838311,0.0298318551366,0.029742315754,0.0299061537731,0.0300452255801,0.0302338298114,0.0302509756506,0.0303862372711,0.03040909839,0.0303614710589,0.0304186238563,0.030649140139,0.0309406194056,0.0311311287302,0.0312892514696,0.0313692653859,0.031586446016,0.0318131521122,0.0319808003179,0.0322894254237,0.0325542333849,0.0326628236999,0.0328571432109,0.0329123909151,0.0330457474423,0.0331771988762,0.0334381966509,0.0336306110688,0.0338363611393,0.033880178284,0.0340440163031,0.0340687825153,0.0341145047532,0.0343888381806,0.0344097942063,0.0344193196725,0.0345526761997,0.034640310489,0.0347812873892,0.0349279795692,0.035019424045,0.035352815363,0.0355318941281,0.03556237562,0.0358519497934,0.0360729406099,0.0363587045968,0.036383470809,0.0364330032334,0.0365835055998,0.0366787602621,0.0366501838634,0.0367454385257,0.036817832069,0.0369168969178,0.0371074062424,0.0372483831426,0.0375493878754,0.0378313416758,0.0378751588205,0.0380942445438,0.0383533372252,0.0384924090321,0.0387000641959,0.03890200408,0.0389610619706,0.0388200850704,0.0388219901637,0.0388296105366,0.0390925134046,0.039142045829,0.0393154093143,0.0393820875779,0.0394792473335,0.0396164140472,0.0397459603879,0.0400374396545,0.0403155832684,0.0404394143294,0.0405003773132,0.0407556598082,0.0408661552164,0.0409233080138,0.0411938312547,0.041281465544,0.0414872156146,0.0415729448106,0.0415253174795,0.0417215420838,0.041776789788,0.0417196369906,0.0417920305339,0.0421673339033,0.0420758894275,0.0422968802441,0.0423578432279,0.0425254914336,0.0428264961664,0.0429179406422,0.0429674730666,0.0430874939411,0.0432437115872,0.0433084847576,0.0434208852591,0.0433694477415,0.0436761677541,0.0437676122299,0.0437638020434,0.0439790775801,0.0441772072777,0.0444458254254,0.0446725315216,0.0449259089233,0.0454002771415,0.0455660202539,0.0456841360352,0.0459508490896,0.0460060967937,0.0462842404076,0.0466290622851,0.0468233817962,0.0469948401883,0.0472024953521,0.047232976844,0.0476330464257,0.0478826136409,0.048061692406,0.0487227597623,0.0487018037366,0.0490428154276,0.0494619359417,0.0495686211634,0.0496848318514,0.0501858713751,0.0503668552334,0.0505878460499,0.050782165561,0.0508488438246,0.0512565337792,0.0515442028594,0.0518661636179,0.0526224856365,0.053060657083,0.0532740275266,0.0536874327609,0.05421514359,0.0547180882069,0.0553353384186,0.0561164266494,0.0565069707648,0.0569603829573,0.0572556724104,0.0577452813746,0.0584368302228,0.0588883373221,0.0595170180932,0.0601133122791,0.0604505137836,0.0607096064651,0.0615783289852,0.0622146301293,0.0626375608299,0.0631176443278,0.0635615310541,0.0640625705778,0.0645312235162,0.0650017815479,0.0656133164799,0.0661276916562,0.0665468121703,0.0670497567872,0.0676765324651,0.0684785767216,0.0691110676792,0.0700331328102,0.0703436630093,0.0710028252723,0.0715610175934,0.0722925733998,0.0726050086921,0.0731879672253,0.0737918817842,0.0741005068901,0.0746148820664,0.0748796900276,0.075742697268,0.0764742530744,0.0771410357104,0.0777659062951,0.0786822561463,0.0794766800298,0.0803720738554,0.0812769931471,0.0820999934293,0.083065875705,0.0840774802185,0.0848928601277,0.0858320710979,0.0866836477788,0.0876590555207,0.0882610649864,0.0888821253845,0.0897546580911,0.0903871490487,0.0914292350542,0.0920407699861,0.0928637702683,0.0937477335344,0.0946412222667,0.0953784933528,0.0963653316542,0.0971883319364,0.0980970614146,0.0990267469186,0.0995887494261,0.100274582995,0.10088230774,0.101356675958,0.102124428536,0.102852174156,0.103976179171,0.105031600829,0.105860316391,0.106732849098,0.107957824055,0.109201849945,0.110257271603,0.11141175811,0.112301436656,0.113223501787,0.114101749773,0.114858071791,0.115622014183,0.116572655713,0.117151804059,0.117843352908,0.118982598669,0.120097078218,0.121154404969,0.122280315077,0.123215715861,0.124423544979,0.125637089376,0.126517242456,0.127961303136,0.129121504923,0.130013088562,0.131121852831,0.131830547519,0.132981223839,0.133912814436,0.13520637275,0.136216072171,0.137616315706,0.13841073959,0.139508073299,0.140624457941,0.141687499973,0.14333540563,0.144554665308,0.145916806978,0.147240846784,0.148469631928,0.149810817573,0.15125868844,0.15241508004,0.153569566547,0.154781205851,0.155914736333,0.156970157991,0.158166556549,0.159002892484,0.160593645344,0.161515710475,0.162611139092,0.164300956801,0.165926001339,0.167274807357,0.169000821838,0.170469648731,0.171925139971,0.173548279416,0.175226666566,0.177131759811,0.178800621495,0.180492344297,0.182511743138,0.184418741477,0.18594662626,0.187659305088,0.189507245536,0.19145806102,0.193205031527,0.195174897943,0.196967590687,0.198493570377,0.200217679764,0.202130393383,0.203822116186,0.205881521984,0.208005700953,0.209834590469,0.211737778622,0.213448552357,0.215641314683,0.217773114025,0.219861096222,0.221960508979,0.224406648707,0.226748008306,0.228618809873,0.230977315312,0.232897649304,0.235202812131,0.237431771229,0.240051274442,0.24232786087,0.244545389409,0.246600985021,0.248435589817,0.25067407438,0.253472656359,0.255945467392,0.258677371106,0.26112732102,0.263558220002,0.266109139858,0.268881050531,0.271700588535,0.27471444605,0.277593041944,0.279538142148,0.283100666518,0.285565857178,0.288654013329,0.2914830768,0.294131156411,0.296470610917,0.299122500715,0.3017782007,0.304485338202,0.307247723409,0.309469062133,0.312159053797,0.314595668058,0.317441877367,0.320209977853,0.32334195115,0.326776834272,0.329750684829,0.332471157984,0.335555503949,0.338020694609,0.340804035841,0.343829323915,0.346614570241,0.349923717209,0.352846130248,