# R script for Peak Model
#  -- generated by MACS
p <- c(0.0146302593273,0.0169297809616,0.0194249618017,0.0216992370869,0.0240282127952,0.0238136188275,0.0237568145419,0.02373787978,0.0238683192506,0.0237000102563,0.0235317012621,0.0236284789338,0.0235443244366,0.0235632591985,0.02373787978,0.0238430729015,0.023811514965,0.0238451767639,0.0237904763408,0.0241376136414,0.0241376136414,0.0242596376623,0.0242932994611,0.0245226204658,0.0245247243283,0.0246341251746,0.0246088788254,0.024650956074,0.0247077603596,0.024650956074,0.0247182796717,0.0245815286138,0.0245794247514,0.0244216350693,0.0243921809953,0.0242701569744,0.024341688297,0.0243164419479,0.0242954033236,0.0242659492496,0.0241523406784,0.0241144711547,0.0241712754403,0.024194417927,0.0242659492496,0.024371142371,0.0244700239051,0.0245710093017,0.0245710093017,0.0245457629526,0.0247182796717,0.0248255766555,0.0247940187191,0.02476877237,0.0246446444867,0.0246004633757,0.0245857363387,0.0245289320531,0.0245499706774,0.0247309028463,0.024695137185,0.0246762024231,0.024665683111,0.0248234727931,0.024857134592,0.024886588666,0.024930769777,0.0249812624752,0.0250422744857,0.025004404962,0.025019131999,0.025048586073,0.02506331311,0.0251727139562,0.0252253105169,0.0252484530037,0.0251600907817,0.0252421414164,0.0252673877655,0.0251790255435,0.0251664023689,0.0252863225274,0.0252421414164,0.0252673877655,0.0252610761782,0.0253767886118,0.0254630469714,0.0254925010454,0.0256187327911,0.0257028872882,0.0257786263356,0.0257155104628,0.025942727605,0.025957454642,0.0261762563346,0.0261026211496,0.0261236597739,0.0260584400386,0.0260374014143,0.0260226743773,0.0260668554883,0.0261678408849,0.0260857902502,0.0259890125785,0.0259069619438,0.0259469353299,0.0259511430548,0.0262141258583,0.0261068288745,0.0262730340063,0.026443446863,0.0265528477093,0.0267358837406,0.026929439084,0.0267989996134,0.026944166121,0.0270451515175,0.0269631008828,0.0271229944274,0.027106163528,0.0269862433695,0.0268515961741,0.0270114897187,0.0271377214644,0.0274364699292,0.0275627016749,0.0277057643201,0.0278614501398,0.0279519162242,0.0280550054832,0.0281139136312,0.0283853118845,0.0283453384983,0.0283853118845,0.0284926088683,0.0285073359053,0.0285978019897,0.0286125290267,0.0287682148464,0.0288123959574,0.0290122628881,0.0291658448454,0.0291405984963,0.0291574293957,0.0292436877553,0.0294540739981,0.0295655787068,0.0296665641034,0.0297549263254,0.0298411846849,0.0300284284411,0.0300705056896,0.0303019305568,0.030440785477,0.0304891743129,0.030470239551,0.0305501863233,0.0306385485453,0.0308636618252,0.0310319708194,0.0312192145756,0.0313643810831,0.0315326900774,0.031722037696,0.0319766050498,0.0321869912926,0.0323763389112,0.0326582564766,0.0326414255772,0.0329338624547,0.0328980967935,0.0329969783276,0.0330074976397,0.0330096015022,0.0330516787507,0.033234714782,0.0334093353636,0.0334030237763,0.0336070984318,0.0334577241994,0.0336933567914,0.0336891490665,0.0339731704944,0.0341856605997,0.0343623850436,0.0344991361015,0.0345643558368,0.03468848372,0.0348546888519,0.0350461403329,0.0352081377399,0.0354963668926,0.0355447557284,0.0357467265216,0.0357698690083,0.035778284458,0.0359066200661,0.0362453419171,0.0364241702235,0.0365861676305,0.0367123993762,0.0367565804872,0.0368786045081,0.0367965538733,0.0371815606977,0.0373603890042,0.0373982585279,0.0374214010146,0.0373982585279,0.0375055555117,0.0376128524956,0.0379052893731,0.0382461150865,0.0385532790011,0.0385027863028,0.0387194841329,0.0388478197411,0.0388562351908,0.0388541313284,0.0389908823862,0.0388688583654,0.0388814815399,0.0389025201642,0.0391444643435,0.0392138918036,0.0391171141319,0.0392727999516,0.0394642514326,0.0395042248187,0.0395946909032,0.0399649706906,0.0402090187323,0.0400322942883,0.0400322942883,0.0403478736525,0.0406213757682,0.0406192719058,0.040659245292,0.0408864624342,0.0410716023279,0.0408696315348,0.0407518152388,0.0409138126458,0.0408107233868,0.0407644384134,0.0408275542862,0.0410568752909,0.0410169019048,0.0412504306343,0.0414397782529,0.0417090726437,0.0418353043894,0.0421782339653,0.0423065695734,0.0424306974567,0.0425611369273,0.0426663300487,0.0428746124291,0.0429734939632,0.0429461437517,0.0431754647564,0.0434426552848,0.0434132012108,0.0437771694109,0.0439749324792,0.0440359444896,0.0441579685104,0.044303135018,0.0443830817903,0.0446439607314,0.04498057872,0.0450710448044,0.0452414576611,0.0451657186137,0.0452077958622,0.0454665709409,0.0455591408878,0.0460051597226,0.0463964781343,0.046684707287,0.0466447339009,0.0470108059634,0.04725906173,0.0475893681312,0.0479428170192,0.0484077706159,0.0488222315143,0.0490894220427,0.0493229507722,0.0495775181261,0.0498636434164,0.0501813266431,0.0506610072767,0.0511007145243,0.0514562672747,0.0514436441001,0.0517318732528,0.0520853221408,0.0522578388599,0.0525397564253,0.0531688112914,0.0536695305494,0.0539367210778,0.0545510489069,0.0551464419742,0.0559942985328,0.0566549113353,0.0570230872603,0.0577426082108,0.0584137403255,0.0586683076794,0.0590322758795,0.0597623161421,0.06004633757,0.0604039941828,0.0608542207425,0.0612329159796,0.0616999734387,0.0621565115857,0.0625436222725,0.0631979234878,0.0635050874023,0.0641215190939,0.0646979773993,0.0652344623185,0.0656131575556,0.0662590433212,0.0666924389814,0.0672015736891,0.0676749427355,0.068335555538,0.0692465279695,0.0696673004552,0.0702626935225,0.070864398177,0.071689112249,0.0723707636758,0.073216516372,0.0738813368994,0.0748680483783,0.0753687676363,0.0757495667358,0.0764206988505,0.0773295674196,0.0781395544545,0.0786024041888,0.0792524976792,0.0800183036031,0.0805106074114,0.0811038966162,0.081888637302,0.0827890904214,0.0832961212666,0.083902033646,0.0846404893584,0.0855346308905,0.0862772943277,0.0869189723684,0.0879603842705,0.0884547919412,0.0892942330501,0.0900642466989,0.0911771899236,0.0920839546302,0.0925994009252,0.0933062987011,0.0941204934609,0.0950693354162,0.0958645954141,0.0967860871578,0.0975813471557,0.0986942903804,0.0994432654049,0.100108085932,0.101401961326,0.10229820672,0.103171309628,0.103989712113,0.104747102587,0.10569384068,0.10693301565,0.108003881626,0.108990593105,0.109905773261,0.110379142308,0.111569928442,0.112802791825,0.114027239759,0.115079170973,0.116248918483,0.117025243719,0.117595390437,0.118535816943,0.119684525829,0.120860584926,0.121512782279,0.122202849156,0.123012836191,0.124308815447,0.125754168935,0.126926020308,0.128009509458,0.129013051837,0.129917712681,0.131281015534,0.132861016218,0.134053906215,0.135436143831,0.136454413246,0.13728964663,0.138135399326,0.139345120223,0.140832550959,0.142244242649,0.143300381588,0.144230288781,0.145214896398,0.146374124596,0.147613299566,0.148608426495,0.15030203575,0.151644299979,0.152666777119,0.154076364946,0.155597457482,0.156939721712,0.158915248532,0.159944037259,0.161801747784,0.163850909789,0.165115331108,0.166890990998,0.168771844009,0.170400233529,0.171643616224,0.173469768812,0.17499296521,0.176943245681,0.178577946788,0.179920211017,0.181937815086,0.183559893019,0.185367110845,0.187014435126,0.189116193692,0.190694090513,0.192736940931,0.194678805953,0.196553347377,0.198526770334,0.200325572711,0.202311618843,0.204076759421,0.206132233013,0.208181395019,0.210584005912,0.212292342204,0.2146107986,0.216628402669,0.218677564674,0.22077090779,0.223125129848,0.225637141587,0.228041856343,0.23032665094,0.232739781146,0.235733577381,0.237629157429,0.239991794937,0.242691050432,0.245445006351,0.247784501371,0.250264955175,0.252503464798,0.255413106537,0.258451083884,0.260777955729,0.263826452388,0.266940168782,0.270173805335,0.272748932947,0.275807948918,0.278557697112,0.281524143136,0.284181321383,0.286684917673,0.289514612639,0.292918662049,0.295222391408,0.297494562831,0.300307426897,0.302888866097,0.305756430587,0.308950093753,0.3116241029,0.314369643369,0.317052067965,0.319099126108,0.322572602977,0.325522218102,0.328541260687,0.331808559038,0.334657188766,0.337436391034,0.34087199838,0.343834236679,0.347156235454,0.350385664281,