# R script for Peak Model
#  -- generated by MACS
p <- c(0.0135672759799,0.0158900780932,0.0180881015806,0.0203461147919,0.0227720992305,0.0227385049851,0.0226641177273,0.0226353226598,0.0227505029299,0.022683314439,0.0226545193714,0.0226353226598,0.0226905132058,0.0226041280033,0.0223977633527,0.0225921300585,0.0226353226598,0.0226473206046,0.022618525537,0.0227792979974,0.022743304163,0.0226905132058,0.0226881136169,0.0228368881324,0.0230192568934,0.0229736647031,0.0230960437401,0.0232856112679,0.0232880108569,0.0231824289427,0.0233360026361,0.0234535824951,0.0233863940043,0.0235375681087,0.0235375681087,0.023400791538,0.0234679800289,0.0234487833172,0.0235303693419,0.023523170575,0.0234415845503,0.0234055907159,0.0236263529003,0.0234871767406,0.0234487833172,0.0234799779737,0.0232856112679,0.0233551993478,0.0232760129121,0.0232856112679,0.0234415845503,0.0234727792068,0.0234535824951,0.0235159718081,0.023700740158,0.02388070933,0.024123067815,0.0239862912443,0.0240270842566,0.0240150863118,0.0238375167287,0.0237871253606,0.0238711109742,0.0239910904222,0.0238495146735,0.0237895249495,0.023760729882,0.0237847257716,0.0237847257716,0.0239287011092,0.0239982891891,0.0240366826124,0.0240150863118,0.0239287011092,0.0239023056307,0.0240222850787,0.0240942727475,0.0241278669929,0.0242334489071,0.0242166517844,0.0241278669929,0.0243198341097,0.0242982378091,0.0243222336987,0.0242718423305,0.0242550452078,0.0241614612383,0.0243222336987,0.0243438299993,0.0244398135577,0.0246749732758,0.024660575742,0.0246797724537,0.0247517601225,0.0249221309387,0.024902934227,0.0250661062763,0.0249893194295,0.024902934227,0.0248093502575,0.0247997519017,0.024840544914,0.0247925531348,0.0249101329939,0.0250037169633,0.0252124812028,0.0251356943561,0.0251356943561,0.0252532742151,0.0254836347553,0.0255796183137,0.0256324092708,0.0258219767987,0.0257979809091,0.0259035628233,0.0258363743324,0.025920359946,0.0260115443265,0.0261243250076,0.0261339233635,0.026222708155,0.0263066937686,0.0263714826705,0.026460267462,0.0264362715724,0.0265658493763,0.0266786300574,0.0268777959411,0.0269713799105,0.0270889597695,0.0270697630579,0.027120154426,0.0273337178435,0.0274129042791,0.0275136870155,0.0276408652303,0.0278088364576,0.0278496294699,0.0279768076848,0.0280943875438,0.0283367460288,0.0284183320534,0.028319948906,0.0283679406852,0.0285215143787,0.0285239139676,0.0285503094462,0.0286558913604,0.0286031004033,0.02867988725,0.0287878687532,0.0287470757409,0.0288742539558,0.0290278276492,0.0290686206616,0.0292101964102,0.0293637701036,0.0296253253003,0.0299612677547,0.029944470632,0.0301028435033,0.0303667982889,0.0304579826694,0.030539568694,0.0308107222465,0.0308035234796,0.0310578799094,0.0311154700444,0.0311922568912,0.0315785907137,0.0315114022228,0.031739363174,0.0319985187817,0.0320945023401,0.0320777052174,0.0325072316412,0.0324952336964,0.0326080143776,0.0326632049236,0.0327855839606,0.0331167272371,0.0332367066851,0.0334286738019,0.0336734318758,0.0337910117349,0.0338869952933,0.0340429685757,0.0342565319931,0.0346404662267,0.0348828247117,0.0349908062149,0.035103586896,0.0351947712765,0.0353603429147,0.0356075005776,0.0356386952341,0.0357946685165,0.0357970681054,0.0357514759152,0.0359170475534,0.0360226294677,0.0362241949403,0.0362529900078,0.0363657706889,0.0364257604129,0.0366993135544,0.0366225267077,0.0368744835485,0.0368264917693,0.0368312909472,0.0369944629965,0.0370424547757,0.0371528358678,0.0373352046288,0.0375319709235,0.0374863787333,0.0375919606475,0.0376303540709,0.0378463170773,0.037860714611,0.0379327022798,0.0381798599427,0.0381078722739,0.0379926920038,0.0380790772064,0.0383598291147,0.0385925892438,0.0387557612931,0.0388397469067,0.0389093349866,0.0388877386859,0.0389597263547,0.0395164309934,0.039660406331,0.039900365227,0.039965154129,0.0400635372763,0.0401883159022,0.0404042789086,0.040625041093,0.040805010265,0.040864999989,0.0408889958786,0.0412585325784,0.0412633317563,0.04146249764,0.0417912413275,0.0418656285853,0.0420575957021,0.0418776265301,0.0419208191314,0.0421031878923,0.0422831570643,0.0424055361013,0.042484722537,0.0424943208928,0.0425615093837,0.0427630748563,0.0426694908869,0.0428206649914,0.0433365766178,0.043382168808,0.0434397589431,0.0434877507223,0.0438356911215,0.043922076324,0.0440132607045,0.0442196253551,0.0445147747971,0.0450114897119,0.0449850942333,0.0450882765586,0.0452178543624,0.0453258358656,0.0452466494299,0.0453930243565,0.0456665774979,0.0458489462589,0.0459209339277,0.0460385137867,0.0460337146088,0.0464632410327,0.0464632410327,0.0468447756773,0.0472359086778,0.0474782671627,0.0477926133165,0.0481285557709,0.0484740965812,0.0487668464343,0.0492923564165,0.049443530521,0.0501418109084,0.0505137471972,0.0507345093815,0.0510968473144,0.0513224086767,0.0515527692168,0.0519774964628,0.0523926253528,0.0527981558871,0.0533956535381,0.0536692066796,0.0539763540665,0.0547058291103,0.0554257057983,0.0559368182468,0.0564095372719,0.0569230493093,0.0574101658682,0.0582452228263,0.0586963455508,0.0593538329258,0.0599105375646,0.0599033387977,0.0603256664546,0.0607959858908,0.0614318769652,0.0620869647513,0.062581280077,0.0626076755556,0.0633107551209,0.063723484422,0.0642082013919,0.0648968834235,0.0653672028596,0.0660414873574,0.0667493661006,0.0671404991011,0.0677307979852,0.0685058652193,0.0690001805451,0.0696192744968,0.070267163516,0.0710710258176,0.0716877201803,0.0722660211196,0.0725275763163,0.0730050945193,0.0736193892931,0.074284075435,0.0747615936381,0.0753830871787,0.0762253429037,0.0769596171254,0.0776602971017,0.0783441799554,0.0789848702077,0.0800550868838,0.0809789286334,0.0815980225851,0.0822363132485,0.083044974728,0.0836352736122,0.0843191564658,0.0851710105466,0.0859628749034,0.0868315261069,0.0875130093715,0.088146500857,0.0888159861768,0.0899101987426,0.0908556367928,0.0915587163581,0.0925065539973,0.0932576253418,0.0938335266922,0.0948605507671,0.0956980073141,0.0963195008548,0.0976344756049,0.0979464221697,0.0986591000908,0.099669327043,0.10041559921,0.101284250413,0.102368864623,0.103127134734,0.104017382238,0.104982017,0.105632305609,0.106932882825,0.107849525808,0.108938939195,0.109757199031,0.110808218995,0.111614480886,0.112516726335,0.113716520815,0.115098684056,0.116156902787,0.11721272193,0.118076573955,0.118566090103,0.119809077184,0.12092728564,0.122146276831,0.12339646268,0.124279511417,0.125028183172,0.1255872874,0.126513528739,0.127864497323,0.12946262357,0.130312078062,0.131161532554,0.132296538132,0.133371553986,0.134350586282,0.135835931848,0.13765482028,0.138929002018,0.139716067197,0.140738292094,0.14213005369,0.143461825563,0.144748005246,0.145595060149,0.147193186396,0.148174618281,0.149240035779,0.1503222504,0.151992364316,0.153434517281,0.154883869013,0.156474796493,0.157962541648,0.15957506543,0.160916435658,0.162646539298,0.164232667601,0.165960371652,0.167671278581,0.169274204006,0.170937119155,0.172580837593,0.173862218097,0.175429149688,0.177212044286,0.179042930662,0.18087141745,0.182627916568,0.184022077754,0.185598607701,0.186973572175,0.188619690202,0.190764922732,0.192713388967,0.194217931245,0.195763266535,0.197536562777,0.199506625313,0.201997398654,0.204044248036,0.206753383972,0.208826628834,0.21082068726,0.213215477042,0.215221533412,0.217669114151,0.219600783264,0.221909187844,0.223996830239,0.226705966175,0.22900237281,0.231404361359,0.234055907159,0.236832231586,0.239817320252,0.242555251256,0.244986034872,0.247591988483,0.249895593884,0.252367170513,0.254644380436,0.257394309384,0.259923476148,0.262291870452,0.264540285307,0.26707185166,0.270013747725,0.272446930931,0.275489609732,0.277687633219,0.281066254475,0.283806585067,0.286532518126,0.289445619123,0.2931457853,0.295883716303,0.29884480908,0.302103450887,0.305011752707,0.308572742723,0.311121106199,0.313691065975,0.317192066268,0.319937196038,0.322379977599,0.325302676953,0.32897644765,0.331971134673,0.335162587989,0.338082887754,0.341600685169,0.345418431204,0.348048380705,0.351558979353,0.355033584167,