# R script for Peak Model
#  -- generated by MACS
p <- c(0.0192787710291,0.0224660809039,0.0256572635733,0.0287477535855,0.0319234450769,0.0320783568569,0.0318382435978,0.0316252399003,0.0317104413793,0.0319156994879,0.0319002083099,0.0318033884473,0.0316717134343,0.0317220597628,0.0318227524198,0.0317336781463,0.0317724060913,0.032093848035,0.032140321569,0.0320318833229,0.032186795103,0.0323649436501,0.0325779473477,0.0327289863332,0.0327134951552,0.0329574812088,0.0329962091538,0.0330697922494,0.0329923363593,0.0329729723868,0.0331472481394,0.0330736650439,0.0332401952074,0.0333718702205,0.0332247040294,0.0332285768239,0.0333951069875,0.033344760659,0.033313778303,0.0332634319744,0.0331704849064,0.0333563790425,0.0332401952074,0.0332711775634,0.0333331422755,0.0331201385779,0.0330271915098,0.0329613540033,0.0328877709078,0.0329187532638,0.0326825127992,0.0325082370466,0.0324850002796,0.0324307811566,0.0324966186631,0.0326321664707,0.0326825127992,0.0325624561696,0.0325198554301,0.0324811274851,0.0326515304432,0.0327599686892,0.0327444775112,0.0326554032377,0.0327638414837,0.0327406047167,0.0325159826356,0.0325469649916,0.0325004914576,0.0325547105806,0.0325198554301,0.0323649436501,0.032310724527,0.03213257598,0.032101593624,0.0319273178714,0.0320667384734,0.0319583002274,0.032194540692,0.0321441943635,0.0322371414315,0.0323610708556,0.032264250993,0.032302978938,0.0322603781985,0.0323997988006,0.03213257598,0.0323494524721,0.0324307811566,0.0324191627731,0.032256505404,0.032271996582,0.0323843076226,0.0322061590755,0.0320396289119,0.0320202649394,0.032225523048,0.0323223429105,0.032256505404,0.03221003187,0.0324307811566,0.0324230355676,0.0323417068831,0.0325004914576,0.0325547105806,0.0324036715951,0.0324307811566,0.032248759815,0.0322216502535,0.0324423995401,0.0322758693765,0.0321364487745,0.032155812747,0.0325121098411,0.0327793326617,0.0331085201944,0.0332092128514,0.0331666121119,0.0330155731263,0.0329884635648,0.0332092128514,0.033298287125,0.0335964923016,0.033391234193,0.0332518135909,0.0331278841669,0.0329884635648,0.0331511209339,0.033360251837,0.03341447096,0.03349192685,0.0336003650961,0.033383488604,0.033453198905,0.0335926195071,0.0337707680542,0.0339721533682,0.0339372982177,0.0339101886562,0.0342355033943,0.0340418636693,0.0343710512019,0.034549199749,0.0346305284335,0.034649892406,0.0347157299126,0.0348009313916,0.0350681542122,0.0351262461297,0.0348241681586,0.0351030093627,0.0349984439112,0.0350178078837,0.0350216806782,0.0351727196637,0.0355251439634,0.035714910894,0.0355871086754,0.035753638839,0.0359434057696,0.0359356601806,0.0361680278507,0.0364894697943,0.0366637455469,0.0366250176019,0.0363771587537,0.0364197594933,0.0363887771373,0.0363926499318,0.0365010881778,0.0366056536293,0.0364468690548,0.0363655403702,0.0365320705338,0.0367760565874,0.036865130861,0.0370316610245,0.0375738522547,0.0377752375688,0.0378681846369,0.0379107853764,0.038123789074,0.0383174287991,0.0384491038121,0.0385614148527,0.0387434361942,0.0388247648788,0.0385652876472,0.0388170192898,0.0389215847413,0.0393166097805,0.0396767796691,0.0397968362987,0.0398084546822,0.0399594936677,0.0400950414753,0.0401027870643,0.040509430487,0.0403583915014,0.0404978121035,0.0404823209255,0.0402383348719,0.0400330767633,0.0403351547344,0.0403274091454,0.040478448131,0.040555904021,0.0405442856375,0.0407069430066,0.0409238194987,0.0408773459646,0.0411019680457,0.0414117916059,0.0410322577447,0.0411058408402,0.0409509290602,0.0411252048127,0.0411716783468,0.0414931202904,0.0415395938244,0.041806816645,0.0417332335495,0.0418029438505,0.0421747321227,0.0422792975742,0.0422831703687,0.0424497005323,0.0427324145309,0.0427324145309,0.0426084851069,0.0425039196553,0.0426123579014,0.0427633968869,0.0426859409969,0.0429841461735,0.0432203866381,0.0432591145831,0.0428950719,0.0429299270505,0.042988018968,0.0433520616512,0.0435999204993,0.0435534469653,0.0437625778683,0.0435302101982,0.0435805565268,0.0433365704732,0.0435883021158,0.0433752984182,0.0437393411013,0.0436618852113,0.0434566271027,0.0435457013763,0.0435185918147,0.0435263374037,0.0436425212388,0.0439949455384,0.0441963308525,0.0444558080841,0.0441266205515,0.0441421117295,0.0444635536731,0.0444248257281,0.0445293911797,0.0448430875343,0.0450057449034,0.0451219287384,0.0451180559439,0.045249730957,0.0456253920236,0.0456099008456,0.0454704802436,0.0457067207082,0.0460320354463,0.0460901273638,0.0460475266243,0.0460746361858,0.0461792016374,0.0462450391439,0.0465122619645,0.0466633009501,0.0468685590586,0.0472016193858,0.0470467076057,0.0470583259892,0.0472326017418,0.0473449127823,0.0474301142614,0.0474920789734,0.047627626781,0.047627626781,0.0480962349157,0.0482937474352,0.0487197548304,0.0491302710476,0.0494400946077,0.0496956990448,0.050206907919,0.0508304278338,0.0509892124084,0.0517792624867,0.0521626691424,0.0525189662365,0.0529023728922,0.0531928324798,0.0537853700385,0.0545909112949,0.0553151238667,0.0560083540825,0.0565079445732,0.0566706019423,0.0573444681855,0.0577046380742,0.0582623204824,0.0591646816013,0.0598424206391,0.0601561169937,0.0603575023078,0.0606866898404,0.0611824075366,0.0619143656975,0.0621234966005,0.0627896172548,0.0633666636356,0.0634557379091,0.0637887982362,0.0642109328369,0.0645439931641,0.0649273998197,0.0652720785304,0.0654579726664,0.0660660014032,0.0661357117042,0.0662828778953,0.0668792882485,0.066914143399,0.0675028081633,0.0683354589811,0.0691100178815,0.0696134811667,0.0702524922594,0.070496478313,0.0714569313495,0.0723089461398,0.0728782469315,0.0738735551185,0.0743770184037,0.0747952802098,0.0748804816889,0.0758370619308,0.0766697127486,0.0772428863349,0.0779516077287,0.0782730496723,0.0791405556407,0.079853149829,0.0805270160723,0.0809801330289,0.0818515117918,0.0827693640887,0.0834238663595,0.0841403333423,0.0848413091471,0.0857669070329,0.0862664975237,0.0867196144803,0.0876219755992,0.0884623720061,0.0892446764954,0.0891401110439,0.0898875603827,0.0907860487071,0.0913398583208,0.0921686363441,0.0927882834644,0.0937835916513,0.0943916203881,0.0951816704664,0.0957819536141,0.096723042678,0.0972497427303,0.0978151707275,0.0984619274093,0.0993836525007,0.10012335625,0.100944388685,0.101482707121,0.102307612349,0.103759910287,0.104778455241,0.106238498769,0.107140859887,0.108225242348,0.108624140182,0.109669794697,0.110510191104,0.111737866961,0.112609245724,0.113008143557,0.114088653223,0.114855466535,0.116172216665,0.117217871181,0.118608204407,0.119684841278,0.120567838425,0.120997718614,0.121714185597,0.122694002606,0.123565381369,0.124274102763,0.125540506565,0.126446740478,0.127267772912,0.128356028167,0.129603067997,0.131496864508,0.133084710254,0.133816668415,0.135133418545,0.136492769415,0.137340911411,0.138680898309,0.139656842523,0.140388800684,0.141872080978,0.142871261959,0.144091192227,0.145988861533,0.147189427829,0.148564269877,0.149931366336,0.151387537068,0.153416881387,0.155279695543,0.156085236799,0.157219965588,0.15868388191,0.159675317302,0.160953339487,0.162301071974,0.163912154487,0.165782714231,0.167052990828,0.168687310107,0.170701163248,0.172885419347,0.174508120243,0.176095965989,0.178446752251,0.180119799476,0.181514005497,0.183016649763,0.185197033068,0.187059847223,0.188461798832,0.190549235069,0.192737363962,0.195270171566,0.197160095283,0.199208803574,0.20212114504,0.204340256289,0.206416074142,0.208654549364,0.211299668009,0.213549761614,0.21555974196,0.217957001757,0.220501427744,0.223026489759,0.225466350296,0.22818892483,0.230318961806,0.232983444423,0.235605326301,0.238157497877,0.240833598878,0.243323805742,0.245473206691,0.248091215774,0.249826227711,0.251871063208,0.254980917192,0.257962968959,0.260313755221,0.262470901759,0.26564659325,0.268222001593,0.271242781305,0.274681822822,0.278287394503,0.28173418161,0.28468525102,0.286668121805,0.290002597871,0.293205398923,0.296470164688,0.299111410538,0.302159299811,0.304548814019,0.306849253953,0.309525354953,0.312685555267,0.316016158538,0.318955609565,0.321840841468,0.324253592443,