# R script for Peak Model
#  -- generated by MACS
p <- c(0.0135856419035,0.0158443856729,0.0181107862008,0.0205252173939,0.0228273494617,0.0227507818763,0.0227635431405,0.0228605287487,0.0228911557829,0.0230468432065,0.0229804846325,0.0231106495277,0.0230927837577,0.0229396485869,0.0229396485869,0.022988141391,0.0230442909537,0.0230774702407,0.0231821126074,0.0231463810675,0.0231412765618,0.0230468432065,0.0230698134821,0.0231132017805,0.0230596044707,0.0232101873887,0.0231540378261,0.0231463810675,0.0232076351359,0.0232280531586,0.0232331576643,0.0232816504684,0.0233735315709,0.0234169198693,0.0234500991563,0.0234041586051,0.0234628604205,0.0234756216848,0.0235036964661,0.0234449946506,0.023638965867,0.0235266667417,0.0235853685572,0.0236440703727,0.0236364136141,0.023672145154,0.0236593838897,0.0236644883954,0.0236185478442,0.0237359514751,0.0236798019125,0.023904400163,0.0239350271972,0.0240447740696,0.0242106705046,0.0241136848965,0.0243612534226,0.0244225074909,0.0243765669397,0.0243433876527,0.0244684480422,0.0244735525479,0.0244888660649,0.0244301642495,0.0243969849625,0.0244454777665,0.0241928047347,0.0243178651242,0.0244276119966,0.0244735525479,0.0242974471014,0.0243331786413,0.0241289984135,0.0240677443452,0.0241749389648,0.0242795813315,0.024338283147,0.0242310885274,0.0241570731949,0.0240600875867,0.0241596254477,0.0242055659989,0.0244531345251,0.0244582390308,0.0244480300194,0.0244735525479,0.0245450156276,0.0245399111219,0.0246420012357,0.0247925841537,0.0249993166343,0.025037600427,0.0250529139441,0.0253387662629,0.0253183482401,0.0253106914816,0.0254127815955,0.0255684690191,0.0256603501216,0.0257113951786,0.0256067528118,0.0255276329736,0.0255939915476,0.0254791401695,0.0256246185818,0.0257522312241,0.0258160375453,0.0258160375453,0.0258926051307,0.0259053663949,0.0259257844177,0.0260304267844,0.0260661583243,0.0261478304154,0.0261810097024,0.0262218457479,0.0262933088276,0.0263826376773,0.0263264881146,0.0265638476294,0.0266251016977,0.0267909981327,0.0269849693491,0.0270564324288,0.027219776611,0.0271661793012,0.0272376423809,0.0271942540825,0.0275745397567,0.0276842866291,0.0279267506496,0.0280237362577,0.0280339452691,0.0281436921415,0.0282100507156,0.0283938129205,0.0285597093556,0.0287434715605,0.0287613373305,0.0287715463419,0.028835352663,0.028934890524,0.0290956824534,0.0290803689363,0.0291390707518,0.0293611167495,0.0294427888406,0.0293917437836,0.0293560122438,0.0295601924715,0.0296061330228,0.0296929096195,0.0296827006082,0.0299047466058,0.0299966277083,0.0302212259588,0.0304458242093,0.0308797071933,0.0309333045031,0.0309077819746,0.0311961865463,0.0314692776009,0.0316658010701,0.0319031605849,0.0320307732272,0.0320486389971,0.032018011963,0.0320741615256,0.0324136111542,0.032500387751,0.0326126868763,0.0325973733592,0.0327734788056,0.032934270735,0.0332201230538,0.0332711681107,0.0335366024068,0.0336361402678,0.0337484393931,0.0341414863315,0.034399263869,0.034616205361,0.0346544891537,0.0346315188781,0.0348076243245,0.0350551928506,0.0350015955409,0.0351777009873,0.0354074037435,0.0354610010533,0.0355043893517,0.0355579866615,0.0359357200828,0.0361245867935,0.0360352579438,0.0360352579438,0.0362368859187,0.0363440805383,0.036382364331,0.0364870066977,0.0365584697774,0.0366452463742,0.0365967535701,0.0367116049482,0.0370051140256,0.0373751906884,0.0376916700414,0.0379800746131,0.0382097773693,0.0384547936426,0.0386462126061,0.038697257663,0.0389065423965,0.0393455298861,0.0394910082984,0.0394680380227,0.0394501722528,0.039396574943,0.0392077082324,0.0393429776333,0.0393046938406,0.0397156065489,0.0398508759498,0.0398917119953,0.0400244291433,0.0402030868426,0.0404455508631,0.0406727013664,0.0409049563755,0.0409406879153,0.0409662104438,0.0410657483048,0.041129554626,0.0410606437991,0.0411244501203,0.0410861663276,0.0413337348538,0.0415200493116,0.0415838556327,0.0417191250336,0.0421683215347,0.0421172764777,0.0422270233501,0.0424643828649,0.0426149657828,0.0427808622179,0.0426251747942,0.042528189186,0.0428880568374,0.0428089369992,0.0426328315528,0.0428676388147,0.0429901469513,0.0430131172269,0.0431739091563,0.0434903885093,0.0436231056573,0.043845151655,0.0441565265023,0.0444347220626,0.0446848428416,0.0447690671855,0.0449553816433,0.0450140834588,0.0449502771377,0.0450574717572,0.0451212780784,0.0454301006728,0.0453688466045,0.045527086281,0.0457082962331,0.0460860296545,0.0461472837228,0.0464714198343,0.0468491532557,0.0470456767249,0.0474693506974,0.0475203957544,0.0478904724172,0.0481329364376,0.0484570725491,0.0486944320639,0.049192121369,0.0494396898952,0.0497229899611,0.0498123188108,0.0500113945328,0.0503278738858,0.0504146504826,0.0507847271454,0.0512364758993,0.0514202381043,0.0515733732751,0.0518362553183,0.0522395112681,0.0526274537008,0.0530970682246,0.0534824584045,0.0538168035274,0.0542711045341,0.0549142722515,0.0553073191899,0.0557871427251,0.0565630275905,0.0569611790346,0.0575966899935,0.0580739612758,0.0586788452005,0.0592275795626,0.0599779418995,0.060187226633,0.0607665880292,0.0614429350336,0.0619406243387,0.0625199857349,0.0630763768555,0.0636608427575,0.0642427564065,0.0650747908346,0.0650314025362,0.0656822270121,0.0662437226384,0.0666265605654,0.0669149651371,0.0676219391757,0.0682370321118,0.0687576916925,0.0690129169772,0.0693293963302,0.0701997145509,0.0705493731909,0.0710598237603,0.07184846989,0.0725758619513,0.0729612521312,0.0735278522632,0.0742884236115,0.075296563486,0.0762051654994,0.076812601677,0.0774327991187,0.0782597290411,0.0788952399999,0.0795511689816,0.0802964268128,0.0811744017921,0.0817690767054,0.0824045876643,0.0829711877963,0.0836832663405,0.0845331665385,0.085457082069,0.0861870263832,0.0869373887202,0.0877132735856,0.0880833502484,0.0888286080797,0.0897831506444,0.0903420940178,0.0915314438444,0.0922154476073,0.092470672892,0.0931776469306,0.0940377561399,0.0945839382492,0.0955384808139,0.0963067089207,0.0971540568659,0.0981060471777,0.0985246166446,0.0996629214143,0.100691479312,0.101602633578,0.102360652673,0.103595943051,0.104731695568,0.105793432752,0.106582078882,0.107444740344,0.10849882077,0.109591184988,0.110548279806,0.11159215122,0.112671754174,0.113764118393,0.114649750131,0.115440948513,0.116201519861,0.117281122816,0.118363278023,0.119157028658,0.12005542166,0.121275398521,0.122388180762,0.123332514315,0.124218146053,0.125550422039,0.126915877312,0.127954644221,0.128901530027,0.129861177097,0.131216423359,0.132096950591,0.133112747224,0.133985617698,0.135093295433,0.135958509148,0.136604229119,0.137773160923,0.138755778269,0.140054874968,0.140907327418,0.142168140325,0.143533595598,0.145154276155,0.146448268349,0.147568707349,0.149112820321,0.150105646678,0.152027493072,0.152885050028,0.154510835092,0.155922230916,0.156945684308,0.157910435884,0.159227398353,0.160911885232,0.1620935783,0.163885259798,0.164893399673,0.16688160464,0.168515046462,0.169308797097,0.171029015516,0.172695636625,0.174237197345,0.175653697675,0.177225885428,0.178923133571,0.180518291601,0.182085374848,0.183729025682,0.185987769451,0.187756480674,0.189382265737,0.19153636714,0.193348466661,0.195313701353,0.197158980162,0.199570859102,0.201436555933,0.203299700511,0.205203681135,0.207766142993,0.209971289453,0.211964598926,0.214141670604,0.216295772007,0.218286529227,0.219942941325,0.222262939163,0.224511473921,0.227252593478,0.229245902951,0.231660334145,0.233982884235,0.236550450599,0.238804089863,0.241330820181,0.243826923465,0.245947845581,0.24850265068,0.250766498956,0.253030347231,0.255705108214,0.258206316004,0.26086576347,0.263851899301,0.266473062975,0.269244809566,0.272542320244,0.274852109071,0.277669796214,0.280214392302,0.283157139834,0.285589436797,0.28833566086,0.290734778536,0.293256404349,0.29606388248,0.29891474891,0.302207155083,0.304389331267,0.307138107583,0.309866465876,0.313046572923,0.315935723145,0.318909097712,0.322390370595,0.324942623442,0.327640354701,0.330680087841,0.334125629185,0.337708992181,0.340049408042,0.342803288864,0.345702648098,