# R script for Peak Model
#  -- generated by MACS
p <- c(0.0469702272107,0.0553908764969,0.0629231086565,0.0704939676477,0.0778201900389,0.0780519510284,0.0776914339336,0.0781678315232,0.0782193339653,0.077897443702,0.0778201900389,0.0773437924493,0.0780777022494,0.0785154730074,0.0790047462076,0.0786184778917,0.0797129047867,0.0791463779234,0.0796098999024,0.0795841486814,0.0800219194394,0.0798545365025,0.0797129047867,0.0789403681549,0.079185004755,0.0792236315866,0.0787858608286,0.0786184778917,0.0787343583864,0.078528348618,0.0782450851863,0.0781034534705,0.0774854241651,0.0785412242285,0.0782708364074,0.0782450851863,0.078116329081,0.0779875729757,0.0777429363757,0.0776013046599,0.0775626778283,0.0784382193443,0.07833521446,0.0777944388178,0.0776399314915,0.0774725485546,0.0773051656177,0.0779231949231,0.0775498022177,0.0774210461125,0.0779360705336,0.0776656827125,0.0783738412916,0.078309463239,0.0782837120179,0.0781420803021,0.0782193339653,0.0780519510284,0.0785669754496,0.079210755976,0.0787987364391,0.0784124681232,0.0782322095758,0.0781034534705,0.0787601096075,0.0794553925761,0.0794425169655,0.079403890134,0.0789789949865,0.0783867169021,0.0785669754496,0.0785669754496,0.0782965876284,0.0783867169021,0.0777815632073,0.0770605290176,0.0770347777966,0.0766871363123,0.0767901411965,0.0766871363123,0.0760819826174,0.0760047289542,0.0761721118911,0.0762879923859,0.0763523704385,0.0767643899755,0.0768416436386,0.0771377826808,0.0771377826808,0.0778330656494,0.0782322095758,0.0781678315232,0.0783609656811,0.0780261998073,0.078116329081,0.0776270558809,0.0773952948914,0.0772794143966,0.0774210461125,0.0769188973018,0.0766098826491,0.0766227582596,0.076558380207,0.076803016807,0.0766613850912,0.0772794143966,0.0770605290176,0.0769446485229,0.0766871363123,0.0766742607018,0.0764553753228,0.076558380207,0.0762493655543,0.0761463606701,0.0758115947963,0.0756055850278,0.0759789777332,0.0766356338702,0.0766742607018,0.0765712558175,0.0766871363123,0.0768931460808,0.0767515143649,0.0767515143649,0.0764296241017,0.0767386387544,0.0770605290176,0.0766485094807,0.0764553753228,0.0769188973018,0.0773309168387,0.0769832753545,0.0770991558492,0.0767386387544,0.0771377826808,0.0767386387544,0.0759789777332,0.0756055850278,0.0763781216596,0.0762364899438,0.0762751167753,0.0760562313964,0.0767257631439,0.0770862802387,0.0772021607335,0.0776656827125,0.0783223388495,0.0789146169338,0.0783223388495,0.077652807102,0.0777300607652,0.0786571047233,0.07809057786,0.0782708364074,0.0783223388495,0.0778073144283,0.0773437924493,0.0768931460808,0.0769446485229,0.0773437924493,0.0769060216913,0.0758888484595,0.0766871363123,0.0766485094807,0.0764424997122,0.0762236143332,0.0761592362806,0.0764682509333,0.0764038728806,0.0769446485229,0.0771764095124,0.0775626778283,0.0764811265438,0.0764296241017,0.0764682509333,0.0770734046282,0.0774854241651,0.077215036344,0.0772021607335,0.0765197533754,0.0765197533754,0.0763137436069,0.0772021607335,0.0773952948914,0.078116329081,0.0778588168704,0.0780777022494,0.0782579607969,0.0786184778917,0.0777944388178,0.0778459412599,0.0779489461442,0.0769575241334,0.0767257631439,0.0764167484912,0.0762622411648,0.0761463606701,0.0758888484595,0.0750648093856,0.0760819826174,0.0758373460174,0.07590172407,0.076120609449,0.0762622411648,0.0765197533754,0.0764940021543,0.0765455045965,0.0764038728806,0.0773309168387,0.0772536631756,0.077433921723,0.0772794143966,0.077240787565,0.0777300607652,0.077678558323,0.0780261998073,0.078116329081,0.0787601096075,0.0781292046916,0.0787086071654,0.078528348618,0.0784768461759,0.0788502388812,0.0785669754496,0.0783995925127,0.0774854241651,0.0773309168387,0.0774467973335,0.0773695436703,0.0772021607335,0.077652807102,0.077871692481,0.0779875729757,0.0781935827442,0.0777944388178,0.078772985218,0.0784124681232,0.0783995925127,0.0785798510601,0.0782708364074,0.0774210461125,0.077215036344,0.0770476534071,0.0765068777649,0.0763523704385,0.0761077338385,0.0766227582596,0.0768158924176,0.0774725485546,0.0776141802704,0.0780648266389,0.0782708364074,0.0775626778283,0.07809057786,0.0783223388495,0.0781678315232,0.0776013046599,0.0765970070386,0.0759532265121,0.0760691070069,0.0762236143332,0.076339494828,0.0770090265755,0.0762236143332,0.0761463606701,0.0761592362806,0.0766871363123,0.0770862802387,0.0770476534071,0.0763909972701,0.0766485094807,0.0764811265438,0.0763652460491,0.0760819826174,0.0762493655543,0.0766485094807,0.0765841314281,0.0760176045648,0.0761978631122,0.076996150965,0.0770090265755,0.0770605290176,0.0771120314598,0.0777429363757,0.07809057786,0.0782965876284,0.0780519510284,0.0785412242285,0.0786699803338,0.0782450851863,0.078528348618,0.0786828559443,0.0790948754813,0.0788116120496,0.0787343583864,0.0785798510601,0.0789532437654,0.0795712730708,0.0798030340604,0.080060546271,0.0795841486814,0.0802021779868,0.0805369438605,0.0817215000292,0.083369578177,0.0845026319035,0.08514641243,0.0863567198198,0.087361017441,0.0888030858203,0.0907601786208,0.0914683371999,0.0927945250844,0.0933481763372,0.0926657689791,0.0927430226423,0.093296673895,0.0934769324424,0.0928975299686,0.0933481763372,0.0924468836001,0.0927430226423,0.0923567543264,0.0925370128738,0.0927816494739,0.0925112616527,0.0922923762738,0.0913267054841,0.092614266537,0.0928074006949,0.0930262860739,0.0924983860422,0.0921378689474,0.0920219884526,0.0922666250527,0.0923052518843,0.0925241372633,0.0927687738633,0.0918417299052,0.0905284176312,0.090425412747,0.0907215517892,0.0914812128104,0.091300954263,0.0911464469366,0.0922279982211,0.0925756397054,0.0926915202002,0.0927945250844,0.093052037295,0.0932065446213,0.0933095495056,0.0923052518843,0.092395381158,0.0930649129055,0.092614266537,0.0915584664736,0.091738725021,0.091519839642,0.0917516006315,0.0918159786842,0.0920091128421,0.0923825055475,0.0923181274948,0.0914039591472,0.0907473030102,0.0912752030419,0.0913782079262,0.0918674811263,0.0924468836001,0.0919318591789,0.0917000981894,0.0914812128104,0.0911593225472,0.0910176908314,0.0917129737999,0.0914812128104,0.0917516006315,0.0910048152208,0.0904769151891,0.0912752030419,0.0916099689157,0.0913910835367,0.0918932323473,0.0927687738633,0.0926271421475,0.0929490324107,0.0931807934003,0.0945584837269,0.0944297276216,0.0938760763689,0.0931421665687,0.0936829422109,0.0938503251478,0.0935670617161,0.0934769324424,0.0935799373267,0.0930262860739,0.0926915202002,0.0925627640949,0.0931679177897,0.0937988227057,0.0939919568636,0.0939404544215,0.0940177080847,0.0939018275899,0.0941078373584,0.0941979666321,0.0939404544215,0.0944683544532,0.09414646419,0.0933481763372,0.0931807934003,0.0935284348846,0.0930134104634,0.0922537494422,0.0916485957473,0.0915327152525,0.0919318591789,0.0918288542947,0.0916743469683,0.0929104055792,0.092858903137,0.092395381158,0.0925370128738,0.0927172714212,0.0926786445896,0.0930391616844,0.0922666250527,0.0916228445262,0.0915327152525,0.0903610346944,0.089987641989,0.0900005175995,0.0901550249259,0.0911721981577,0.0914812128104,0.0910691932735,0.0911464469366,0.0923310031053,0.093052037295,0.0936443153793,0.0939662056426,0.0932451714529,0.0933610519477,0.092858903137,0.092614266537,0.0925112616527,0.0930005348529,0.0929490324107,0.0927301470317,0.0926657689791,0.0925498884843,0.0933739275582,0.0938116983162,0.0940434593057,0.0944039764006,0.0951121349797,0.095240891085,0.0947258666638,0.094609986169,0.0940563349163,0.0944941056743,0.0941850910216,0.0938503251478,0.0936314397688,0.093489808053,0.0930906641266,0.0928460275265,0.092858903137,0.0928975299686,0.0937601958741,0.0939404544215,0.0944297276216,0.0946228617795,0.0956657862324,0.0958717960009,0.0960778057694,0.0965413277484,0.0965155765273,0.0964254472536,0.0958074179482,0.0955627813482,0.0952280154744,0.094803120327,0.0935284348846,0.0933481763372,0.0933095495056,0.0926786445896,0.0931550421792,0.0932194202319,0.093052037295,0.0929232811897,0.0931292909582,0.0936958178214,0.0938245739267,0.0944683544532,0.0943138471268,0.094828871548,0.0945584837269,