# R script for Peak Model
#  -- generated by MACS
p <- c(0.0137392937434,0.01599121265,0.0183777290086,0.020724556375,0.0229816521068,0.0230109874488,0.0229574935898,0.0230299691408,0.0229712984566,0.023185273893,0.023214609235,0.0232836335693,0.0232266884935,0.0232111580183,0.0232266884935,0.0233077920863,0.0234337614965,0.0234285846714,0.0234579200135,0.0233526579036,0.0234596456218,0.0235355723896,0.0234872553555,0.0235062370475,0.0236598161913,0.02356663334,0.0235856150319,0.0236322064576,0.0237340173507,0.0237875112098,0.0238444562856,0.0237875112098,0.0238686148026,0.0238410050689,0.0238341026354,0.0239341879202,0.0238962245363,0.023996309821,0.0240118402963,0.0241136511894,0.0240342732049,0.0240981207141,0.0241705962652,0.0241964803905,0.024208559649,0.0242827608084,0.0243845717015,0.0243034681087,0.0243517851427,0.0243914741349,0.0245019130698,0.0245105411116,0.0245157179367,0.0246537666053,0.0246744739056,0.0245761142292,0.0245881934877,0.0246296080883,0.0245450532788,0.0244915594197,0.0245381508453,0.0247038092477,0.0248504859581,0.0248573883915,0.0248642908249,0.0248746444751,0.0250506565275,0.0250592845693,0.025274985614,0.0253025953478,0.0252163149299,0.0251248576869,0.0250403028774,0.0250558333526,0.0249591992846,0.0250730894362,0.0249195102924,0.0248953517754,0.0248470347413,0.0248246018327,0.0248366810912,0.0248660164333,0.0248246018327,0.0247987177073,0.0249505712428,0.0250610101777,0.0249988882768,0.0250989735616,0.025057558961,0.0252283941884,0.025323302648,0.0252197661466,0.0253008697394,0.02534228434,0.0253647172486,0.0252887904809,0.0254251135411,0.0253802477238,0.0255441805178,0.0255579853847,0.0255131195674,0.0257460766957,0.025747802304,0.0258116498133,0.0258582412389,0.0259876618657,0.0260100947744,0.0262137165606,0.0261464178346,0.0260290764663,0.0262050885188,0.0261153568842,0.0262085397355,0.0264052590883,0.0264880882894,0.026548484582,0.026765911235,0.0268849782117,0.0271265633818,0.0273715997685,0.0274665082282,0.0277167214401,0.027856495717,0.0278703005839,0.0279824651271,0.028117062579,0.0281136113623,0.0280031724274,0.0279876419522,0.0281239650125,0.0283137819318,0.0283603733575,0.0285484646684,0.0285812512272,0.0287417328045,0.0288193851806,0.0288780558647,0.0290747752175,0.0290885800844,0.02913517151,0.029202470236,0.0294354273643,0.0294233481057,0.0296010857666,0.0295924577248,0.029583829683,0.0297701953856,0.0298909879707,0.030153280441,0.0302550913341,0.030293054718,0.0303206644517,0.0304034936529,0.030389688786,0.030505304546,0.0306916702486,0.0307624201913,0.0309021944682,0.0310298894867,0.0312783770902,0.0314699196179,0.031668364579,0.0319134009658,0.0319945045586,0.0321808702612,0.0325001078074,0.0327468698025,0.0328831928628,0.0330350463982,0.0331265036412,0.0331989791922,0.0332369425761,0.0334509180124,0.0337822348171,0.0339720517364,0.0339686005197,0.0340652345877,0.0341704966976,0.034322350233,0.0344207099094,0.0347347706305,0.0349521972836,0.0350160447928,0.0351178556859,0.0353784225479,0.0357045625275,0.0359495989143,0.0360997268414,0.0362791901106,0.0364897143302,0.0364034339123,0.0365621898812,0.0368055006596,0.0370229273127,0.037116110164,0.0372472563992,0.0373214575586,0.0375354329949,0.037516451303,0.0377028170056,0.0380548411106,0.0382757189803,0.0383792554818,0.0385431882758,0.0386398223438,0.0384931456334,0.038467261508,0.0385966821348,0.03884344413,0.0389107428559,0.0388037551378,0.0387692429706,0.0388020295294,0.0388417185216,0.0389314501562,0.0393024559531,0.0393852851543,0.0395630228151,0.0396889922252,0.0396337727578,0.0399892480794,0.0401307479648,0.0403050344089,0.0404379062524,0.0406794914225,0.0407416133234,0.0410125338355,0.0411436800707,0.0412282348802,0.0415630029016,0.0416354784526,0.0417890575964,0.0419374599152,0.0421031183175,0.0421514353515,0.0421169231844,0.0421186487927,0.0422118316441,0.0422756791533,0.0423343498374,0.0424396119473,0.0425949166994,0.042800264094,0.042915879854,0.0429900810133,0.0431626418491,0.0433731660687,0.0435008610872,0.0435802390716,0.0438373547169,0.0438891229677,0.0441013727956,0.0440323484613,0.0441410617879,0.0443533116159,0.0445707382689,0.0448295795226,0.0449037806819,0.0451298353768,0.0450866951678,0.0452592560036,0.0452972193875,0.0455629630746,0.0459443225216,0.0462618344594,0.0464016087364,0.0463964319113,0.0465897000473,0.0468450900843,0.0469676082777,0.0471781324973,0.0473472421163,0.0474783883515,0.0475801992446,0.0477820954224,0.0481669060862,0.0485741496586,0.0488571494292,0.0491815638005,0.0494490330959,0.0497976059841,0.050120294747,0.0503877640425,0.0506742150298,0.0507863795731,0.0510434952183,0.0512643730881,0.0516888727441,0.0518838664885,0.0524584940716,0.0528329510852,0.0529330363699,0.0533282006838,0.0536871272222,0.0540736634943,0.0543998034739,0.0548398336051,0.0551418150677,0.055635339058,0.0559959912047,0.0564705335031,0.0572815694311,0.0577285019958,0.0582254772028,0.0588328913446,0.0594057933194,0.0599113965681,0.0604929265847,0.0609950786167,0.0614385599646,0.0619389863883,0.0625101627547,0.0631227537217,0.0635541558111,0.064021795676,0.0645860696089,0.0652659593018,0.065705989433,0.0661908853815,0.0670191773932,0.0674436770492,0.0678129572377,0.0684738652386,0.0691744622318,0.0696748886556,0.0703599551735,0.0707516682707,0.0715178383815,0.072504886362,0.0728965994592,0.0735885684106,0.074323677571,0.0748879515039,0.0757127922989,0.0764047612503,0.0769034620656,0.0776696321764,0.0781735098168,0.078444430329,0.0790742773795,0.0796523561793,0.0804409591987,0.0813555316283,0.0817921105427,0.0826307562045,0.0834521457828,0.0842614561025,0.0850673152055,0.0859180401258,0.0869257954067,0.0879042153454,0.088587556255,0.0891656350549,0.0901233476933,0.0910223896476,0.0916971025155,0.0925857908196,0.0935486802832,0.0941888809839,0.0948049231675,0.0954157885261,0.096162976945,0.0972207748682,0.0980180059294,0.0988135113823,0.0996521570441,0.100261296794,0.100982601088,0.102080088003,0.103023995775,0.104095598565,0.105093000196,0.105929920249,0.10684276707,0.107434650737,0.108535588869,0.109562325842,0.110564904298,0.111331074408,0.112230116363,0.112875493889,0.113688255425,0.114442346277,0.115168827396,0.116418167847,0.117218850125,0.118102361604,0.118854726848,0.119978097888,0.120799487467,0.121777907405,0.122744248086,0.123698509508,0.124480210094,0.12565017256,0.126799427726,0.127896914642,0.129110017317,0.129793358227,0.131101369362,0.132169520935,0.133239398117,0.134105653512,0.1355896767,0.136097005557,0.137056443804,0.137860577298,0.138975320298,0.140447264227,0.141303165972,0.142341982203,0.143473981286,0.144642218144,0.145541260098,0.1468423688,0.147806983872,0.149147781566,0.150136555155,0.151011438592,0.152509266646,0.154100277552,0.15534271557,0.156728379081,0.158048469474,0.159641205988,0.161296064403,0.162655843789,0.163879300115,0.165541060963,0.166935352516,0.168336546502,0.169775703873,0.171268355102,0.172869719658,0.174162200318,0.175406363944,0.176781673805,0.178557324805,0.18009656746,0.181670322282,0.183242351495,0.185175032856,0.187014531365,0.188721158031,0.190501985856,0.192438118433,0.194174080441,0.196079152068,0.197858254285,0.199635630893,0.201385397767,0.202876323388,0.204648523172,0.20662607035,0.20852769076,0.210394799003,0.213131613858,0.214732978414,0.216872732777,0.218853731172,0.22066216873,0.222946874196,0.225091805384,0.227129748855,0.229212558142,0.231604251326,0.233804401982,0.236492899803,0.239014013614,0.241617956625,0.244611887126,0.246955263275,0.249780084157,0.25274985614,0.255766219549,0.258254546801,0.260559959567,0.263215670829,0.265735059031,0.268385593469,0.270930865796,0.273531357591,0.275912697125,0.278335451259,0.28070816275,0.283037734033,0.285375933358,0.288330174866,0.290839209418,0.293910792295,0.296285229395,0.29938959883,0.302072919826,0.30486322854,0.307461994727,0.310359291159,0.312838990369,0.315142677527,0.317672419379,0.319974380928,0.322488592305,0.325396242388,0.328433313097,0.331209816945,0.3339673391,0.336740391731,0.340224395005,0.343075100012,0.346056951253,