# R script for Peak Model
#  -- generated by MACS
p <- c(0.0134576421251,0.0157351994406,0.0180151441327,0.0202449539154,0.0223983676455,0.0225201238542,0.0224867005813,0.0226753033359,0.0228567439606,0.0228400323241,0.0228877798569,0.0228925546102,0.0229092662467,0.0229044914934,0.0230453467152,0.0230644457284,0.023193364067,0.0231838145604,0.0230095360656,0.0230262477021,0.022854356584,0.0229259778832,0.0229259778832,0.0230620583517,0.0230930942481,0.0231289048977,0.0232029135736,0.023033409832,0.0232697601195,0.0232697601195,0.0235848938361,0.0235848938361,0.023565794823,0.0235896685894,0.0235777317062,0.0235538579398,0.0234368764844,0.0236230918624,0.023658902512,0.0237042626682,0.0235443084332,0.0236350287456,0.0235872812127,0.023599218096,0.0236708393952,0.0237949829805,0.0237591723309,0.0238427305133,0.0236708393952,0.023718586928,0.0236923257849,0.0235562453164,0.023718586928,0.0236708393952,0.0236732267718,0.0237233616813,0.0237472354477,0.0237615597075,0.0238355683834,0.0237806587207,0.0237281364346,0.0237854334739,0.0238093072404,0.0238069198637,0.0236875510317,0.0236612898886,0.023778271344,0.0238522800199,0.023931063449,0.0240074595016,0.0241698011131,0.0243011068284,0.0243058815817,0.0244061514006,0.0246234026749,0.0245446192458,0.0245470066224,0.0244562863101,0.0244133135305,0.0243989892707,0.0243631786211,0.024210386516,0.0242557466722,0.0241769632431,0.0241316030869,0.0241602516066,0.0242294855292,0.0243798902575,0.0244443494269,0.0244371872969,0.0245875920253,0.0245995289085,0.0246568259479,0.0247761947799,0.0248215549361,0.0248239423128,0.0248502034558,0.0247666452734,0.0247570957668,0.0249456985215,0.0250698421068,0.0253133545242,0.0252703817446,0.0254279486029,0.0254756961358,0.025480470889,0.0254303359796,0.0254709213825,0.0256714610203,0.025607001851,0.0255783533313,0.0255664164481,0.0256022270977,0.0254971825255,0.0256308756174,0.0258242531253,0.0259865947369,0.0262396566609,0.0262157828945,0.0263828992593,0.0264760069483,0.0266622223263,0.0268006901715,0.0269224463802,0.0269534822765,0.0270012298093,0.0270370404589,0.0270060045626,0.0269916803028,0.0270871753684,0.0271587966676,0.0271611840443,0.0274381197346,0.0276004613462,0.0276458215024,0.0278487485169,0.0279466309592,0.0281089725707,0.0283691966246,0.0284479800538,0.0286270333018,0.0286222585485,0.0286055469121,0.028705816731,0.0287774380302,0.0289302301352,0.0289636534082,0.0288848699791,0.0287917622901,0.0289445543951,0.0289373922652,0.0291618056694,0.0292501386051,0.0292453638518,0.0293766695671,0.0295318490488,0.0297586498296,0.030002162247,0.0301812154951,0.0302074766381,0.0303029717038,0.0305058987183,0.030560808381,0.0309141401239,0.0312364359704,0.0312770213733,0.0314202639718,0.0316327404928,0.0318476043905,0.0320051712488,0.0322892690691,0.0323370166019,0.0326855735915,0.0327118347345,0.0328717889695,0.0331964721926,0.0333516516743,0.0334447593633,0.0336429116245,0.0338673250287,0.0340678646666,0.0341633597322,0.0342612421745,0.0343734488766,0.0344331332927,0.0344784934488,0.0346623214502,0.0348175009319,0.0349750677902,0.0350801123624,0.035115923012,0.0352830393768,0.0355432634307,0.0358178117444,0.035853622394,0.0358751087838,0.0360326756421,0.0362499269164,0.0364242054112,0.0365698353863,0.0367035284782,0.0370138874415,0.0370162748182,0.0372430755991,0.0375176239128,0.0377897848499,0.037835145006,0.0379688380979,0.0378828925389,0.0381765398657,0.0384845114524,0.0386205919209,0.0386802763369,0.0385632948815,0.0387232491165,0.0389500498974,0.0391864001848,0.0394370747321,0.03963761437,0.0395588309408,0.0396113532269,0.0396949114093,0.0400124325026,0.0402487827901,0.0402081973872,0.0401413508412,0.0401437382178,0.0400339188924,0.0401795488675,0.0404851330775,0.0405877902731,0.0406522494424,0.0406140514161,0.0410079685619,0.0412156703296,0.0414138225908,0.041526029293,0.0417074699177,0.0419414328285,0.0419796308548,0.0420273783876,0.0420870628036,0.0422422422853,0.0422494044152,0.0424141334034,0.0425621507551,0.0429417436411,0.0430467882133,0.0431876434351,0.0433619219299,0.0435958848407,0.0438895321675,0.0442500260403,0.0443932686388,0.0444505656782,0.0446200694197,0.0445627723803,0.0447275013685,0.0448277711874,0.0450139865654,0.0452574989828,0.0455296599199,0.0455917317125,0.0455392094264,0.0457278121811,0.0460883060539,0.0465490697456,0.0468618160855,0.047031319827,0.0472557332313,0.0476090649742,0.0477379833128,0.0476711367668,0.0482011343811,0.048554466124,0.0485759525137,0.0485855020203,0.0489340590099,0.0493518499221,0.04954522743,0.0494950925205,0.049910496056,0.0504118451506,0.0505312139827,0.0506935555943,0.0510898601167,0.0513882821968,0.0516270198609,0.0518203973688,0.0523503949831,0.0527085014793,0.0528207081814,0.0531859768074,0.0534008407051,0.0538711539034,0.0538783160333,0.0542411972828,0.054778357027,0.0553417779142,0.0556927222805,0.0563683498699,0.0570415900826,0.0575715876969,0.0582567647929,0.0589085186158,0.0597822984664,0.0605128357186,0.0609903110468,0.0616563891296,0.0620956664315,0.0625492679933,0.0630912024908,0.0636450738715,0.0641344860829,0.0645546643717,0.0651706075451,0.0656815061463,0.0662449270335,0.0665863218932,0.067312084392,0.0681070808135,0.0686275289212,0.0692554089778,0.0699787841,0.0704490972983,0.0710531035884,0.0716045875925,0.0721489094666,0.072731429367,0.0731086348763,0.0734906151389,0.0741161078188,0.0748442576943,0.0753265077758,0.0760522702746,0.0767207357341,0.077346228414,0.077811766859,0.0786139254104,0.0794423451048,0.0801991435,0.0808699963361,0.0814668404963,0.0824170163994,0.0832478234705,0.0838661540205,0.0848306541835,0.0856161010983,0.0863800616234,0.0870771756026,0.0879032079204,0.0886576189389,0.0891947786831,0.0898250461164,0.0904863494459,0.0915869300774,0.0924129623952,0.09320557144,0.0938191272367,0.095027139817,0.0956860557699,0.0963187105798,0.0974861377572,0.0982286118926,0.0989806355345,0.0994628856159,0.0998568027617,0.10090963586,0.102110486311,0.1024590433,0.103366246424,0.104454890172,0.105044572203,0.106350467225,0.107429561467,0.108363025733,0.10957342569,0.110480628814,0.111297111625,0.112493187322,0.113481561252,0.114722997105,0.115756731191,0.116394160754,0.117449381229,0.118330323209,0.119383156308,0.120147116833,0.121071031593,0.122114315185,0.122959446516,0.124002730108,0.125258490222,0.126411593139,0.127414291328,0.128524421466,0.129687073891,0.131198283304,0.132263053286,0.133478227996,0.134500025199,0.135178040165,0.135860829884,0.136856365943,0.137854289379,0.139057527206,0.139998153603,0.140814636414,0.141865082136,0.142726925104,0.144154576335,0.145384075305,0.146830825549,0.148084198286,0.14958824557,0.15046202542,0.15172017291,0.152918635984,0.15424363002,0.155616371588,0.157151454768,0.158839330053,0.160164324089,0.161888010024,0.16291458198,0.164282548795,0.165597993324,0.167586678066,0.169245904831,0.170823960791,0.172655078675,0.173619578838,0.175331327889,0.176334026078,0.17808158578,0.17987928039,0.181416750947,0.182479133552,0.183835163484,0.185408444691,0.186253576022,0.188146765698,0.189603065449,0.191508192008,0.193088635345,0.194848131929,0.197044518439,0.199138247753,0.201372832289,0.203335255888,0.205445696838,0.207250553579,0.209523336141,0.211750758547,0.213985343083,0.216329746945,0.218499872311,0.220369188221,0.222575124237,0.224855068929,0.226707673203,0.228932708232,0.231028824923,0.233146428003,0.235407273682,0.238031000611,0.240055496002,0.242521656073,0.244414845749,0.24646798966,0.249351940642,0.252216792612,0.254334395692,0.25700825753,0.259753740667,0.261572921667,0.264218134986,0.26661744851,0.269050185307,0.271953235302,0.274674844673,0.276778123494,0.279993919829,0.282128234546,0.284121694041,0.28735658939,0.290137883177,0.292577782104,0.295559615528,0.298328972432,0.301200986531,0.304084937513,0.306457989894,0.30899815864,0.311920307649,0.314708763565,0.317523480625,0.320605583869,0.323988496569,0.326941681474,0.329548696766,0.33289341144,0.336161730061,0.339305905097,0.343011113644,0.345639615326,0.349110860962,0.352393503843,