>RNNNTGACCT	1-RNNNTGACCT	6.328728	-7282.072086	0	T:11167.0(66.19%),B:7304.8(22.60%),P:1e-3162	Tpos:100.8,Tstd:46.7,Bpos:99.9,Bstd:69.2,StrandBias:-0.0,Multiplicity:1.53
0.442	0.045	0.315	0.199
0.239	0.286	0.245	0.230
0.216	0.318	0.257	0.209
0.221	0.265	0.310	0.204
0.001	0.001	0.001	0.997
0.001	0.001	0.997	0.001
0.790	0.208	0.001	0.001
0.001	0.997	0.001	0.001
0.210	0.776	0.001	0.013
0.076	0.313	0.001	0.610
>RKGTCACMDK	2-RKGTCACMDK	5.611306	-4354.551219	0	T:11535.0(68.37%),B:10724.3(33.18%),P:1e-1891	Tpos:99.4,Tstd:51.7,Bpos:99.9,Bstd:69.9,StrandBias:-0.0,Multiplicity:1.30
0.422	0.062	0.275	0.241
0.152	0.001	0.384	0.463
0.001	0.001	0.997	0.001
0.124	0.001	0.028	0.847
0.001	0.783	0.207	0.009
0.997	0.001	0.001	0.001
0.256	0.435	0.069	0.240
0.282	0.390	0.165	0.163
0.248	0.149	0.282	0.321
0.194	0.175	0.255	0.376
>CGSGCTGACC	3-CGSGCTGACC	6.007690	-2573.386764	0	T:7081.0(41.97%),B:5867.9(18.15%),P:1e-1117	Tpos:100.3,Tstd:52.0,Bpos:98.6,Bstd:67.2,StrandBias:-0.1,Multiplicity:1.13
0.062	0.581	0.125	0.232
0.228	0.138	0.454	0.180
0.224	0.384	0.256	0.136
0.109	0.205	0.453	0.233
0.003	0.909	0.083	0.005
0.026	0.126	0.003	0.845
0.003	0.011	0.979	0.007
0.749	0.125	0.068	0.058
0.027	0.909	0.050	0.014
0.137	0.799	0.008	0.056
>TGCCCBDGGS	4-TGCCCBDGGS	6.377996	-2318.743174	0	T:6377.0(37.80%),B:5190.1(16.06%),P:1e-1007	Tpos:98.7,Tstd:53.2,Bpos:99.0,Bstd:66.7,StrandBias:-0.0,Multiplicity:1.23
0.074	0.092	0.087	0.747
0.001	0.011	0.987	0.001
0.279	0.689	0.031	0.001
0.001	0.997	0.001	0.001
0.041	0.830	0.001	0.128
0.163	0.255	0.249	0.333
0.274	0.087	0.382	0.258
0.219	0.001	0.682	0.098
0.196	0.006	0.762	0.036
0.076	0.408	0.413	0.103
>GYAAAYAWWN	5-GYAAAYAWWN	7.266323	-2006.668270	0	T:5078.0(30.10%),B:3826.9(11.84%),P:1e-871	Tpos:99.4,Tstd:55.5,Bpos:101.7,Bstd:62.3,StrandBias:-0.0,Multiplicity:1.22
0.214	0.001	0.784	0.001
0.001	0.544	0.001	0.454
0.997	0.001	0.001	0.001
0.997	0.001	0.001	0.001
0.997	0.001	0.001	0.001
0.001	0.536	0.001	0.462
0.997	0.001	0.001	0.001
0.283	0.101	0.207	0.409
0.314	0.164	0.125	0.398
0.238	0.187	0.254	0.322
>ATCTTATCTN	6-ATCTTATCTN	6.150227	-1192.070295	0	T:4961.0(29.41%),B:4749.1(14.69%),P:1e-517	Tpos:99.9,Tstd:53.8,Bpos:99.1,Bstd:63.8,StrandBias:0.0,Multiplicity:1.22
0.544	0.081	0.153	0.222
0.016	0.212	0.152	0.620
0.041	0.560	0.202	0.197
0.039	0.038	0.002	0.921
0.115	0.046	0.115	0.724
0.949	0.016	0.027	0.008
0.026	0.016	0.002	0.956
0.019	0.943	0.013	0.025
0.161	0.016	0.007	0.816
0.252	0.182	0.268	0.297
>GRTTAAACAA	7-GRTTAAACAA	6.729263	-1183.940230	0	T:3595.0(21.31%),B:2896.9(8.96%),P:1e-514	Tpos:98.6,Tstd:55.0,Bpos:101.0,Bstd:66.5,StrandBias:0.0,Multiplicity:1.08
0.205	0.019	0.731	0.045
0.305	0.022	0.435	0.238
0.129	0.182	0.165	0.524
0.103	0.355	0.011	0.531
0.972	0.014	0.008	0.006
0.803	0.048	0.116	0.033
0.827	0.088	0.040	0.045
0.011	0.883	0.009	0.097
0.887	0.025	0.001	0.087
0.454	0.123	0.292	0.131
>GRTGASTCAB	8-GRTGASTCAB	7.226153	-952.188651	0	T:1884.0(11.17%),B:1129.7(3.49%),P:1e-413	Tpos:101.1,Tstd:54.7,Bpos:99.9,Bstd:70.5,StrandBias:0.0,Multiplicity:1.05
0.164	0.218	0.405	0.213
0.417	0.220	0.317	0.045
0.001	0.001	0.001	0.997
0.014	0.001	0.915	0.070
0.918	0.001	0.032	0.049
0.043	0.522	0.403	0.032
0.032	0.001	0.001	0.966
0.024	0.974	0.001	0.001
0.997	0.001	0.001	0.001
0.036	0.272	0.309	0.382
>GCCCTGMCMG	9-GCCCTGMCMG	6.342861	-669.288971	0	T:4775.0(28.30%),B:5491.3(16.99%),P:1e-290	Tpos:99.2,Tstd:54.3,Bpos:100.8,Bstd:66.7,StrandBias:0.0,Multiplicity:1.23
0.178	0.001	0.820	0.001
0.271	0.655	0.001	0.073
0.001	0.934	0.001	0.064
0.099	0.899	0.001	0.001
0.117	0.086	0.001	0.796
0.017	0.182	0.800	0.001
0.251	0.369	0.165	0.216
0.089	0.571	0.208	0.132
0.408	0.339	0.139	0.113
0.032	0.346	0.621	0.001
>AGATAKTATC	10-AGATAKTATC	8.781221	-467.474743	0	T:768.0(4.55%),B:391.8(1.21%),P:1e-203	Tpos:100.5,Tstd:52.6,Bpos:97.6,Bstd:60.2,StrandBias:-0.1,Multiplicity:1.02
0.645	0.001	0.001	0.353
0.001	0.001	0.997	0.001
0.997	0.001	0.001	0.001
0.001	0.001	0.001	0.997
0.558	0.077	0.192	0.173
0.050	0.107	0.414	0.429
0.172	0.119	0.019	0.690
0.997	0.001	0.001	0.001
0.001	0.001	0.001	0.997
0.001	0.997	0.001	0.001
>GCTGCATTCC	11-GCTGCATTCC	6.534238	-321.839864	0	T:356.0(2.11%),B:124.7(0.39%),P:1e-139	Tpos:99.8,Tstd:59.6,Bpos:90.8,Bstd:54.8,StrandBias:0.2,Multiplicity:1.01
0.001	0.001	0.997	0.001
0.133	0.865	0.001	0.001
0.001	0.098	0.163	0.738
0.223	0.001	0.775	0.001
0.001	0.997	0.001	0.001
0.997	0.001	0.001	0.001
0.001	0.001	0.001	0.997
0.001	0.001	0.001	0.997
0.001	0.997	0.001	0.001
0.001	0.997	0.001	0.001
>AACCGGTTTG	12-AACCGGTTTG	7.392347	-318.892428	0	T:959.0(5.68%),B:734.0(2.27%),P:1e-138	Tpos:101.0,Tstd:55.1,Bpos:108.5,Bstd:64.1,StrandBias:-0.1,Multiplicity:1.03
0.698	0.070	0.196	0.036
0.800	0.010	0.086	0.104
0.001	0.952	0.001	0.046
0.264	0.503	0.028	0.205
0.210	0.011	0.476	0.303
0.002	0.023	0.968	0.007
0.045	0.097	0.027	0.831
0.043	0.149	0.014	0.794
0.136	0.189	0.138	0.537
0.189	0.186	0.392	0.234
>GTTTAGGCAT	13-GTTTAGGCAT	8.836226	-206.438020	0	T:118.0(0.70%),B:16.4(0.05%),P:1e-89	Tpos:108.8,Tstd:52.7,Bpos:103.8,Bstd:69.4,StrandBias:0.1,Multiplicity:1.00
0.051	0.034	0.914	0.001
0.059	0.041	0.366	0.534
0.008	0.325	0.026	0.641
0.342	0.018	0.062	0.578
0.572	0.223	0.089	0.116
0.004	0.207	0.735	0.054
0.116	0.277	0.539	0.068
0.020	0.816	0.080	0.084
0.523	0.004	0.200	0.273
0.239	0.023	0.104	0.634
>GTCACAGGAT	14-GTCACAGGAT	8.577885	-179.126648	0	T:156.0(0.92%),B:41.5(0.13%),P:1e-77	Tpos:102.3,Tstd:42.1,Bpos:125.9,Bstd:56.4,StrandBias:-0.4,Multiplicity:1.00
0.001	0.001	0.997	0.001
0.001	0.001	0.001	0.997
0.001	0.997	0.001	0.001
0.992	0.001	0.006	0.001
0.001	0.997	0.001	0.001
0.997	0.001	0.001	0.001
0.001	0.001	0.997	0.001
0.001	0.001	0.997	0.001
0.997	0.001	0.001	0.001
0.001	0.001	0.133	0.865
>GTCATGACAC	15-GTCATGACAC	8.786836	-160.647788	0	T:340.0(2.02%),B:209.7(0.65%),P:1e-69	Tpos:108.0,Tstd:46.8,Bpos:108.0,Bstd:64.9,StrandBias:0.0,Multiplicity:1.03
0.001	0.032	0.966	0.001
0.028	0.001	0.050	0.921
0.015	0.983	0.001	0.001
0.964	0.001	0.001	0.034
0.001	0.005	0.042	0.952
0.008	0.070	0.898	0.024
0.965	0.033	0.001	0.001
0.039	0.910	0.050	0.001
0.945	0.001	0.015	0.039
0.044	0.622	0.038	0.296
>AAACTTTCTA	16-AAACTTTCTA	10.384731	-150.882537	0	T:191.0(1.13%),B:77.6(0.24%),P:1e-65	Tpos:98.7,Tstd:54.1,Bpos:87.3,Bstd:54.7,StrandBias:0.1,Multiplicity:1.01
0.907	0.004	0.042	0.047
0.964	0.031	0.004	0.001
0.709	0.134	0.077	0.080
0.076	0.919	0.004	0.001
0.336	0.089	0.004	0.571
0.077	0.136	0.075	0.712
0.001	0.070	0.033	0.896
0.067	0.887	0.001	0.045
0.040	0.336	0.027	0.597
0.848	0.067	0.084	0.001
>GCACAAGATA	17-GCACAAGATA	9.650627	-146.569209	0	T:118.0(0.70%),B:28.5(0.09%),P:1e-63	Tpos:107.1,Tstd:39.8,Bpos:89.0,Bstd:51.1,StrandBias:0.1,Multiplicity:1.00
0.001	0.001	0.997	0.001
0.001	0.997	0.001	0.001
0.991	0.001	0.007	0.001
0.001	0.937	0.001	0.061
0.979	0.001	0.019	0.001
0.991	0.007	0.001	0.001
0.001	0.001	0.997	0.001
0.997	0.001	0.001	0.001
0.001	0.001	0.001	0.997
0.860	0.001	0.001	0.138
>TGCAGTAAAG	18-TGCAGTAAAG	9.636197	-142.805578	0	T:93.0(0.55%),B:16.6(0.05%),P:1e-62	Tpos:108.8,Tstd:45.0,Bpos:78.8,Bstd:65.6,StrandBias:0.5,Multiplicity:1.00
0.001	0.001	0.001	0.997
0.001	0.001	0.997	0.001
0.001	0.997	0.001	0.001
0.983	0.015	0.001	0.001
0.001	0.001	0.997	0.001
0.001	0.001	0.001	0.997
0.997	0.001	0.001	0.001
0.997	0.001	0.001	0.001
0.997	0.001	0.001	0.001
0.001	0.001	0.997	0.001
>ACCGTGGCAA	19-ACCGTGGCAA	11.451853	-114.553702	0	T:81.0(0.48%),B:16.1(0.05%),P:1e-49	Tpos:97.9,Tstd:52.4,Bpos:73.2,Bstd:66.6,StrandBias:0.3,Multiplicity:1.00
0.755	0.243	0.001	0.001
0.001	0.997	0.001	0.001
0.001	0.997	0.001	0.001
0.001	0.001	0.735	0.263
0.001	0.001	0.001	0.997
0.001	0.243	0.513	0.243
0.001	0.001	0.997	0.001
0.001	0.997	0.001	0.001
0.997	0.001	0.001	0.001
0.997	0.001	0.001	0.001
>ACCATAAACC	20-ACCATAAACC	10.296193	-110.606878	0	T:49.0(0.29%),B:4.9(0.02%),P:1e-48	Tpos:94.2,Tstd:42.9,Bpos:90.0,Bstd:31.3,StrandBias:0.9,Multiplicity:1.00
0.700	0.100	0.100	0.100
0.100	0.700	0.100	0.100
0.100	0.700	0.100	0.100
0.700	0.100	0.100	0.100
0.100	0.100	0.100	0.700
0.700	0.100	0.100	0.100
0.700	0.100	0.100	0.100
0.700	0.100	0.100	0.100
0.100	0.700	0.100	0.100
0.100	0.700	0.100	0.100
>GACCTACTGG	21-GACCTACTGG	10.879280	-104.456604	0	T:140.0(0.83%),B:61.0(0.19%),P:1e-45	Tpos:90.1,Tstd:62.9,Bpos:85.8,Bstd:52.7,StrandBias:0.6,Multiplicity:1.00
0.001	0.001	0.997	0.001
0.997	0.001	0.001	0.001
0.001	0.997	0.001	0.001
0.068	0.930	0.001	0.001
0.001	0.001	0.001	0.997
0.785	0.001	0.213	0.001
0.001	0.980	0.001	0.018
0.001	0.007	0.007	0.985
0.001	0.001	0.997	0.001
0.001	0.001	0.997	0.001
>TTTTACCCAG	22-TTTTACCCAG	11.190827	-102.535698	0	T:102.0(0.60%),B:32.5(0.10%),P:1e-44	Tpos:83.6,Tstd:66.4,Bpos:79.9,Bstd:57.1,StrandBias:-0.6,Multiplicity:1.00
0.071	0.001	0.001	0.927
0.001	0.001	0.001	0.997
0.001	0.001	0.001	0.997
0.001	0.001	0.001	0.997
0.997	0.001	0.001	0.001
0.001	0.997	0.001	0.001
0.001	0.997	0.001	0.001
0.001	0.997	0.001	0.001
0.997	0.001	0.001	0.001
0.001	0.001	0.997	0.001
>CCAAAACCAA	23-CCAAAACCAA	11.353936	-94.272347	0	T:149.0(0.88%),B:74.7(0.23%),P:1e-40	Tpos:106.0,Tstd:58.4,Bpos:115.9,Bstd:56.9,StrandBias:-0.1,Multiplicity:1.17
0.001	0.997	0.001	0.001
0.001	0.997	0.001	0.001
0.992	0.001	0.006	0.001
0.997	0.001	0.001	0.001
0.997	0.001	0.001	0.001
0.997	0.001	0.001	0.001
0.001	0.997	0.001	0.001
0.001	0.997	0.001	0.001
0.624	0.291	0.001	0.084
0.997	0.001	0.001	0.001
>CTAATGGCTA	24-CTAATGGCTA	10.296193	-85.711088	0	T:44.0(0.26%),B:5.2(0.02%),P:1e-37	Tpos:99.9,Tstd:52.8,Bpos:107.7,Bstd:46.7,StrandBias:0.4,Multiplicity:1.00
0.100	0.700	0.100	0.100
0.100	0.100	0.100	0.700
0.700	0.100	0.100	0.100
0.700	0.100	0.100	0.100
0.100	0.100	0.100	0.700
0.100	0.100	0.700	0.100
0.100	0.100	0.700	0.100
0.100	0.700	0.100	0.100
0.100	0.100	0.100	0.700
0.700	0.100	0.100	0.100
>TGGTCGTCCT	25-TGGTCGTCCT	6.628694	-57.752980	0	T:44.0(0.26%),B:10.1(0.03%),P:1e-25	Tpos:112.2,Tstd:54.6,Bpos:151.7,Bstd:23.8,StrandBias:0.1,Multiplicity:1.00
0.273	0.001	0.001	0.725
0.001	0.001	0.997	0.001
0.001	0.001	0.997	0.001
0.001	0.001	0.001	0.997
0.001	0.997	0.001	0.001
0.001	0.001	0.997	0.001
0.001	0.001	0.001	0.997
0.001	0.997	0.001	0.001
0.001	0.739	0.001	0.259
0.001	0.001	0.001	0.997
>NAGGTCANNNNN	1-NAGGTCANNNNN	6.524918	-6201.216169	0	T:10100.0(59.87%),B:6626.4(20.50%),P:1e-2693	Tpos:99.8,Tstd:48.6,Bpos:100.0,Bstd:67.1,StrandBias:0.1,Multiplicity:1.36
0.281	0.277	0.211	0.231
0.610	0.001	0.315	0.074
0.001	0.001	0.688	0.310
0.001	0.001	0.997	0.001
0.001	0.076	0.358	0.565
0.001	0.997	0.001	0.001
0.997	0.001	0.001	0.001
0.188	0.262	0.327	0.222
0.251	0.253	0.303	0.194
0.223	0.219	0.297	0.261
0.235	0.292	0.186	0.288
0.273	0.227	0.301	0.199
>GGTCABNSTGAC	2-GGTCABNSTGAC	3.316092	-6188.953920	0	T:4808.0(28.50%),B:1207.6(3.74%),P:1e-2687	Tpos:101.6,Tstd:40.6,Bpos:102.8,Bstd:67.8,StrandBias:-0.0,Multiplicity:1.08
0.001	0.001	0.997	0.001
0.001	0.001	0.997	0.001
0.001	0.001	0.001	0.997
0.001	0.997	0.001	0.001
0.997	0.001	0.001	0.001
0.048	0.365	0.346	0.241
0.202	0.252	0.297	0.249
0.192	0.329	0.361	0.118
0.001	0.001	0.001	0.997
0.001	0.001	0.997	0.001
0.997	0.001	0.001	0.001
0.001	0.997	0.001	0.001
>NNNTGTTTRYHY	3-NNNTGTTTRYHY	7.293414	-2106.968156	0	T:6381.0(37.82%),B:5457.4(16.88%),P:1e-915	Tpos:99.5,Tstd:55.2,Bpos:102.0,Bstd:62.1,StrandBias:0.0,Multiplicity:1.30
0.316	0.231	0.214	0.239
0.288	0.195	0.190	0.327
0.298	0.236	0.198	0.267
0.001	0.001	0.001	0.997
0.413	0.001	0.585	0.001
0.001	0.001	0.001	0.997
0.001	0.001	0.001	0.997
0.001	0.001	0.008	0.990
0.484	0.001	0.505	0.010
0.162	0.445	0.080	0.313
0.298	0.306	0.013	0.382
0.185	0.301	0.178	0.336
>NNRDTGACATTN	4-NNRDTGACATTN	7.329939	-1591.015206	0	T:4072.0(24.14%),B:3018.9(9.34%),P:1e-690	Tpos:100.8,Tstd:51.1,Bpos:99.3,Bstd:66.6,StrandBias:-0.0,Multiplicity:1.14
0.301	0.221	0.200	0.278
0.266	0.196	0.197	0.341
0.261	0.170	0.361	0.208
0.275	0.138	0.259	0.328
0.001	0.001	0.001	0.997
0.025	0.001	0.973	0.001
0.980	0.001	0.018	0.001
0.001	0.997	0.001	0.001
0.691	0.015	0.001	0.293
0.011	0.177	0.023	0.789
0.202	0.180	0.222	0.396
0.282	0.162	0.266	0.290
>TGMCCCAGGSVN	5-TGMCCCAGGSVN	7.878490	-1355.352826	0	T:3300.0(19.56%),B:2335.3(7.22%),P:1e-588	Tpos:98.6,Tstd:52.0,Bpos:100.2,Bstd:67.0,StrandBias:-0.0,Multiplicity:1.12
0.094	0.001	0.065	0.840
0.001	0.041	0.957	0.001
0.555	0.425	0.019	0.001
0.001	0.997	0.001	0.001
0.113	0.676	0.001	0.210
0.034	0.964	0.001	0.001
0.872	0.001	0.001	0.126
0.044	0.001	0.954	0.001
0.238	0.174	0.493	0.096
0.155	0.285	0.387	0.173
0.230	0.360	0.268	0.142
0.258	0.283	0.192	0.267
>STGCCCCGGGGM	6-STGCCCCGGGGM	5.932218	-870.312816	0	T:5731.0(33.97%),B:6536.7(20.22%),P:1e-377	Tpos:98.3,Tstd:54.9,Bpos:99.9,Bstd:64.6,StrandBias:-0.0,Multiplicity:1.27
0.177	0.388	0.239	0.196
0.174	0.032	0.145	0.649
0.014	0.110	0.801	0.075
0.038	0.690	0.214	0.058
0.013	0.931	0.004	0.052
0.060	0.806	0.005	0.129
0.208	0.448	0.068	0.276
0.243	0.081	0.457	0.219
0.183	0.008	0.745	0.064
0.078	0.007	0.878	0.037
0.053	0.211	0.684	0.052
0.250	0.383	0.226	0.141
>RTGASTCAYHNN	7-RTGASTCAYHNN	7.863785	-852.252539	0	T:1618.0(9.59%),B:936.8(2.90%),P:1e-370	Tpos:102.2,Tstd:55.4,Bpos:99.4,Bstd:68.2,StrandBias:-0.0,Multiplicity:1.04
0.419	0.135	0.403	0.042
0.001	0.001	0.001	0.997
0.001	0.001	0.986	0.012
0.976	0.001	0.001	0.022
0.052	0.440	0.496	0.012
0.001	0.001	0.001	0.997
0.001	0.997	0.001	0.001
0.997	0.001	0.001	0.001
0.037	0.394	0.211	0.358
0.238	0.362	0.135	0.264
0.291	0.292	0.183	0.234
0.219	0.252	0.265	0.264
>WGATKKYTATCT	8-WGATKKYTATCT	5.588965	-620.499731	0	T:795.0(4.71%),B:324.5(1.00%),P:1e-269	Tpos:98.4,Tstd:53.4,Bpos:102.0,Bstd:60.1,StrandBias:-0.0,Multiplicity:1.02
0.573	0.001	0.001	0.425
0.001	0.001	0.997	0.001
0.997	0.001	0.001	0.001
0.001	0.001	0.001	0.997
0.001	0.222	0.325	0.452
0.164	0.218	0.250	0.368
0.205	0.342	0.001	0.452
0.209	0.001	0.001	0.789
0.997	0.001	0.001	0.001
0.001	0.001	0.001	0.997
0.001	0.997	0.001	0.001
0.384	0.001	0.001	0.614
>NWGATNTYATCT	9-NWGATNTYATCT	7.526328	-598.681859	0	T:2230.0(13.22%),B:1935.5(5.99%),P:1e-260	Tpos:102.1,Tstd:52.1,Bpos:97.6,Bstd:63.6,StrandBias:-0.0,Multiplicity:1.07
0.189	0.329	0.203	0.279
0.499	0.030	0.001	0.469
0.139	0.107	0.556	0.198
0.723	0.078	0.052	0.147
0.009	0.048	0.072	0.871
0.213	0.231	0.318	0.238
0.208	0.080	0.060	0.652
0.095	0.367	0.066	0.471
0.962	0.020	0.010	0.008
0.004	0.006	0.001	0.989
0.001	0.883	0.001	0.115
0.195	0.023	0.001	0.781
>TGCTGATAAAAC	10-TGCTGATAAAAC	11.846159	-463.930537	0	T:163.0(0.97%),B:7.8(0.02%),P:1e-201	Tpos:102.8,Tstd:37.7,Bpos:117.0,Bstd:75.8,StrandBias:0.2,Multiplicity:1.00
0.001	0.098	0.001	0.900
0.001	0.001	0.997	0.001
0.099	0.801	0.099	0.001
0.098	0.001	0.001	0.900
0.104	0.001	0.894	0.001
0.900	0.001	0.098	0.001
0.001	0.001	0.001	0.997
0.900	0.001	0.098	0.001
0.997	0.001	0.001	0.001
0.801	0.099	0.099	0.001
0.826	0.099	0.074	0.001
0.001	0.971	0.027	0.001
>CTGTTTGACCAG	11-CTGTTTGACCAG	7.851431	-446.330253	0	T:1081.0(6.41%),B:730.8(2.26%),P:1e-193	Tpos:99.5,Tstd:52.7,Bpos:95.6,Bstd:68.6,StrandBias:-0.2,Multiplicity:1.04
0.087	0.735	0.074	0.104
0.099	0.051	0.046	0.804
0.064	0.126	0.723	0.087
0.072	0.104	0.065	0.759
0.063	0.162	0.138	0.637
0.064	0.026	0.058	0.852
0.078	0.076	0.748	0.098
0.675	0.098	0.114	0.113
0.075	0.722	0.106	0.097
0.109	0.778	0.030	0.083
0.800	0.053	0.040	0.107
0.099	0.062	0.768	0.071
>CACAGGATGAGA	12-CACAGGATGAGA	12.379244	-419.059024	0	T:123.0(0.73%),B:3.1(0.01%),P:1e-181	Tpos:107.2,Tstd:41.8,Bpos:93.1,Bstd:7.3,StrandBias:0.2,Multiplicity:1.00
0.001	0.997	0.001	0.001
0.513	0.001	0.243	0.243
0.001	0.781	0.001	0.217
0.997	0.001	0.001	0.001
0.001	0.001	0.997	0.001
0.001	0.001	0.997	0.001
0.950	0.001	0.048	0.001
0.001	0.001	0.001	0.997
0.001	0.001	0.997	0.001
0.997	0.001	0.001	0.001
0.001	0.001	0.755	0.243
0.997	0.001	0.001	0.001
>GGCATTCTWAGT	13-GGCATTCTWAGT	9.649636	-404.725994	0	T:128.0(0.76%),B:4.9(0.02%),P:1e-175	Tpos:112.4,Tstd:48.3,Bpos:81.3,Bstd:38.6,StrandBias:0.0,Multiplicity:1.01
0.002	0.001	0.996	0.001
0.001	0.001	0.954	0.044
0.001	0.997	0.001	0.001
0.997	0.001	0.001	0.001
0.001	0.001	0.001	0.997
0.001	0.001	0.001	0.997
0.001	0.997	0.001	0.001
0.001	0.001	0.001	0.997
0.535	0.015	0.001	0.449
0.997	0.001	0.001	0.001
0.001	0.001	0.997	0.001
0.001	0.001	0.001	0.997
>GCTGCATTCCCA	14-GCTGCATTCCCA	11.345595	-399.231612	0	T:156.0(0.92%),B:9.2(0.03%),P:1e-173	Tpos:104.9,Tstd:59.1,Bpos:78.4,Bstd:45.5,StrandBias:0.3,Multiplicity:1.00
0.062	0.001	0.936	0.001
0.001	0.997	0.001	0.001
0.001	0.001	0.001	0.997
0.006	0.001	0.991	0.002
0.001	0.997	0.001	0.001
0.997	0.001	0.001	0.001
0.001	0.001	0.001	0.997
0.001	0.001	0.001	0.997
0.001	0.997	0.001	0.001
0.001	0.997	0.001	0.001
0.001	0.928	0.001	0.070
0.991	0.001	0.002	0.006
>ATCTTGTGCCGA	15-ATCTTGTGCCGA	12.192337	-246.031636	0	T:98.0(0.58%),B:6.5(0.02%),P:1e-106	Tpos:112.0,Tstd:35.6,Bpos:82.0,Bstd:74.1,StrandBias:-0.3,Multiplicity:1.00
0.692	0.001	0.306	0.001
0.001	0.108	0.023	0.868
0.001	0.872	0.001	0.126
0.001	0.001	0.001	0.997
0.001	0.001	0.001	0.997
0.170	0.001	0.828	0.001
0.001	0.001	0.085	0.913
0.085	0.001	0.913	0.001
0.001	0.997	0.001	0.001
0.001	0.912	0.001	0.086
0.418	0.001	0.580	0.001
0.913	0.001	0.001	0.085
>TGCAGTAAAGAA	16-TGCAGTAAAGAA	10.659469	-231.613793	0	T:102.0(0.60%),B:8.6(0.03%),P:1e-100	Tpos:111.0,Tstd:43.6,Bpos:39.5,Bstd:39.3,StrandBias:0.5,Multiplicity:1.00
0.001	0.003	0.001	0.995
0.001	0.003	0.995	0.001
0.001	0.982	0.001	0.016
0.995	0.003	0.001	0.001
0.001	0.003	0.995	0.001
0.001	0.016	0.001	0.982
0.997	0.001	0.001	0.001
0.997	0.001	0.001	0.001
0.997	0.001	0.001	0.001
0.003	0.001	0.993	0.003
0.908	0.001	0.088	0.003
0.997	0.001	0.001	0.001
>AGAGGTCAYTYT	17-AGAGGTCAYTYT	12.870849	-225.492416	0	T:92.0(0.55%),B:6.8(0.02%),P:1e-97	Tpos:104.1,Tstd:68.7,Bpos:103.1,Bstd:47.5,StrandBias:-0.2,Multiplicity:1.00
0.983	0.001	0.015	0.001
0.001	0.001	0.997	0.001
0.842	0.004	0.079	0.075
0.001	0.001	0.788	0.210
0.074	0.001	0.924	0.001
0.001	0.001	0.001	0.997
0.001	0.907	0.001	0.091
0.997	0.001	0.001	0.001
0.001	0.500	0.001	0.498
0.001	0.001	0.001	0.997
0.016	0.563	0.001	0.420
0.075	0.154	0.199	0.572
>AACTTYCTAAAT	18-AACTTYCTAAAT	11.553858	-212.229565	0	T:73.0(0.43%),B:3.6(0.01%),P:1e-92	Tpos:92.3,Tstd:60.5,Bpos:125.6,Bstd:36.9,StrandBias:0.0,Multiplicity:1.00
0.751	0.114	0.095	0.040
0.810	0.040	0.063	0.087
0.064	0.746	0.102	0.088
0.100	0.122	0.007	0.771
0.061	0.041	0.304	0.594
0.020	0.394	0.047	0.539
0.087	0.855	0.038	0.020
0.041	0.058	0.013	0.888
0.787	0.067	0.112	0.034
0.817	0.102	0.034	0.047
0.920	0.020	0.020	0.040
0.041	0.020	0.159	0.780
>CTTGGCAAAATA	19-CTTGGCAAAATA	11.033489	-211.850124	0	T:66.0(0.39%),B:3.0(0.01%),P:1e-92	Tpos:104.4,Tstd:54.2,Bpos:54.9,Bstd:54.5,StrandBias:0.3,Multiplicity:1.00
0.005	0.981	0.013	0.001
0.023	0.001	0.001	0.975
0.001	0.004	0.001	0.994
0.001	0.001	0.997	0.001
0.001	0.001	0.997	0.001
0.001	0.997	0.001	0.001
0.994	0.004	0.001	0.001
0.994	0.001	0.004	0.001
0.997	0.001	0.001	0.001
0.997	0.001	0.001	0.001
0.001	0.001	0.004	0.994
0.997	0.001	0.001	0.001
>GCCTRAKGGCTA	20-GCCTRAKGGCTA	10.133529	-191.251924	0	T:61.0(0.36%),B:2.2(0.01%),P:1e-83	Tpos:103.1,Tstd:53.4,Bpos:123.7,Bstd:38.3,StrandBias:0.2,Multiplicity:1.00
0.176	0.002	0.743	0.079
0.163	0.613	0.155	0.069
0.003	0.946	0.001	0.050
0.192	0.158	0.001	0.649
0.406	0.208	0.310	0.076
0.838	0.004	0.012	0.146
0.184	0.185	0.339	0.292
0.197	0.024	0.607	0.172
0.108	0.091	0.667	0.134
0.002	0.652	0.125	0.221
0.019	0.251	0.051	0.679
0.889	0.002	0.096	0.013
>GTTTTGGCCGGC	21-GTTTTGGCCGGC	10.217733	-184.103599	0	T:107.0(0.63%),B:15.7(0.05%),P:1e-79	Tpos:114.5,Tstd:48.6,Bpos:102.0,Bstd:70.3,StrandBias:-0.7,Multiplicity:1.00
0.006	0.006	0.987	0.001
0.001	0.006	0.006	0.987
0.001	0.005	0.001	0.993
0.001	0.001	0.001	0.997
0.001	0.001	0.005	0.993
0.042	0.001	0.956	0.001
0.016	0.001	0.977	0.006
0.006	0.987	0.006	0.001
0.006	0.607	0.001	0.386
0.189	0.006	0.762	0.043
0.001	0.001	0.997	0.001
0.001	0.987	0.006	0.006
>CCGTGACACAGC	22-CCGTGACACAGC	11.219841	-160.416506	0	T:111.0(0.66%),B:21.4(0.07%),P:1e-69	Tpos:95.3,Tstd:43.9,Bpos:66.9,Bstd:70.4,StrandBias:0.3,Multiplicity:1.02
0.030	0.891	0.018	0.061
0.096	0.724	0.042	0.138
0.156	0.092	0.619	0.133
0.030	0.024	0.143	0.803
0.030	0.030	0.916	0.024
0.807	0.063	0.076	0.054
0.018	0.952	0.012	0.018
0.916	0.030	0.012	0.042
0.048	0.848	0.048	0.056
0.848	0.024	0.036	0.092
0.045	0.075	0.829	0.051
0.069	0.850	0.051	0.030
>TTATCTCGGGGC	23-TTATCTCGGGGC	12.181748	-141.723592	0	T:54.0(0.32%),B:3.2(0.01%),P:1e-61	Tpos:100.3,Tstd:55.0,Bpos:84.8,Bstd:14.6,StrandBias:-0.2,Multiplicity:1.25
0.001	0.089	0.001	0.909
0.001	0.001	0.089	0.909
0.997	0.001	0.001	0.001
0.089	0.001	0.001	0.909
0.001	0.843	0.001	0.155
0.089	0.001	0.001	0.909
0.021	0.778	0.001	0.200
0.091	0.001	0.907	0.001
0.179	0.001	0.819	0.001
0.001	0.001	0.997	0.001
0.090	0.090	0.819	0.001
0.089	0.909	0.001	0.001
>TGTTTCTGGTCG	24-TGTTTCTGGTCG	12.270440	-133.267435	0	T:56.0(0.33%),B:4.5(0.01%),P:1e-57	Tpos:96.4,Tstd:41.9,Bpos:57.1,Bstd:30.3,StrandBias:0.1,Multiplicity:1.04
0.001	0.001	0.001	0.997
0.075	0.001	0.923	0.001
0.001	0.001	0.001	0.997
0.001	0.029	0.027	0.943
0.001	0.001	0.075	0.923
0.001	0.997	0.001	0.001
0.001	0.152	0.076	0.771
0.075	0.001	0.923	0.001
0.152	0.001	0.846	0.001
0.076	0.001	0.152	0.771
0.103	0.820	0.001	0.076
0.334	0.001	0.664	0.001
>CGTTTTACCCAG	25-CGTTTTACCCAG	13.196035	-124.502104	0	T:44.0(0.26%),B:2.6(0.01%),P:1e-54	Tpos:82.6,Tstd:63.9,Bpos:64.7,Bstd:83.6,StrandBias:-0.7,Multiplicity:1.00
0.001	0.735	0.128	0.136
0.134	0.001	0.864	0.001
0.001	0.001	0.001	0.997
0.001	0.007	0.001	0.991
0.001	0.001	0.001	0.997
0.243	0.243	0.001	0.513
0.997	0.001	0.001	0.001
0.264	0.680	0.001	0.055
0.001	0.978	0.020	0.001
0.001	0.978	0.001	0.020
0.997	0.001	0.001	0.001
0.001	0.001	0.997	0.001
>TRTGACCT	1-TRTGACCT	5.757435	-5793.163661	0	T:10582.0(62.72%),B:7666.9(23.72%),P:1e-2515	Tpos:101.0,Tstd:48.4,Bpos:99.4,Bstd:68.6,StrandBias:-0.0,Multiplicity:1.46
0.311	0.069	0.137	0.483
0.378	0.078	0.331	0.212
0.001	0.001	0.001	0.997
0.001	0.001	0.997	0.001
0.936	0.062	0.001	0.001
0.001	0.997	0.001	0.001
0.072	0.926	0.001	0.001
0.001	0.124	0.001	0.874
>TGACCYGG	2-TGACCYGG	4.975275	-5442.299915	0	T:13232.0(78.43%),B:12634.1(39.09%),P:1e-2363	Tpos:99.7,Tstd:50.5,Bpos:99.0,Bstd:69.5,StrandBias:-0.0,Multiplicity:1.50
0.036	0.094	0.019	0.851
0.088	0.067	0.780	0.065
0.621	0.213	0.081	0.085
0.053	0.848	0.051	0.048
0.197	0.611	0.013	0.179
0.072	0.386	0.091	0.451
0.261	0.064	0.428	0.246
0.172	0.175	0.475	0.178
>GGTCATVM	3-GGTCATVM	5.688956	-3400.944729	0	T:8903.0(52.77%),B:7553.1(23.37%),P:1e-1477	Tpos:100.8,Tstd:55.9,Bpos:99.6,Bstd:68.0,StrandBias:0.0,Multiplicity:1.06
0.182	0.001	0.816	0.001
0.001	0.001	0.997	0.001
0.001	0.079	0.001	0.919
0.001	0.721	0.001	0.277
0.877	0.001	0.121	0.001
0.199	0.305	0.001	0.495
0.243	0.340	0.331	0.085
0.377	0.300	0.204	0.119
>TGTTTRCH	4-TGTTTRCH	7.267780	-2191.884966	0	T:4643.0(27.52%),B:3104.1(9.60%),P:1e-951	Tpos:99.2,Tstd:55.6,Bpos:101.3,Bstd:64.3,StrandBias:0.0,Multiplicity:1.20
0.045	0.009	0.017	0.929
0.370	0.001	0.627	0.002
0.016	0.001	0.013	0.970
0.001	0.037	0.028	0.934
0.085	0.001	0.101	0.813
0.525	0.001	0.403	0.071
0.102	0.791	0.008	0.099
0.306	0.271	0.014	0.409
>GTYRACYT	5-GTYRACYT	5.736118	-1679.779831	0	T:5742.0(34.03%),B:5128.5(15.87%),P:1e-729	Tpos:101.4,Tstd:54.5,Bpos:100.2,Bstd:68.8,StrandBias:-0.1,Multiplicity:1.09
0.073	0.039	0.789	0.099
0.052	0.001	0.166	0.781
0.001	0.492	0.001	0.506
0.466	0.001	0.532	0.001
0.639	0.202	0.001	0.158
0.001	0.897	0.059	0.043
0.087	0.435	0.001	0.477
0.025	0.013	0.025	0.937
>YAAACADK	6-YAAACADK	5.957652	-1479.903229	0	T:8342.0(49.45%),B:9529.5(29.48%),P:1e-642	Tpos:98.2,Tstd:58.0,Bpos:100.2,Bstd:62.9,StrandBias:0.0,Multiplicity:1.18
0.001	0.543	0.001	0.455
0.960	0.038	0.001	0.001
0.878	0.001	0.120	0.001
0.940	0.030	0.001	0.029
0.001	0.602	0.001	0.396
0.696	0.102	0.047	0.155
0.360	0.001	0.358	0.281
0.139	0.209	0.266	0.385
>CCGACCTK	7-CCGACCTK	4.767350	-1442.664298	0	T:4033.0(23.90%),B:3138.2(9.71%),P:1e-626	Tpos:99.2,Tstd:49.3,Bpos:93.9,Bstd:56.2,StrandBias:-0.2,Multiplicity:1.03
0.001	0.839	0.098	0.062
0.001	0.951	0.001	0.047
0.001	0.001	0.997	0.001
0.592	0.406	0.001	0.001
0.001	0.997	0.001	0.001
0.001	0.997	0.001	0.001
0.001	0.001	0.001	0.997
0.001	0.048	0.404	0.547
>TAACCTTY	8-TAACCTTY	7.128756	-1293.511998	0	T:3773.0(22.36%),B:2987.9(9.24%),P:1e-561	Tpos:98.3,Tstd:55.7,Bpos:96.5,Bstd:63.5,StrandBias:-0.1,Multiplicity:1.07
0.001	0.058	0.001	0.940
0.591	0.001	0.407	0.001
0.997	0.001	0.001	0.001
0.245	0.669	0.001	0.085
0.001	0.981	0.017	0.001
0.017	0.001	0.187	0.795
0.001	0.313	0.128	0.558
0.059	0.338	0.135	0.468
>KYTTATCT	9-KYTTATCT	6.427997	-1278.338107	0	T:4565.0(27.06%),B:4058.8(12.56%),P:1e-555	Tpos:100.8,Tstd:54.5,Bpos:100.8,Bstd:63.6,StrandBias:0.0,Multiplicity:1.20
0.064	0.158	0.373	0.405
0.068	0.352	0.161	0.419
0.021	0.031	0.002	0.946
0.137	0.048	0.023	0.792
0.944	0.008	0.039	0.009
0.068	0.059	0.024	0.849
0.030	0.915	0.015	0.040
0.136	0.067	0.034	0.763
>TGCCCTCH	10-TGCCCTCH	3.588257	-1189.824590	0	T:5397.0(31.99%),B:5391.1(16.68%),P:1e-516	Tpos:100.4,Tstd:53.0,Bpos:101.2,Bstd:62.4,StrandBias:-0.0,Multiplicity:1.14
0.001	0.348	0.001	0.650
0.001	0.001	0.997	0.001
0.001	0.997	0.001	0.001
0.001	0.997	0.001	0.001
0.001	0.997	0.001	0.001
0.001	0.001	0.001	0.997
0.005	0.645	0.268	0.082
0.322	0.308	0.081	0.288
>TGACATTT	11-TGACATTT	6.332024	-1127.388251	0	T:3100.0(18.37%),B:2344.3(7.25%),P:1e-489	Tpos:100.9,Tstd:49.7,Bpos:100.1,Bstd:69.5,StrandBias:-0.1,Multiplicity:1.08
0.001	0.001	0.001	0.997
0.001	0.001	0.997	0.001
0.997	0.001	0.001	0.001
0.001	0.997	0.001	0.001
0.997	0.001	0.001	0.001
0.001	0.001	0.001	0.997
0.091	0.078	0.001	0.830
0.112	0.197	0.001	0.690
>TGACCMGA	12-TGACCMGA	5.934730	-1047.067522	0	T:4823.0(28.59%),B:4794.9(14.83%),P:1e-454	Tpos:100.9,Tstd:52.4,Bpos:98.3,Bstd:66.4,StrandBias:0.0,Multiplicity:1.12
0.001	0.215	0.001	0.783
0.043	0.001	0.868	0.088
0.691	0.177	0.084	0.048
0.001	0.871	0.001	0.127
0.045	0.841	0.037	0.077
0.400	0.268	0.202	0.130
0.064	0.108	0.732	0.096
0.814	0.090	0.074	0.022
>TGACCCSH	13-TGACCCSH	5.956955	-965.975042	0	T:5767.0(34.18%),B:6385.2(19.75%),P:1e-419	Tpos:100.6,Tstd:52.4,Bpos:99.7,Bstd:70.3,StrandBias:0.0,Multiplicity:1.08
0.001	0.101	0.119	0.779
0.001	0.001	0.997	0.001
0.997	0.001	0.001	0.001
0.001	0.997	0.001	0.001
0.321	0.489	0.049	0.140
0.204	0.514	0.208	0.074
0.193	0.288	0.348	0.172
0.305	0.311	0.099	0.285
>ATGACTCA	14-ATGACTCA	6.168385	-911.944303	0	T:3023.0(17.92%),B:2517.9(7.79%),P:1e-396	Tpos:101.1,Tstd:55.3,Bpos:100.9,Bstd:68.8,StrandBias:0.0,Multiplicity:1.08
0.684	0.083	0.211	0.022
0.001	0.001	0.001	0.997
0.001	0.001	0.992	0.006
0.997	0.001	0.001	0.001
0.019	0.645	0.308	0.028
0.036	0.001	0.002	0.961
0.057	0.941	0.001	0.001
0.991	0.001	0.003	0.005
>RWYAAACA	15-RWYAAACA	7.610543	-643.274473	0	T:3106.0(18.41%),B:3051.5(9.44%),P:1e-279	Tpos:98.2,Tstd:55.7,Bpos:101.2,Bstd:65.1,StrandBias:-0.0,Multiplicity:1.17
0.524	0.001	0.474	0.001
0.524	0.001	0.001	0.474
0.001	0.521	0.001	0.477
0.997	0.001	0.001	0.001
0.997	0.001	0.001	0.001
0.997	0.001	0.001	0.001
0.001	0.780	0.001	0.218
0.997	0.001	0.001	0.001
>GATAAGAT	16-GATAAGAT	6.615048	-639.398148	0	T:2384.0(14.13%),B:2075.4(6.42%),P:1e-277	Tpos:99.5,Tstd:54.2,Bpos:96.8,Bstd:68.1,StrandBias:-0.1,Multiplicity:1.06
0.036	0.016	0.947	0.001
0.911	0.001	0.001	0.087
0.001	0.031	0.001	0.967
0.597	0.158	0.195	0.050
0.898	0.001	0.050	0.051
0.010	0.101	0.869	0.020
0.988	0.001	0.010	0.001
0.028	0.030	0.017	0.925
>GCCTVAGG	17-GCCTVAGG	7.366216	-626.277647	0	T:4321.0(25.61%),B:4887.0(15.12%),P:1e-271	Tpos:98.5,Tstd:55.7,Bpos:99.6,Bstd:66.4,StrandBias:0.1,Multiplicity:1.19
0.001	0.334	0.664	0.001
0.001	0.997	0.001	0.001
0.001	0.997	0.001	0.001
0.001	0.411	0.001	0.587
0.283	0.318	0.358	0.041
0.650	0.001	0.348	0.001
0.001	0.001	0.997	0.001
0.001	0.001	0.997	0.001
>RACCGGTT	18-RACCGGTT	6.229833	-513.355665	0	T:2261.0(13.40%),B:2112.3(6.53%),P:1e-222	Tpos:100.5,Tstd:54.5,Bpos:104.1,Bstd:67.4,StrandBias:-0.0,Multiplicity:1.06
0.500	0.001	0.434	0.065
0.669	0.001	0.060	0.270
0.001	0.934	0.014	0.051
0.309	0.473	0.048	0.170
0.002	0.048	0.846	0.104
0.001	0.036	0.962	0.001
0.049	0.097	0.001	0.853
0.094	0.140	0.001	0.765
>ACATTCCA	19-ACATTCCA	7.417578	-447.428898	0	T:1459.0(8.65%),B:1172.5(3.63%),P:1e-194	Tpos:101.2,Tstd:57.5,Bpos:96.3,Bstd:63.3,StrandBias:0.1,Multiplicity:1.06
0.892	0.001	0.106	0.001
0.001	0.997	0.001	0.001
0.997	0.001	0.001	0.001
0.001	0.001	0.001	0.997
0.001	0.001	0.001	0.997
0.001	0.997	0.001	0.001
0.001	0.997	0.001	0.001
0.643	0.001	0.029	0.327
>SWCAAGAT	20-SWCAAGAT	7.696987	-438.417440	0	T:1632.0(9.67%),B:1402.8(4.34%),P:1e-190	Tpos:106.6,Tstd:53.9,Bpos:98.6,Bstd:69.6,StrandBias:-0.1,Multiplicity:1.03
0.224	0.314	0.461	0.001
0.453	0.001	0.001	0.545
0.082	0.916	0.001	0.001
0.987	0.001	0.001	0.011
0.916	0.082	0.001	0.001
0.001	0.001	0.861	0.137
0.546	0.123	0.190	0.141
0.001	0.011	0.001	0.987
>GCAAGGTC	21-GCAAGGTC	8.236954	-358.396307	0	T:455.0(2.70%),B:183.5(0.57%),P:1e-155	Tpos:101.6,Tstd:40.7,Bpos:105.8,Bstd:65.2,StrandBias:-0.1,Multiplicity:1.00
0.100	0.100	0.700	0.100
0.100	0.700	0.100	0.100
0.700	0.100	0.100	0.100
0.700	0.100	0.100	0.100
0.100	0.100	0.700	0.100
0.100	0.100	0.700	0.100
0.100	0.100	0.100	0.700
0.100	0.700	0.100	0.100
>WATCAGAT	22-WATCAGAT	8.034440	-284.475789	0	T:1038.0(6.15%),B:876.3(2.71%),P:1e-123	Tpos:99.9,Tstd:55.5,Bpos:101.1,Bstd:69.7,StrandBias:0.0,Multiplicity:1.02
0.428	0.001	0.009	0.562
0.689	0.309	0.001	0.001
0.001	0.001	0.001	0.997
0.001	0.997	0.001	0.001
0.623	0.001	0.001	0.375
0.066	0.001	0.848	0.085
0.813	0.110	0.076	0.001
0.076	0.223	0.066	0.635
>CGGCCCAG	23-CGGCCCAG	6.257661	-201.457306	0	T:2297.0(13.62%),B:2891.2(8.94%),P:1e-87	Tpos:99.3,Tstd:55.4,Bpos:98.8,Bstd:64.6,StrandBias:0.1,Multiplicity:1.14
0.019	0.758	0.024	0.199
0.136	0.061	0.729	0.074
0.137	0.106	0.727	0.030
0.012	0.743	0.147	0.098
0.055	0.888	0.005	0.052
0.187	0.689	0.061	0.063
0.671	0.105	0.124	0.100
0.073	0.065	0.798	0.064
>CCTGCCAG	24-CCTGCCAG	8.405610	-139.136823	0	T:1171.0(6.94%),B:1349.0(4.17%),P:1e-60	Tpos:98.2,Tstd:57.6,Bpos:100.0,Bstd:64.2,StrandBias:0.0,Multiplicity:1.06
0.001	0.997	0.001	0.001
0.001	0.997	0.001	0.001
0.226	0.001	0.001	0.772
0.001	0.001	0.997	0.001
0.001	0.997	0.001	0.001
0.001	0.997	0.001	0.001
0.766	0.143	0.090	0.001
0.001	0.001	0.997	0.001
>GGAATGCA	25-GGAATGCA	8.236954	-138.842075	0	T:461.0(2.73%),B:370.0(1.14%),P:1e-60	Tpos:102.2,Tstd:62.1,Bpos:101.3,Bstd:67.9,StrandBias:-0.2,Multiplicity:1.01
0.100	0.100	0.700	0.100
0.100	0.100	0.700	0.100
0.700	0.100	0.100	0.100
0.700	0.100	0.100	0.100
0.100	0.100	0.100	0.700
0.100	0.100	0.700	0.100
0.100	0.700	0.100	0.100
0.700	0.100	0.100	0.100
