>RNNNTGACCT	1-RNNNTGACCT	6.328728	-7282.072086	0	T:11167.0(66.19%),B:7304.8(22.60%),P:1e-3162	Tpos:100.8,Tstd:46.7,Bpos:99.9,Bstd:69.2,StrandBias:-0.0,Multiplicity:1.53
0.442	0.045	0.315	0.199
0.239	0.286	0.245	0.230
0.216	0.318	0.257	0.209
0.221	0.265	0.310	0.204
0.001	0.001	0.001	0.997
0.001	0.001	0.997	0.001
0.790	0.208	0.001	0.001
0.001	0.997	0.001	0.001
0.210	0.776	0.001	0.013
0.076	0.313	0.001	0.610
>RKGTCACMDK	2-RKGTCACMDK	5.611306	-4354.551219	0	T:11535.0(68.37%),B:10724.3(33.18%),P:1e-1891	Tpos:99.4,Tstd:51.7,Bpos:99.9,Bstd:69.9,StrandBias:-0.0,Multiplicity:1.30
0.422	0.062	0.275	0.241
0.152	0.001	0.384	0.463
0.001	0.001	0.997	0.001
0.124	0.001	0.028	0.847
0.001	0.783	0.207	0.009
0.997	0.001	0.001	0.001
0.256	0.435	0.069	0.240
0.282	0.390	0.165	0.163
0.248	0.149	0.282	0.321
0.194	0.175	0.255	0.376
>CGSGCTGACC	3-CGSGCTGACC	6.007690	-2573.386764	0	T:7081.0(41.97%),B:5867.9(18.15%),P:1e-1117	Tpos:100.3,Tstd:52.0,Bpos:98.6,Bstd:67.2,StrandBias:-0.1,Multiplicity:1.13
0.062	0.581	0.125	0.232
0.228	0.138	0.454	0.180
0.224	0.384	0.256	0.136
0.109	0.205	0.453	0.233
0.003	0.909	0.083	0.005
0.026	0.126	0.003	0.845
0.003	0.011	0.979	0.007
0.749	0.125	0.068	0.058
0.027	0.909	0.050	0.014
0.137	0.799	0.008	0.056
>TGCCCBDGGS	4-TGCCCBDGGS	6.377996	-2318.743174	0	T:6377.0(37.80%),B:5190.1(16.06%),P:1e-1007	Tpos:98.7,Tstd:53.2,Bpos:99.0,Bstd:66.7,StrandBias:-0.0,Multiplicity:1.23
0.074	0.092	0.087	0.747
0.001	0.011	0.987	0.001
0.279	0.689	0.031	0.001
0.001	0.997	0.001	0.001
0.041	0.830	0.001	0.128
0.163	0.255	0.249	0.333
0.274	0.087	0.382	0.258
0.219	0.001	0.682	0.098
0.196	0.006	0.762	0.036
0.076	0.408	0.413	0.103
>GYAAAYAWWN	5-GYAAAYAWWN	7.266323	-2006.668270	0	T:5078.0(30.10%),B:3826.9(11.84%),P:1e-871	Tpos:99.4,Tstd:55.5,Bpos:101.7,Bstd:62.3,StrandBias:-0.0,Multiplicity:1.22
0.214	0.001	0.784	0.001
0.001	0.544	0.001	0.454
0.997	0.001	0.001	0.001
0.997	0.001	0.001	0.001
0.997	0.001	0.001	0.001
0.001	0.536	0.001	0.462
0.997	0.001	0.001	0.001
0.283	0.101	0.207	0.409
0.314	0.164	0.125	0.398
0.238	0.187	0.254	0.322
>ATCTTATCTN	6-ATCTTATCTN	6.150227	-1192.070295	0	T:4961.0(29.41%),B:4749.1(14.69%),P:1e-517	Tpos:99.9,Tstd:53.8,Bpos:99.1,Bstd:63.8,StrandBias:0.0,Multiplicity:1.22
0.544	0.081	0.153	0.222
0.016	0.212	0.152	0.620
0.041	0.560	0.202	0.197
0.039	0.038	0.002	0.921
0.115	0.046	0.115	0.724
0.949	0.016	0.027	0.008
0.026	0.016	0.002	0.956
0.019	0.943	0.013	0.025
0.161	0.016	0.007	0.816
0.252	0.182	0.268	0.297
>GRTTAAACAA	7-GRTTAAACAA	6.729263	-1183.940230	0	T:3595.0(21.31%),B:2896.9(8.96%),P:1e-514	Tpos:98.6,Tstd:55.0,Bpos:101.0,Bstd:66.5,StrandBias:0.0,Multiplicity:1.08
0.205	0.019	0.731	0.045
0.305	0.022	0.435	0.238
0.129	0.182	0.165	0.524
0.103	0.355	0.011	0.531
0.972	0.014	0.008	0.006
0.803	0.048	0.116	0.033
0.827	0.088	0.040	0.045
0.011	0.883	0.009	0.097
0.887	0.025	0.001	0.087
0.454	0.123	0.292	0.131
>GRTGASTCAB	8-GRTGASTCAB	7.226153	-952.188651	0	T:1884.0(11.17%),B:1129.7(3.49%),P:1e-413	Tpos:101.1,Tstd:54.7,Bpos:99.9,Bstd:70.5,StrandBias:0.0,Multiplicity:1.05
0.164	0.218	0.405	0.213
0.417	0.220	0.317	0.045
0.001	0.001	0.001	0.997
0.014	0.001	0.915	0.070
0.918	0.001	0.032	0.049
0.043	0.522	0.403	0.032
0.032	0.001	0.001	0.966
0.024	0.974	0.001	0.001
0.997	0.001	0.001	0.001
0.036	0.272	0.309	0.382
>GCCCTGMCMG	9-GCCCTGMCMG	6.342861	-669.288971	0	T:4775.0(28.30%),B:5491.3(16.99%),P:1e-290	Tpos:99.2,Tstd:54.3,Bpos:100.8,Bstd:66.7,StrandBias:0.0,Multiplicity:1.23
0.178	0.001	0.820	0.001
0.271	0.655	0.001	0.073
0.001	0.934	0.001	0.064
0.099	0.899	0.001	0.001
0.117	0.086	0.001	0.796
0.017	0.182	0.800	0.001
0.251	0.369	0.165	0.216
0.089	0.571	0.208	0.132
0.408	0.339	0.139	0.113
0.032	0.346	0.621	0.001
>AGATAKTATC	10-AGATAKTATC	8.781221	-467.474743	0	T:768.0(4.55%),B:391.8(1.21%),P:1e-203	Tpos:100.5,Tstd:52.6,Bpos:97.6,Bstd:60.2,StrandBias:-0.1,Multiplicity:1.02
0.645	0.001	0.001	0.353
0.001	0.001	0.997	0.001
0.997	0.001	0.001	0.001
0.001	0.001	0.001	0.997
0.558	0.077	0.192	0.173
0.050	0.107	0.414	0.429
0.172	0.119	0.019	0.690
0.997	0.001	0.001	0.001
0.001	0.001	0.001	0.997
0.001	0.997	0.001	0.001
>GCTGCATTCC	11-GCTGCATTCC	6.534238	-321.839864	0	T:356.0(2.11%),B:124.7(0.39%),P:1e-139	Tpos:99.8,Tstd:59.6,Bpos:90.8,Bstd:54.8,StrandBias:0.2,Multiplicity:1.01
0.001	0.001	0.997	0.001
0.133	0.865	0.001	0.001
0.001	0.098	0.163	0.738
0.223	0.001	0.775	0.001
0.001	0.997	0.001	0.001
0.997	0.001	0.001	0.001
0.001	0.001	0.001	0.997
0.001	0.001	0.001	0.997
0.001	0.997	0.001	0.001
0.001	0.997	0.001	0.001
>AACCGGTTTG	12-AACCGGTTTG	7.392347	-318.892428	0	T:959.0(5.68%),B:734.0(2.27%),P:1e-138	Tpos:101.0,Tstd:55.1,Bpos:108.5,Bstd:64.1,StrandBias:-0.1,Multiplicity:1.03
0.698	0.070	0.196	0.036
0.800	0.010	0.086	0.104
0.001	0.952	0.001	0.046
0.264	0.503	0.028	0.205
0.210	0.011	0.476	0.303
0.002	0.023	0.968	0.007
0.045	0.097	0.027	0.831
0.043	0.149	0.014	0.794
0.136	0.189	0.138	0.537
0.189	0.186	0.392	0.234
>GTTTAGGCAT	13-GTTTAGGCAT	8.836226	-206.438020	0	T:118.0(0.70%),B:16.4(0.05%),P:1e-89	Tpos:108.8,Tstd:52.7,Bpos:103.8,Bstd:69.4,StrandBias:0.1,Multiplicity:1.00
0.051	0.034	0.914	0.001
0.059	0.041	0.366	0.534
0.008	0.325	0.026	0.641
0.342	0.018	0.062	0.578
0.572	0.223	0.089	0.116
0.004	0.207	0.735	0.054
0.116	0.277	0.539	0.068
0.020	0.816	0.080	0.084
0.523	0.004	0.200	0.273
0.239	0.023	0.104	0.634
>GTCACAGGAT	14-GTCACAGGAT	8.577885	-179.126648	0	T:156.0(0.92%),B:41.5(0.13%),P:1e-77	Tpos:102.3,Tstd:42.1,Bpos:125.9,Bstd:56.4,StrandBias:-0.4,Multiplicity:1.00
0.001	0.001	0.997	0.001
0.001	0.001	0.001	0.997
0.001	0.997	0.001	0.001
0.992	0.001	0.006	0.001
0.001	0.997	0.001	0.001
0.997	0.001	0.001	0.001
0.001	0.001	0.997	0.001
0.001	0.001	0.997	0.001
0.997	0.001	0.001	0.001
0.001	0.001	0.133	0.865
>GTCATGACAC	15-GTCATGACAC	8.786836	-160.647788	0	T:340.0(2.02%),B:209.7(0.65%),P:1e-69	Tpos:108.0,Tstd:46.8,Bpos:108.0,Bstd:64.9,StrandBias:0.0,Multiplicity:1.03
0.001	0.032	0.966	0.001
0.028	0.001	0.050	0.921
0.015	0.983	0.001	0.001
0.964	0.001	0.001	0.034
0.001	0.005	0.042	0.952
0.008	0.070	0.898	0.024
0.965	0.033	0.001	0.001
0.039	0.910	0.050	0.001
0.945	0.001	0.015	0.039
0.044	0.622	0.038	0.296
>AAACTTTCTA	16-AAACTTTCTA	10.384731	-150.882537	0	T:191.0(1.13%),B:77.6(0.24%),P:1e-65	Tpos:98.7,Tstd:54.1,Bpos:87.3,Bstd:54.7,StrandBias:0.1,Multiplicity:1.01
0.907	0.004	0.042	0.047
0.964	0.031	0.004	0.001
0.709	0.134	0.077	0.080
0.076	0.919	0.004	0.001
0.336	0.089	0.004	0.571
0.077	0.136	0.075	0.712
0.001	0.070	0.033	0.896
0.067	0.887	0.001	0.045
0.040	0.336	0.027	0.597
0.848	0.067	0.084	0.001
>GCACAAGATA	17-GCACAAGATA	9.650627	-146.569209	0	T:118.0(0.70%),B:28.5(0.09%),P:1e-63	Tpos:107.1,Tstd:39.8,Bpos:89.0,Bstd:51.1,StrandBias:0.1,Multiplicity:1.00
0.001	0.001	0.997	0.001
0.001	0.997	0.001	0.001
0.991	0.001	0.007	0.001
0.001	0.937	0.001	0.061
0.979	0.001	0.019	0.001
0.991	0.007	0.001	0.001
0.001	0.001	0.997	0.001
0.997	0.001	0.001	0.001
0.001	0.001	0.001	0.997
0.860	0.001	0.001	0.138
>TGCAGTAAAG	18-TGCAGTAAAG	9.636197	-142.805578	0	T:93.0(0.55%),B:16.6(0.05%),P:1e-62	Tpos:108.8,Tstd:45.0,Bpos:78.8,Bstd:65.6,StrandBias:0.5,Multiplicity:1.00
0.001	0.001	0.001	0.997
0.001	0.001	0.997	0.001
0.001	0.997	0.001	0.001
0.983	0.015	0.001	0.001
0.001	0.001	0.997	0.001
0.001	0.001	0.001	0.997
0.997	0.001	0.001	0.001
0.997	0.001	0.001	0.001
0.997	0.001	0.001	0.001
0.001	0.001	0.997	0.001
>ACCGTGGCAA	19-ACCGTGGCAA	11.451853	-114.553702	0	T:81.0(0.48%),B:16.1(0.05%),P:1e-49	Tpos:97.9,Tstd:52.4,Bpos:73.2,Bstd:66.6,StrandBias:0.3,Multiplicity:1.00
0.755	0.243	0.001	0.001
0.001	0.997	0.001	0.001
0.001	0.997	0.001	0.001
0.001	0.001	0.735	0.263
0.001	0.001	0.001	0.997
0.001	0.243	0.513	0.243
0.001	0.001	0.997	0.001
0.001	0.997	0.001	0.001
0.997	0.001	0.001	0.001
0.997	0.001	0.001	0.001
>ACCATAAACC	20-ACCATAAACC	10.296193	-110.606878	0	T:49.0(0.29%),B:4.9(0.02%),P:1e-48	Tpos:94.2,Tstd:42.9,Bpos:90.0,Bstd:31.3,StrandBias:0.9,Multiplicity:1.00
0.700	0.100	0.100	0.100
0.100	0.700	0.100	0.100
0.100	0.700	0.100	0.100
0.700	0.100	0.100	0.100
0.100	0.100	0.100	0.700
0.700	0.100	0.100	0.100
0.700	0.100	0.100	0.100
0.700	0.100	0.100	0.100
0.100	0.700	0.100	0.100
0.100	0.700	0.100	0.100
>GACCTACTGG	21-GACCTACTGG	10.879280	-104.456604	0	T:140.0(0.83%),B:61.0(0.19%),P:1e-45	Tpos:90.1,Tstd:62.9,Bpos:85.8,Bstd:52.7,StrandBias:0.6,Multiplicity:1.00
0.001	0.001	0.997	0.001
0.997	0.001	0.001	0.001
0.001	0.997	0.001	0.001
0.068	0.930	0.001	0.001
0.001	0.001	0.001	0.997
0.785	0.001	0.213	0.001
0.001	0.980	0.001	0.018
0.001	0.007	0.007	0.985
0.001	0.001	0.997	0.001
0.001	0.001	0.997	0.001
>TTTTACCCAG	22-TTTTACCCAG	11.190827	-102.535698	0	T:102.0(0.60%),B:32.5(0.10%),P:1e-44	Tpos:83.6,Tstd:66.4,Bpos:79.9,Bstd:57.1,StrandBias:-0.6,Multiplicity:1.00
0.071	0.001	0.001	0.927
0.001	0.001	0.001	0.997
0.001	0.001	0.001	0.997
0.001	0.001	0.001	0.997
0.997	0.001	0.001	0.001
0.001	0.997	0.001	0.001
0.001	0.997	0.001	0.001
0.001	0.997	0.001	0.001
0.997	0.001	0.001	0.001
0.001	0.001	0.997	0.001
>CCAAAACCAA	23-CCAAAACCAA	11.353936	-94.272347	0	T:149.0(0.88%),B:74.7(0.23%),P:1e-40	Tpos:106.0,Tstd:58.4,Bpos:115.9,Bstd:56.9,StrandBias:-0.1,Multiplicity:1.17
0.001	0.997	0.001	0.001
0.001	0.997	0.001	0.001
0.992	0.001	0.006	0.001
0.997	0.001	0.001	0.001
0.997	0.001	0.001	0.001
0.997	0.001	0.001	0.001
0.001	0.997	0.001	0.001
0.001	0.997	0.001	0.001
0.624	0.291	0.001	0.084
0.997	0.001	0.001	0.001
>CTAATGGCTA	24-CTAATGGCTA	10.296193	-85.711088	0	T:44.0(0.26%),B:5.2(0.02%),P:1e-37	Tpos:99.9,Tstd:52.8,Bpos:107.7,Bstd:46.7,StrandBias:0.4,Multiplicity:1.00
0.100	0.700	0.100	0.100
0.100	0.100	0.100	0.700
0.700	0.100	0.100	0.100
0.700	0.100	0.100	0.100
0.100	0.100	0.100	0.700
0.100	0.100	0.700	0.100
0.100	0.100	0.700	0.100
0.100	0.700	0.100	0.100
0.100	0.100	0.100	0.700
0.700	0.100	0.100	0.100
>TGGTCGTCCT	25-TGGTCGTCCT	6.628694	-57.752980	0	T:44.0(0.26%),B:10.1(0.03%),P:1e-25	Tpos:112.2,Tstd:54.6,Bpos:151.7,Bstd:23.8,StrandBias:0.1,Multiplicity:1.00
0.273	0.001	0.001	0.725
0.001	0.001	0.997	0.001
0.001	0.001	0.997	0.001
0.001	0.001	0.001	0.997
0.001	0.997	0.001	0.001
0.001	0.001	0.997	0.001
0.001	0.001	0.001	0.997
0.001	0.997	0.001	0.001
0.001	0.739	0.001	0.259
0.001	0.001	0.001	0.997
