>TRTGACCT	1-TRTGACCT	5.757435	-5793.163661	0	T:10582.0(62.72%),B:7666.9(23.72%),P:1e-2515	Tpos:101.0,Tstd:48.4,Bpos:99.4,Bstd:68.6,StrandBias:-0.0,Multiplicity:1.46
0.311	0.069	0.137	0.483
0.378	0.078	0.331	0.212
0.001	0.001	0.001	0.997
0.001	0.001	0.997	0.001
0.936	0.062	0.001	0.001
0.001	0.997	0.001	0.001
0.072	0.926	0.001	0.001
0.001	0.124	0.001	0.874
>TGACCYGG	2-TGACCYGG	4.975275	-5442.299915	0	T:13232.0(78.43%),B:12634.1(39.09%),P:1e-2363	Tpos:99.7,Tstd:50.5,Bpos:99.0,Bstd:69.5,StrandBias:-0.0,Multiplicity:1.50
0.036	0.094	0.019	0.851
0.088	0.067	0.780	0.065
0.621	0.213	0.081	0.085
0.053	0.848	0.051	0.048
0.197	0.611	0.013	0.179
0.072	0.386	0.091	0.451
0.261	0.064	0.428	0.246
0.172	0.175	0.475	0.178
>GGTCATVM	3-GGTCATVM	5.688956	-3400.944729	0	T:8903.0(52.77%),B:7553.1(23.37%),P:1e-1477	Tpos:100.8,Tstd:55.9,Bpos:99.6,Bstd:68.0,StrandBias:0.0,Multiplicity:1.06
0.182	0.001	0.816	0.001
0.001	0.001	0.997	0.001
0.001	0.079	0.001	0.919
0.001	0.721	0.001	0.277
0.877	0.001	0.121	0.001
0.199	0.305	0.001	0.495
0.243	0.340	0.331	0.085
0.377	0.300	0.204	0.119
>TGTTTRCH	4-TGTTTRCH	7.267780	-2191.884966	0	T:4643.0(27.52%),B:3104.1(9.60%),P:1e-951	Tpos:99.2,Tstd:55.6,Bpos:101.3,Bstd:64.3,StrandBias:0.0,Multiplicity:1.20
0.045	0.009	0.017	0.929
0.370	0.001	0.627	0.002
0.016	0.001	0.013	0.970
0.001	0.037	0.028	0.934
0.085	0.001	0.101	0.813
0.525	0.001	0.403	0.071
0.102	0.791	0.008	0.099
0.306	0.271	0.014	0.409
>GTYRACYT	5-GTYRACYT	5.736118	-1679.779831	0	T:5742.0(34.03%),B:5128.5(15.87%),P:1e-729	Tpos:101.4,Tstd:54.5,Bpos:100.2,Bstd:68.8,StrandBias:-0.1,Multiplicity:1.09
0.073	0.039	0.789	0.099
0.052	0.001	0.166	0.781
0.001	0.492	0.001	0.506
0.466	0.001	0.532	0.001
0.639	0.202	0.001	0.158
0.001	0.897	0.059	0.043
0.087	0.435	0.001	0.477
0.025	0.013	0.025	0.937
>YAAACADK	6-YAAACADK	5.957652	-1479.903229	0	T:8342.0(49.45%),B:9529.5(29.48%),P:1e-642	Tpos:98.2,Tstd:58.0,Bpos:100.2,Bstd:62.9,StrandBias:0.0,Multiplicity:1.18
0.001	0.543	0.001	0.455
0.960	0.038	0.001	0.001
0.878	0.001	0.120	0.001
0.940	0.030	0.001	0.029
0.001	0.602	0.001	0.396
0.696	0.102	0.047	0.155
0.360	0.001	0.358	0.281
0.139	0.209	0.266	0.385
>CCGACCTK	7-CCGACCTK	4.767350	-1442.664298	0	T:4033.0(23.90%),B:3138.2(9.71%),P:1e-626	Tpos:99.2,Tstd:49.3,Bpos:93.9,Bstd:56.2,StrandBias:-0.2,Multiplicity:1.03
0.001	0.839	0.098	0.062
0.001	0.951	0.001	0.047
0.001	0.001	0.997	0.001
0.592	0.406	0.001	0.001
0.001	0.997	0.001	0.001
0.001	0.997	0.001	0.001
0.001	0.001	0.001	0.997
0.001	0.048	0.404	0.547
>TAACCTTY	8-TAACCTTY	7.128756	-1293.511998	0	T:3773.0(22.36%),B:2987.9(9.24%),P:1e-561	Tpos:98.3,Tstd:55.7,Bpos:96.5,Bstd:63.5,StrandBias:-0.1,Multiplicity:1.07
0.001	0.058	0.001	0.940
0.591	0.001	0.407	0.001
0.997	0.001	0.001	0.001
0.245	0.669	0.001	0.085
0.001	0.981	0.017	0.001
0.017	0.001	0.187	0.795
0.001	0.313	0.128	0.558
0.059	0.338	0.135	0.468
>KYTTATCT	9-KYTTATCT	6.427997	-1278.338107	0	T:4565.0(27.06%),B:4058.8(12.56%),P:1e-555	Tpos:100.8,Tstd:54.5,Bpos:100.8,Bstd:63.6,StrandBias:0.0,Multiplicity:1.20
0.064	0.158	0.373	0.405
0.068	0.352	0.161	0.419
0.021	0.031	0.002	0.946
0.137	0.048	0.023	0.792
0.944	0.008	0.039	0.009
0.068	0.059	0.024	0.849
0.030	0.915	0.015	0.040
0.136	0.067	0.034	0.763
>TGCCCTCH	10-TGCCCTCH	3.588257	-1189.824590	0	T:5397.0(31.99%),B:5391.1(16.68%),P:1e-516	Tpos:100.4,Tstd:53.0,Bpos:101.2,Bstd:62.4,StrandBias:-0.0,Multiplicity:1.14
0.001	0.348	0.001	0.650
0.001	0.001	0.997	0.001
0.001	0.997	0.001	0.001
0.001	0.997	0.001	0.001
0.001	0.997	0.001	0.001
0.001	0.001	0.001	0.997
0.005	0.645	0.268	0.082
0.322	0.308	0.081	0.288
>TGACATTT	11-TGACATTT	6.332024	-1127.388251	0	T:3100.0(18.37%),B:2344.3(7.25%),P:1e-489	Tpos:100.9,Tstd:49.7,Bpos:100.1,Bstd:69.5,StrandBias:-0.1,Multiplicity:1.08
0.001	0.001	0.001	0.997
0.001	0.001	0.997	0.001
0.997	0.001	0.001	0.001
0.001	0.997	0.001	0.001
0.997	0.001	0.001	0.001
0.001	0.001	0.001	0.997
0.091	0.078	0.001	0.830
0.112	0.197	0.001	0.690
>TGACCMGA	12-TGACCMGA	5.934730	-1047.067522	0	T:4823.0(28.59%),B:4794.9(14.83%),P:1e-454	Tpos:100.9,Tstd:52.4,Bpos:98.3,Bstd:66.4,StrandBias:0.0,Multiplicity:1.12
0.001	0.215	0.001	0.783
0.043	0.001	0.868	0.088
0.691	0.177	0.084	0.048
0.001	0.871	0.001	0.127
0.045	0.841	0.037	0.077
0.400	0.268	0.202	0.130
0.064	0.108	0.732	0.096
0.814	0.090	0.074	0.022
>TGACCCSH	13-TGACCCSH	5.956955	-965.975042	0	T:5767.0(34.18%),B:6385.2(19.75%),P:1e-419	Tpos:100.6,Tstd:52.4,Bpos:99.7,Bstd:70.3,StrandBias:0.0,Multiplicity:1.08
0.001	0.101	0.119	0.779
0.001	0.001	0.997	0.001
0.997	0.001	0.001	0.001
0.001	0.997	0.001	0.001
0.321	0.489	0.049	0.140
0.204	0.514	0.208	0.074
0.193	0.288	0.348	0.172
0.305	0.311	0.099	0.285
>ATGACTCA	14-ATGACTCA	6.168385	-911.944303	0	T:3023.0(17.92%),B:2517.9(7.79%),P:1e-396	Tpos:101.1,Tstd:55.3,Bpos:100.9,Bstd:68.8,StrandBias:0.0,Multiplicity:1.08
0.684	0.083	0.211	0.022
0.001	0.001	0.001	0.997
0.001	0.001	0.992	0.006
0.997	0.001	0.001	0.001
0.019	0.645	0.308	0.028
0.036	0.001	0.002	0.961
0.057	0.941	0.001	0.001
0.991	0.001	0.003	0.005
>RWYAAACA	15-RWYAAACA	7.610543	-643.274473	0	T:3106.0(18.41%),B:3051.5(9.44%),P:1e-279	Tpos:98.2,Tstd:55.7,Bpos:101.2,Bstd:65.1,StrandBias:-0.0,Multiplicity:1.17
0.524	0.001	0.474	0.001
0.524	0.001	0.001	0.474
0.001	0.521	0.001	0.477
0.997	0.001	0.001	0.001
0.997	0.001	0.001	0.001
0.997	0.001	0.001	0.001
0.001	0.780	0.001	0.218
0.997	0.001	0.001	0.001
>GATAAGAT	16-GATAAGAT	6.615048	-639.398148	0	T:2384.0(14.13%),B:2075.4(6.42%),P:1e-277	Tpos:99.5,Tstd:54.2,Bpos:96.8,Bstd:68.1,StrandBias:-0.1,Multiplicity:1.06
0.036	0.016	0.947	0.001
0.911	0.001	0.001	0.087
0.001	0.031	0.001	0.967
0.597	0.158	0.195	0.050
0.898	0.001	0.050	0.051
0.010	0.101	0.869	0.020
0.988	0.001	0.010	0.001
0.028	0.030	0.017	0.925
>GCCTVAGG	17-GCCTVAGG	7.366216	-626.277647	0	T:4321.0(25.61%),B:4887.0(15.12%),P:1e-271	Tpos:98.5,Tstd:55.7,Bpos:99.6,Bstd:66.4,StrandBias:0.1,Multiplicity:1.19
0.001	0.334	0.664	0.001
0.001	0.997	0.001	0.001
0.001	0.997	0.001	0.001
0.001	0.411	0.001	0.587
0.283	0.318	0.358	0.041
0.650	0.001	0.348	0.001
0.001	0.001	0.997	0.001
0.001	0.001	0.997	0.001
>RACCGGTT	18-RACCGGTT	6.229833	-513.355665	0	T:2261.0(13.40%),B:2112.3(6.53%),P:1e-222	Tpos:100.5,Tstd:54.5,Bpos:104.1,Bstd:67.4,StrandBias:-0.0,Multiplicity:1.06
0.500	0.001	0.434	0.065
0.669	0.001	0.060	0.270
0.001	0.934	0.014	0.051
0.309	0.473	0.048	0.170
0.002	0.048	0.846	0.104
0.001	0.036	0.962	0.001
0.049	0.097	0.001	0.853
0.094	0.140	0.001	0.765
>ACATTCCA	19-ACATTCCA	7.417578	-447.428898	0	T:1459.0(8.65%),B:1172.5(3.63%),P:1e-194	Tpos:101.2,Tstd:57.5,Bpos:96.3,Bstd:63.3,StrandBias:0.1,Multiplicity:1.06
0.892	0.001	0.106	0.001
0.001	0.997	0.001	0.001
0.997	0.001	0.001	0.001
0.001	0.001	0.001	0.997
0.001	0.001	0.001	0.997
0.001	0.997	0.001	0.001
0.001	0.997	0.001	0.001
0.643	0.001	0.029	0.327
>SWCAAGAT	20-SWCAAGAT	7.696987	-438.417440	0	T:1632.0(9.67%),B:1402.8(4.34%),P:1e-190	Tpos:106.6,Tstd:53.9,Bpos:98.6,Bstd:69.6,StrandBias:-0.1,Multiplicity:1.03
0.224	0.314	0.461	0.001
0.453	0.001	0.001	0.545
0.082	0.916	0.001	0.001
0.987	0.001	0.001	0.011
0.916	0.082	0.001	0.001
0.001	0.001	0.861	0.137
0.546	0.123	0.190	0.141
0.001	0.011	0.001	0.987
>GCAAGGTC	21-GCAAGGTC	8.236954	-358.396307	0	T:455.0(2.70%),B:183.5(0.57%),P:1e-155	Tpos:101.6,Tstd:40.7,Bpos:105.8,Bstd:65.2,StrandBias:-0.1,Multiplicity:1.00
0.100	0.100	0.700	0.100
0.100	0.700	0.100	0.100
0.700	0.100	0.100	0.100
0.700	0.100	0.100	0.100
0.100	0.100	0.700	0.100
0.100	0.100	0.700	0.100
0.100	0.100	0.100	0.700
0.100	0.700	0.100	0.100
>WATCAGAT	22-WATCAGAT	8.034440	-284.475789	0	T:1038.0(6.15%),B:876.3(2.71%),P:1e-123	Tpos:99.9,Tstd:55.5,Bpos:101.1,Bstd:69.7,StrandBias:0.0,Multiplicity:1.02
0.428	0.001	0.009	0.562
0.689	0.309	0.001	0.001
0.001	0.001	0.001	0.997
0.001	0.997	0.001	0.001
0.623	0.001	0.001	0.375
0.066	0.001	0.848	0.085
0.813	0.110	0.076	0.001
0.076	0.223	0.066	0.635
>CGGCCCAG	23-CGGCCCAG	6.257661	-201.457306	0	T:2297.0(13.62%),B:2891.2(8.94%),P:1e-87	Tpos:99.3,Tstd:55.4,Bpos:98.8,Bstd:64.6,StrandBias:0.1,Multiplicity:1.14
0.019	0.758	0.024	0.199
0.136	0.061	0.729	0.074
0.137	0.106	0.727	0.030
0.012	0.743	0.147	0.098
0.055	0.888	0.005	0.052
0.187	0.689	0.061	0.063
0.671	0.105	0.124	0.100
0.073	0.065	0.798	0.064
>CCTGCCAG	24-CCTGCCAG	8.405610	-139.136823	0	T:1171.0(6.94%),B:1349.0(4.17%),P:1e-60	Tpos:98.2,Tstd:57.6,Bpos:100.0,Bstd:64.2,StrandBias:0.0,Multiplicity:1.06
0.001	0.997	0.001	0.001
0.001	0.997	0.001	0.001
0.226	0.001	0.001	0.772
0.001	0.001	0.997	0.001
0.001	0.997	0.001	0.001
0.001	0.997	0.001	0.001
0.766	0.143	0.090	0.001
0.001	0.001	0.997	0.001
>GGAATGCA	25-GGAATGCA	8.236954	-138.842075	0	T:461.0(2.73%),B:370.0(1.14%),P:1e-60	Tpos:102.2,Tstd:62.1,Bpos:101.3,Bstd:67.9,StrandBias:-0.2,Multiplicity:1.01
0.100	0.100	0.700	0.100
0.100	0.100	0.700	0.100
0.700	0.100	0.100	0.100
0.700	0.100	0.100	0.100
0.100	0.100	0.100	0.700
0.100	0.100	0.700	0.100
0.100	0.700	0.100	0.100
0.700	0.100	0.100	0.100
