>NAGGTCANNNNN	1-NAGGTCANNNNN	6.524918	-6201.216169	0	T:10100.0(59.87%),B:6626.4(20.50%),P:1e-2693	Tpos:99.8,Tstd:48.6,Bpos:100.0,Bstd:67.1,StrandBias:0.1,Multiplicity:1.36
0.281	0.277	0.211	0.231
0.610	0.001	0.315	0.074
0.001	0.001	0.688	0.310
0.001	0.001	0.997	0.001
0.001	0.076	0.358	0.565
0.001	0.997	0.001	0.001
0.997	0.001	0.001	0.001
0.188	0.262	0.327	0.222
0.251	0.253	0.303	0.194
0.223	0.219	0.297	0.261
0.235	0.292	0.186	0.288
0.273	0.227	0.301	0.199
>GGTCABNSTGAC	2-GGTCABNSTGAC	3.316092	-6188.953920	0	T:4808.0(28.50%),B:1207.6(3.74%),P:1e-2687	Tpos:101.6,Tstd:40.6,Bpos:102.8,Bstd:67.8,StrandBias:-0.0,Multiplicity:1.08
0.001	0.001	0.997	0.001
0.001	0.001	0.997	0.001
0.001	0.001	0.001	0.997
0.001	0.997	0.001	0.001
0.997	0.001	0.001	0.001
0.048	0.365	0.346	0.241
0.202	0.252	0.297	0.249
0.192	0.329	0.361	0.118
0.001	0.001	0.001	0.997
0.001	0.001	0.997	0.001
0.997	0.001	0.001	0.001
0.001	0.997	0.001	0.001
>NNNTGTTTRYHY	3-NNNTGTTTRYHY	7.293414	-2106.968156	0	T:6381.0(37.82%),B:5457.4(16.88%),P:1e-915	Tpos:99.5,Tstd:55.2,Bpos:102.0,Bstd:62.1,StrandBias:0.0,Multiplicity:1.30
0.316	0.231	0.214	0.239
0.288	0.195	0.190	0.327
0.298	0.236	0.198	0.267
0.001	0.001	0.001	0.997
0.413	0.001	0.585	0.001
0.001	0.001	0.001	0.997
0.001	0.001	0.001	0.997
0.001	0.001	0.008	0.990
0.484	0.001	0.505	0.010
0.162	0.445	0.080	0.313
0.298	0.306	0.013	0.382
0.185	0.301	0.178	0.336
>NNRDTGACATTN	4-NNRDTGACATTN	7.329939	-1591.015206	0	T:4072.0(24.14%),B:3018.9(9.34%),P:1e-690	Tpos:100.8,Tstd:51.1,Bpos:99.3,Bstd:66.6,StrandBias:-0.0,Multiplicity:1.14
0.301	0.221	0.200	0.278
0.266	0.196	0.197	0.341
0.261	0.170	0.361	0.208
0.275	0.138	0.259	0.328
0.001	0.001	0.001	0.997
0.025	0.001	0.973	0.001
0.980	0.001	0.018	0.001
0.001	0.997	0.001	0.001
0.691	0.015	0.001	0.293
0.011	0.177	0.023	0.789
0.202	0.180	0.222	0.396
0.282	0.162	0.266	0.290
>TGMCCCAGGSVN	5-TGMCCCAGGSVN	7.878490	-1355.352826	0	T:3300.0(19.56%),B:2335.3(7.22%),P:1e-588	Tpos:98.6,Tstd:52.0,Bpos:100.2,Bstd:67.0,StrandBias:-0.0,Multiplicity:1.12
0.094	0.001	0.065	0.840
0.001	0.041	0.957	0.001
0.555	0.425	0.019	0.001
0.001	0.997	0.001	0.001
0.113	0.676	0.001	0.210
0.034	0.964	0.001	0.001
0.872	0.001	0.001	0.126
0.044	0.001	0.954	0.001
0.238	0.174	0.493	0.096
0.155	0.285	0.387	0.173
0.230	0.360	0.268	0.142
0.258	0.283	0.192	0.267
>STGCCCCGGGGM	6-STGCCCCGGGGM	5.932218	-870.312816	0	T:5731.0(33.97%),B:6536.7(20.22%),P:1e-377	Tpos:98.3,Tstd:54.9,Bpos:99.9,Bstd:64.6,StrandBias:-0.0,Multiplicity:1.27
0.177	0.388	0.239	0.196
0.174	0.032	0.145	0.649
0.014	0.110	0.801	0.075
0.038	0.690	0.214	0.058
0.013	0.931	0.004	0.052
0.060	0.806	0.005	0.129
0.208	0.448	0.068	0.276
0.243	0.081	0.457	0.219
0.183	0.008	0.745	0.064
0.078	0.007	0.878	0.037
0.053	0.211	0.684	0.052
0.250	0.383	0.226	0.141
>RTGASTCAYHNN	7-RTGASTCAYHNN	7.863785	-852.252539	0	T:1618.0(9.59%),B:936.8(2.90%),P:1e-370	Tpos:102.2,Tstd:55.4,Bpos:99.4,Bstd:68.2,StrandBias:-0.0,Multiplicity:1.04
0.419	0.135	0.403	0.042
0.001	0.001	0.001	0.997
0.001	0.001	0.986	0.012
0.976	0.001	0.001	0.022
0.052	0.440	0.496	0.012
0.001	0.001	0.001	0.997
0.001	0.997	0.001	0.001
0.997	0.001	0.001	0.001
0.037	0.394	0.211	0.358
0.238	0.362	0.135	0.264
0.291	0.292	0.183	0.234
0.219	0.252	0.265	0.264
>WGATKKYTATCT	8-WGATKKYTATCT	5.588965	-620.499731	0	T:795.0(4.71%),B:324.5(1.00%),P:1e-269	Tpos:98.4,Tstd:53.4,Bpos:102.0,Bstd:60.1,StrandBias:-0.0,Multiplicity:1.02
0.573	0.001	0.001	0.425
0.001	0.001	0.997	0.001
0.997	0.001	0.001	0.001
0.001	0.001	0.001	0.997
0.001	0.222	0.325	0.452
0.164	0.218	0.250	0.368
0.205	0.342	0.001	0.452
0.209	0.001	0.001	0.789
0.997	0.001	0.001	0.001
0.001	0.001	0.001	0.997
0.001	0.997	0.001	0.001
0.384	0.001	0.001	0.614
>NWGATNTYATCT	9-NWGATNTYATCT	7.526328	-598.681859	0	T:2230.0(13.22%),B:1935.5(5.99%),P:1e-260	Tpos:102.1,Tstd:52.1,Bpos:97.6,Bstd:63.6,StrandBias:-0.0,Multiplicity:1.07
0.189	0.329	0.203	0.279
0.499	0.030	0.001	0.469
0.139	0.107	0.556	0.198
0.723	0.078	0.052	0.147
0.009	0.048	0.072	0.871
0.213	0.231	0.318	0.238
0.208	0.080	0.060	0.652
0.095	0.367	0.066	0.471
0.962	0.020	0.010	0.008
0.004	0.006	0.001	0.989
0.001	0.883	0.001	0.115
0.195	0.023	0.001	0.781
>TGCTGATAAAAC	10-TGCTGATAAAAC	11.846159	-463.930537	0	T:163.0(0.97%),B:7.8(0.02%),P:1e-201	Tpos:102.8,Tstd:37.7,Bpos:117.0,Bstd:75.8,StrandBias:0.2,Multiplicity:1.00
0.001	0.098	0.001	0.900
0.001	0.001	0.997	0.001
0.099	0.801	0.099	0.001
0.098	0.001	0.001	0.900
0.104	0.001	0.894	0.001
0.900	0.001	0.098	0.001
0.001	0.001	0.001	0.997
0.900	0.001	0.098	0.001
0.997	0.001	0.001	0.001
0.801	0.099	0.099	0.001
0.826	0.099	0.074	0.001
0.001	0.971	0.027	0.001
>CTGTTTGACCAG	11-CTGTTTGACCAG	7.851431	-446.330253	0	T:1081.0(6.41%),B:730.8(2.26%),P:1e-193	Tpos:99.5,Tstd:52.7,Bpos:95.6,Bstd:68.6,StrandBias:-0.2,Multiplicity:1.04
0.087	0.735	0.074	0.104
0.099	0.051	0.046	0.804
0.064	0.126	0.723	0.087
0.072	0.104	0.065	0.759
0.063	0.162	0.138	0.637
0.064	0.026	0.058	0.852
0.078	0.076	0.748	0.098
0.675	0.098	0.114	0.113
0.075	0.722	0.106	0.097
0.109	0.778	0.030	0.083
0.800	0.053	0.040	0.107
0.099	0.062	0.768	0.071
>CACAGGATGAGA	12-CACAGGATGAGA	12.379244	-419.059024	0	T:123.0(0.73%),B:3.1(0.01%),P:1e-181	Tpos:107.2,Tstd:41.8,Bpos:93.1,Bstd:7.3,StrandBias:0.2,Multiplicity:1.00
0.001	0.997	0.001	0.001
0.513	0.001	0.243	0.243
0.001	0.781	0.001	0.217
0.997	0.001	0.001	0.001
0.001	0.001	0.997	0.001
0.001	0.001	0.997	0.001
0.950	0.001	0.048	0.001
0.001	0.001	0.001	0.997
0.001	0.001	0.997	0.001
0.997	0.001	0.001	0.001
0.001	0.001	0.755	0.243
0.997	0.001	0.001	0.001
>GGCATTCTWAGT	13-GGCATTCTWAGT	9.649636	-404.725994	0	T:128.0(0.76%),B:4.9(0.02%),P:1e-175	Tpos:112.4,Tstd:48.3,Bpos:81.3,Bstd:38.6,StrandBias:0.0,Multiplicity:1.01
0.002	0.001	0.996	0.001
0.001	0.001	0.954	0.044
0.001	0.997	0.001	0.001
0.997	0.001	0.001	0.001
0.001	0.001	0.001	0.997
0.001	0.001	0.001	0.997
0.001	0.997	0.001	0.001
0.001	0.001	0.001	0.997
0.535	0.015	0.001	0.449
0.997	0.001	0.001	0.001
0.001	0.001	0.997	0.001
0.001	0.001	0.001	0.997
>GCTGCATTCCCA	14-GCTGCATTCCCA	11.345595	-399.231612	0	T:156.0(0.92%),B:9.2(0.03%),P:1e-173	Tpos:104.9,Tstd:59.1,Bpos:78.4,Bstd:45.5,StrandBias:0.3,Multiplicity:1.00
0.062	0.001	0.936	0.001
0.001	0.997	0.001	0.001
0.001	0.001	0.001	0.997
0.006	0.001	0.991	0.002
0.001	0.997	0.001	0.001
0.997	0.001	0.001	0.001
0.001	0.001	0.001	0.997
0.001	0.001	0.001	0.997
0.001	0.997	0.001	0.001
0.001	0.997	0.001	0.001
0.001	0.928	0.001	0.070
0.991	0.001	0.002	0.006
>ATCTTGTGCCGA	15-ATCTTGTGCCGA	12.192337	-246.031636	0	T:98.0(0.58%),B:6.5(0.02%),P:1e-106	Tpos:112.0,Tstd:35.6,Bpos:82.0,Bstd:74.1,StrandBias:-0.3,Multiplicity:1.00
0.692	0.001	0.306	0.001
0.001	0.108	0.023	0.868
0.001	0.872	0.001	0.126
0.001	0.001	0.001	0.997
0.001	0.001	0.001	0.997
0.170	0.001	0.828	0.001
0.001	0.001	0.085	0.913
0.085	0.001	0.913	0.001
0.001	0.997	0.001	0.001
0.001	0.912	0.001	0.086
0.418	0.001	0.580	0.001
0.913	0.001	0.001	0.085
>TGCAGTAAAGAA	16-TGCAGTAAAGAA	10.659469	-231.613793	0	T:102.0(0.60%),B:8.6(0.03%),P:1e-100	Tpos:111.0,Tstd:43.6,Bpos:39.5,Bstd:39.3,StrandBias:0.5,Multiplicity:1.00
0.001	0.003	0.001	0.995
0.001	0.003	0.995	0.001
0.001	0.982	0.001	0.016
0.995	0.003	0.001	0.001
0.001	0.003	0.995	0.001
0.001	0.016	0.001	0.982
0.997	0.001	0.001	0.001
0.997	0.001	0.001	0.001
0.997	0.001	0.001	0.001
0.003	0.001	0.993	0.003
0.908	0.001	0.088	0.003
0.997	0.001	0.001	0.001
>AGAGGTCAYTYT	17-AGAGGTCAYTYT	12.870849	-225.492416	0	T:92.0(0.55%),B:6.8(0.02%),P:1e-97	Tpos:104.1,Tstd:68.7,Bpos:103.1,Bstd:47.5,StrandBias:-0.2,Multiplicity:1.00
0.983	0.001	0.015	0.001
0.001	0.001	0.997	0.001
0.842	0.004	0.079	0.075
0.001	0.001	0.788	0.210
0.074	0.001	0.924	0.001
0.001	0.001	0.001	0.997
0.001	0.907	0.001	0.091
0.997	0.001	0.001	0.001
0.001	0.500	0.001	0.498
0.001	0.001	0.001	0.997
0.016	0.563	0.001	0.420
0.075	0.154	0.199	0.572
>AACTTYCTAAAT	18-AACTTYCTAAAT	11.553858	-212.229565	0	T:73.0(0.43%),B:3.6(0.01%),P:1e-92	Tpos:92.3,Tstd:60.5,Bpos:125.6,Bstd:36.9,StrandBias:0.0,Multiplicity:1.00
0.751	0.114	0.095	0.040
0.810	0.040	0.063	0.087
0.064	0.746	0.102	0.088
0.100	0.122	0.007	0.771
0.061	0.041	0.304	0.594
0.020	0.394	0.047	0.539
0.087	0.855	0.038	0.020
0.041	0.058	0.013	0.888
0.787	0.067	0.112	0.034
0.817	0.102	0.034	0.047
0.920	0.020	0.020	0.040
0.041	0.020	0.159	0.780
>CTTGGCAAAATA	19-CTTGGCAAAATA	11.033489	-211.850124	0	T:66.0(0.39%),B:3.0(0.01%),P:1e-92	Tpos:104.4,Tstd:54.2,Bpos:54.9,Bstd:54.5,StrandBias:0.3,Multiplicity:1.00
0.005	0.981	0.013	0.001
0.023	0.001	0.001	0.975
0.001	0.004	0.001	0.994
0.001	0.001	0.997	0.001
0.001	0.001	0.997	0.001
0.001	0.997	0.001	0.001
0.994	0.004	0.001	0.001
0.994	0.001	0.004	0.001
0.997	0.001	0.001	0.001
0.997	0.001	0.001	0.001
0.001	0.001	0.004	0.994
0.997	0.001	0.001	0.001
>GCCTRAKGGCTA	20-GCCTRAKGGCTA	10.133529	-191.251924	0	T:61.0(0.36%),B:2.2(0.01%),P:1e-83	Tpos:103.1,Tstd:53.4,Bpos:123.7,Bstd:38.3,StrandBias:0.2,Multiplicity:1.00
0.176	0.002	0.743	0.079
0.163	0.613	0.155	0.069
0.003	0.946	0.001	0.050
0.192	0.158	0.001	0.649
0.406	0.208	0.310	0.076
0.838	0.004	0.012	0.146
0.184	0.185	0.339	0.292
0.197	0.024	0.607	0.172
0.108	0.091	0.667	0.134
0.002	0.652	0.125	0.221
0.019	0.251	0.051	0.679
0.889	0.002	0.096	0.013
>GTTTTGGCCGGC	21-GTTTTGGCCGGC	10.217733	-184.103599	0	T:107.0(0.63%),B:15.7(0.05%),P:1e-79	Tpos:114.5,Tstd:48.6,Bpos:102.0,Bstd:70.3,StrandBias:-0.7,Multiplicity:1.00
0.006	0.006	0.987	0.001
0.001	0.006	0.006	0.987
0.001	0.005	0.001	0.993
0.001	0.001	0.001	0.997
0.001	0.001	0.005	0.993
0.042	0.001	0.956	0.001
0.016	0.001	0.977	0.006
0.006	0.987	0.006	0.001
0.006	0.607	0.001	0.386
0.189	0.006	0.762	0.043
0.001	0.001	0.997	0.001
0.001	0.987	0.006	0.006
>CCGTGACACAGC	22-CCGTGACACAGC	11.219841	-160.416506	0	T:111.0(0.66%),B:21.4(0.07%),P:1e-69	Tpos:95.3,Tstd:43.9,Bpos:66.9,Bstd:70.4,StrandBias:0.3,Multiplicity:1.02
0.030	0.891	0.018	0.061
0.096	0.724	0.042	0.138
0.156	0.092	0.619	0.133
0.030	0.024	0.143	0.803
0.030	0.030	0.916	0.024
0.807	0.063	0.076	0.054
0.018	0.952	0.012	0.018
0.916	0.030	0.012	0.042
0.048	0.848	0.048	0.056
0.848	0.024	0.036	0.092
0.045	0.075	0.829	0.051
0.069	0.850	0.051	0.030
>TTATCTCGGGGC	23-TTATCTCGGGGC	12.181748	-141.723592	0	T:54.0(0.32%),B:3.2(0.01%),P:1e-61	Tpos:100.3,Tstd:55.0,Bpos:84.8,Bstd:14.6,StrandBias:-0.2,Multiplicity:1.25
0.001	0.089	0.001	0.909
0.001	0.001	0.089	0.909
0.997	0.001	0.001	0.001
0.089	0.001	0.001	0.909
0.001	0.843	0.001	0.155
0.089	0.001	0.001	0.909
0.021	0.778	0.001	0.200
0.091	0.001	0.907	0.001
0.179	0.001	0.819	0.001
0.001	0.001	0.997	0.001
0.090	0.090	0.819	0.001
0.089	0.909	0.001	0.001
>TGTTTCTGGTCG	24-TGTTTCTGGTCG	12.270440	-133.267435	0	T:56.0(0.33%),B:4.5(0.01%),P:1e-57	Tpos:96.4,Tstd:41.9,Bpos:57.1,Bstd:30.3,StrandBias:0.1,Multiplicity:1.04
0.001	0.001	0.001	0.997
0.075	0.001	0.923	0.001
0.001	0.001	0.001	0.997
0.001	0.029	0.027	0.943
0.001	0.001	0.075	0.923
0.001	0.997	0.001	0.001
0.001	0.152	0.076	0.771
0.075	0.001	0.923	0.001
0.152	0.001	0.846	0.001
0.076	0.001	0.152	0.771
0.103	0.820	0.001	0.076
0.334	0.001	0.664	0.001
>CGTTTTACCCAG	25-CGTTTTACCCAG	13.196035	-124.502104	0	T:44.0(0.26%),B:2.6(0.01%),P:1e-54	Tpos:82.6,Tstd:63.9,Bpos:64.7,Bstd:83.6,StrandBias:-0.7,Multiplicity:1.00
0.001	0.735	0.128	0.136
0.134	0.001	0.864	0.001
0.001	0.001	0.001	0.997
0.001	0.007	0.001	0.991
0.001	0.001	0.001	0.997
0.243	0.243	0.001	0.513
0.997	0.001	0.001	0.001
0.264	0.680	0.001	0.055
0.001	0.978	0.020	0.001
0.001	0.978	0.001	0.020
0.997	0.001	0.001	0.001
0.001	0.001	0.997	0.001
