# R script for Peak Model
#  -- generated by MACS
p <- c(0.0417736621323,0.0487060260415,0.0562441304864,0.0629745808836,0.0701761628087,0.0698172054542,0.0704005111553,0.0705126853286,0.0709389471871,0.0717017315654,0.0711857303683,0.071006251691,0.070288336982,0.0697050312809,0.069435813265,0.0693012042571,0.0686954637213,0.0687852030599,0.0690544210758,0.0689871165718,0.0691665952491,0.0697050312809,0.069503117769,0.0700639886354,0.0699966841314,0.0704678156592,0.070153727974,0.0696601616116,0.0689198120679,0.0685384198787,0.0688525075639,0.0682692018628,0.0688300727292,0.0688749423986,0.0691890300838,0.0688525075639,0.0696825964462,0.0703332066513,0.070288336982,0.0697050312809,0.0693236390917,0.0700864234701,0.0698620751235,0.0707370336751,0.0708492078484,0.0710286865257,0.071073556195,0.0708716426831,0.0713203393762,0.0716344270614,0.0718139057387,0.0716344270614,0.0718363405734,0.0719485147466,0.0711184258643,0.0711857303683,0.0707819033445,0.0708267730138,0.0707370336751,0.0713652090455,0.0712081652029,0.0706921640058,0.0704902504939,0.0693909435957,0.070153727974,0.0698845099582,0.0704005111553,0.0704229459899,0.0708940775177,0.0713427742109,0.0722626024318,0.072643994621,0.0724196462744,0.0724420811091,0.0724196462744,0.0723299069358,0.071993384416,0.0711184258643,0.0706024246672,0.0703332066513,0.0696825964462,0.0696377267769,0.0695704222729,0.0692114649184,0.0694806829343,0.0696377267769,0.070355641486,0.0706024246672,0.070221032478,0.069503117769,0.0690095514065,0.0695479874383,0.0697947706195,0.0705126853286,0.0698396402888,0.0695255526036,0.0689646817372,0.0697947706195,0.0699966841314,0.0705575549979,0.0707819033445,0.0695928571076,0.0699966841314,0.0706248595018,0.0714100787149,0.0717466012347,0.0715222528881,0.0708267730138,0.0712306000376,0.0714325135495,0.0716119922268,0.0716568618961,0.0713427742109,0.0704678156592,0.0705799898325,0.0708716426831,0.0701761628087,0.0704453808246,0.070288336982,0.0698396402888,0.0698172054542,0.0705351201632,0.0701761628087,0.0698620751235,0.0686730288866,0.0693012042571,0.0697499009502,0.070153727974,0.0699966841314,0.0697274661155,0.069503117769,0.0697050312809,0.0700191189661,0.0707594685098,0.0714998180535,0.0708043381791,0.0717690360694,0.0713652090455,0.0713876438802,0.0712530348723,0.071073556195,0.0712979045416,0.0707594685098,0.0700864234701,0.0699069447928,0.0690992907451,0.0677756355003,0.0669904162873,0.0667436331061,0.0672596343032,0.0674166781458,0.0675064174845,0.068650594052,0.0699293796275,0.0697274661155,0.0699293796275,0.0708043381791,0.0715671225575,0.0721055585892,0.0714773832188,0.0716568618961,0.0715671225575,0.0709165123524,0.0704902504939,0.0708492078484,0.0712530348723,0.0708716426831,0.071073556195,0.0708492078484,0.071791470904,0.0717466012347,0.0717466012347,0.0712081652029,0.0707819033445,0.0708043381791,0.0709613820217,0.0713652090455,0.0713203393762,0.0710286865257,0.0701985976434,0.0706697291712,0.0701312931394,0.0701761628087,0.0699069447928,0.0697499009502,0.0696825964462,0.0700864234701,0.0699293796275,0.0700864234701,0.0707819033445,0.0703107718166,0.070153727974,0.0706697291712,0.0701088583047,0.0703780763206,0.0704453808246,0.0701761628087,0.070355641486,0.0709165123524,0.0707145988405,0.0706248595018,0.0711632955336,0.0715446877228,0.0725093856131,0.0727337339597,0.0728459081329,0.0725318204477,0.0730029519755,0.0730253868102,0.0730478216449,0.0732946048261,0.0726664294557,0.0724645159438,0.0723523417705,0.0721055585892,0.0721055585892,0.0711857303683,0.0706248595018,0.0698172054542,0.0694806829343,0.0690992907451,0.0689422469025,0.0698845099582,0.0691665952491,0.0690768559105,0.0684935502094,0.0690319862412,0.0693909435957,0.0696377267769,0.0698620751235,0.0704453808246,0.0706697291712,0.0696825964462,0.0704229459899,0.0696825964462,0.0705799898325,0.0711184258643,0.0710959910297,0.0708267730138,0.0710959910297,0.0703780763206,0.0706248595018,0.0701761628087,0.0697947706195,0.0705799898325,0.0707819033445,0.0708043381791,0.0700864234701,0.0704678156592,0.0700415538008,0.070288336982,0.0705575549979,0.0713876438802,0.0728459081329,0.0730029519755,0.0720606889199,0.0723299069358,0.0730478216449,0.0728683429676,0.0730926913142,0.0740349543698,0.0736984318499,0.0739452150312,0.0733619093301,0.073631127346,0.0737208666846,0.0732721699914,0.0732273003221,0.0738779105272,0.074349042055,0.0738554756925,0.0742368678817,0.0743939117243,0.0746631297402,0.0743939117243,0.0755829579612,0.0758297411424,0.0752913051106,0.0763457423395,0.0768168738673,0.0771758312218,0.0766373951901,0.0766822648594,0.0760765243236,0.0760989591583,0.075986784985,0.0764803513475,0.0769739177099,0.0762111333316,0.0758073063077,0.0751118264334,0.0758970456464,0.0763457423395,0.0765925255207,0.0764354816781,0.0763457423395,0.0762784378355,0.0769963525446,0.0774226144031,0.077489918907,0.0785667909706,0.0795090540262,0.0797782720421,0.0808102744364,0.081685232988,0.0825826263743,0.0838165422805,0.0844895873202,0.0853869807065,0.0872490719831,0.0880567260307,0.0884829878892,0.0892906419369,0.0895598599528,0.0906816016857,0.0904796881737,0.0915565602373,0.0927904761435,0.0922744749463,0.09137708156,0.090591862347,0.0905245578431,0.0906816016857,0.0906816016857,0.0911976028828,0.0917809085839,0.0902329049925,0.0902777746618,0.090591862347,0.0910181242055,0.0920052569305,0.0916014299066,0.0917360389146,0.0923866491196,0.0919379524265,0.0922744749463,0.0937776088684,0.0929923896554,0.0940692617189,0.0936205650258,0.0941814358922,0.0951461337825,0.0944282190735,0.094719871924,0.0950563944439,0.0945852629161,0.0937327391991,0.0937551740337,0.0937327391991,0.0948096112626,0.0948320460973,0.0942936100655,0.0948096112626,0.0942487403962,0.0941141313883,0.0943384797348,0.0946301325854,0.0949442202706,0.0942487403962,0.0941365662229,0.0941814358922,0.0945852629161,0.0942936100655,0.0948320460973,0.0948993506013,0.095505091137,0.0952583079558,0.0946750022547,0.0945179584121,0.0944057842388,0.0939122178763,0.0940468268843,0.0944506539081,0.093934652711,0.0931045638287,0.0921847356077,0.0922744749463,0.0940243920496,0.0948096112626,0.0941365662229,0.0955948304757,0.0952583079558,0.0950339596092,0.0950339596092,0.0962005710114,0.0966492677046,0.097142834067,0.0964024845233,0.097142834067,0.0986908376584,0.0982870106346,0.0982197061306,0.098847881501,0.0990273601783,0.0988030118317,0.0994984917061,0.0987357073277,0.0985562286505,0.0986908376584,0.0980850971226,0.0973223127443,0.0975466610909,0.0968287463818,0.0969633553898,0.0968736160511,0.0968063115472,0.0990049253436,0.0989600556743,0.097142834067,0.0975915307602,0.09792805328,0.0979056184454,0.098915186005,0.0999247535646,0.100597798604,0.100216406415,0.0989600556743,0.0993638826981,0.100687537943,0.100754842447,0.100552928935,0.101248408809,0.101046495297,0.101607366164,0.101652235833,0.102684238227,0.103604066448,0.103357283267,0.103738675456,0.104277111488,0.104905286859,0.10578024541,0.105668071237,0.105084765536,0.104837982355,0.103447022606,0.102796412401,0.102975891078,0.102056062857,0.10154006166,0.101741975172,0.10187658418,0.103132934921,0.103110500086,0.103581631614,0.10578024541,0.10578024541,0.105959724087,0.106341116277,0.107283379332,0.106969291647,0.106430855615,0.106318681442,0.106318681442,0.107103900655,0.106161637599,0.106363551111,0.106228942103,0.107530162513,0.106677638796,0.107238509663,0.107530162513,0.107216074828,0.107328249002,0.107776945695,0.108360251396,0.109414688625,0.109975559491,0.109885820152,0.110446691019,0.110603734862,0.111074866389,0.112196608122,0.113901655556,0.112914522831,0.113385654359,0.113251045351,0.113924090391,0.11363243754,0.114148438737,0.114462526423,0.113767046548,0.114013829729,0.112286347461,0.112578000311,0.111927390106,0.111747911429,0.111837650768,0.112286347461,0.111904955272,0.112286347461,0.113475393698,0.113026697005,0.113856785887,0.114058699399,0.115337484974,0.116257313195,0.1169079234,0.117222011086,0.117558533605,0.117648272944,0.11820914381,0.118568101165,0.119936626079,0.120318018268,