# R script for Peak Model
#  -- generated by MACS
p <- c(0.0135178131487,0.0158111336879,0.0182322345503,0.0204919286886,0.0226036666631,0.0224153588182,0.0223144796156,0.0220656442492,0.021823534163,0.0217092044,0.0217697319216,0.021863885844,0.0216217757578,0.0213931162319,0.0214469184733,0.0215881493569,0.0216755779992,0.0219714903268,0.022132897051,0.0219983914475,0.0218302594432,0.0216554021586,0.0215814240767,0.0216621274388,0.0217630066414,0.0219109628052,0.0219580397664,0.0219311386458,0.0218369847233,0.0217899077621,0.0217293802405,0.0218302594432,0.0218033583225,0.0218033583225,0.0217024791199,0.0215746987966,0.0215814240767,0.0215948746371,0.0216083251974,0.0216823032793,0.0217966330423,0.0217562813612,0.0217361055207,0.0217024791199,0.0216957538397,0.0216554021586,0.0215679735164,0.0213729403914,0.021473819594,0.0213527645508,0.021473819594,0.0214267426327,0.0213931162319,0.0214872701543,0.0213729403914,0.0211375555853,0.0209895994215,0.0210904786241,0.0210366763827,0.0211375555853,0.0210299511025,0.021050126943,0.0212115336672,0.0210904786241,0.0211442808655,0.0213056875896,0.0213931162319,0.0215410723957,0.0215410723957,0.02131913815,0.0211106544646,0.0209895994215,0.0208281926973,0.020740764055,0.0207542146154,0.0208685443783,0.0210030499818,0.0209021707792,0.0209223466197,0.021050126943,0.0210366763827,0.0210366763827,0.0211779072663,0.021164456706,0.0209963247016,0.0209357971801,0.02054573093,0.020505379249,0.0205995331714,0.020700412374,0.0208752696585,0.0209088960594,0.0209425224603,0.0210904786241,0.0212586106284,0.0211913578267,0.0214334679129,0.0215746987966,0.0215612482362,0.0215814240767,0.0215746987966,0.021399841512,0.0213393139905,0.0214469184733,0.0214401931931,0.0215612482362,0.0216150504776,0.0214939954345,0.0212317095077,0.021009775262,0.0209156213396,0.0210837533439,0.0210837533439,0.0209357971801,0.0211846325465,0.0212451600681,0.0212787864689,0.021050126943,0.0214065667922,0.0216285010379,0.0219042375251,0.0218369847233,0.0217831824819,0.0216957538397,0.0216352263181,0.0215881493569,0.0214939954345,0.0217899077621,0.021399841512,0.0213931162319,0.0210770280637,0.0211106544646,0.0213527645508,0.0213729403914,0.0213931162319,0.02131913815,0.0214939954345,0.0215948746371,0.0219042375251,0.0217764572018,0.021978215607,0.0221396223311,0.0218975122449,0.0220858200897,0.0219714903268,0.0220320178484,0.0219849408871,0.0219378639259,0.0218571605638,0.0218302594432,0.0217293802405,0.0216823032793,0.021668852719,0.0216419515983,0.0217428308009,0.0218302594432,0.0218773364044,0.0217293802405,0.0216419515983,0.0218840616845,0.0219916661673,0.0219513144863,0.0223750071372,0.0226305677838,0.0225027874605,0.0223750071372,0.0224355346588,0.0225565897019,0.0228188756287,0.0226171172234,0.0226978205855,0.0229533812321,0.0227314469864,0.0227583481071,0.0230004581933,0.0233030958011,0.0234376014046,0.0234107002839,0.0232627441201,0.0235922828486,0.0236662609305,0.023296370521,0.0232896452408,0.0233098210813,0.0235183047667,0.0235115794865,0.0236191839693,0.0238209423745,0.0239083710168,0.0238881951762,0.0239285468573,0.0244867451117,0.0243925911893,0.0245539979134,0.024190832784,0.0240832283013,0.024110129422,0.0241975580642,0.0243320636677,0.0243589647884,0.0243387889479,0.0241168547021,0.0245069209522,0.0247288551979,0.0250314928057,0.0250180422454,0.0249507894437,0.0248297344005,0.0250920203273,0.024923888323,0.0253475809739,0.0253879326549,0.0252601523316,0.0248297344005,0.0246952287971,0.0247624815988,0.0248633608014,0.0249507894437,0.02480955856,0.0251794489695,0.0251323720083,0.0250180422454,0.0251996248101,0.0251794489695,0.0252332512109,0.0253946579351,0.0253475809739,0.0254484601765,0.0253946579351,0.0250920203273,0.0250987456075,0.0252063500902,0.0251659984092,0.0252332512109,0.0252063500902,0.0252803281722,0.025159273129,0.0251458225687,0.0251861742497,0.0254081084954,0.0251861742497,0.0255426140989,0.0256098669007,0.0257443725041,0.0261546145947,0.0261680651551,0.0261075376335,0.0261075376335,0.0263429224396,0.0263630982801,0.0263630982801,0.0262554937973,0.0262622190775,0.0261747904352,0.0258049000257,0.0256972955429,0.0257309219438,0.0258250758662,0.0256434933015,0.0257914494653,0.0258923286679,0.0255896910601,0.0255964163403,0.0257376472239,0.0257578230645,0.0258318011464,0.0261949662757,0.02597303203,0.0260604606723,0.0257847241852,0.0258452517067,0.0260604606723,0.0260604606723,0.0262487685171,0.0265379555646,0.0264841533232,0.0262891201982,0.0265379555646,0.0267666150905,0.0269078459741,0.0268136920517,0.0268876701336,0.0270490768578,0.0269078459741,0.0266791864482,0.0266590106077,0.0266388347672,0.0265043291637,0.0263361971594,0.0262554937973,0.0263429224396,0.0264169005215,0.0261411640344,0.0264169005215,0.0265783072456,0.0266119336465,0.0265379555646,0.0269078459741,0.0268473184526,0.0272642858233,0.0275332970303,0.0276543520734,0.0280040666424,0.0280780447243,0.0282125503278,0.0288514519443,0.029537430522,0.0294500018797,0.0299543978927,0.0300687276557,0.0303713652635,0.0305193214273,0.0308757612765,0.0307883326342,0.0312591022464,0.0311918494446,0.0312254758455,0.0316289926559,0.0316155420956,0.031709696018,0.0315953662551,0.031824025781,0.031750047699,0.0319988830655,0.0321670150698,0.0322208173112,0.0322611689922,0.0321602897896,0.0321333886689,0.0323149712336,0.0323822240354,0.0324427515569,0.0325503560397,0.032718488044,0.0325839824406,0.0324629273974,0.0326041582811,0.0326512352423,0.0329740486906,0.0330614773329,0.0331758070958,0.0331085542941,0.0330951037337,0.0331152795743,0.0329067958889,0.0333170379795,0.0330547520527,0.0334851699838,0.0332430598976,0.033377565501,0.0334784447036,0.0337474559106,0.0339223131951,0.0341375221606,0.0346419181737,0.0346015664926,0.034695720415,0.0347024456952,0.03527409451,0.0355162045962,0.0358995455661,0.0362492601351,0.0363770404584,0.0363770404584,0.0367536561481,0.0373051291224,0.0379036790578,0.0378969537776,0.037796074575,0.0377355470535,0.0378297009759,0.038065085782,0.0386300093165,0.0392420098123,0.0394504934977,0.03953792214,0.0393563395753,0.0398540103081,0.0403449557608,0.0410578354592,0.0409166045755,0.0413402972264,0.0415824073127,0.041555506192,0.0416563853946,0.0419859241231,0.0425844740585,0.0429610897483,0.043337705438,0.0438286508906,0.0447500142744,0.0448038165158,0.0453216630892,0.04612869671,0.0465860157618,0.04729217018,0.0480386762792,0.0483413138871,0.0486708526156,0.0489734902234,0.0491617980682,0.0497670732838,0.0499890075296,0.0503992496201,0.0508498433918,0.0512533602022,0.0520334927023,0.0529884824869,0.0541586812371,0.0550800446209,0.0563443972935,0.057797057811,0.0589336301603,0.0596128834578,0.0605947743632,0.0615901158288,0.0625451056135,0.0632714358722,0.064038117812,0.0648317008725,0.0656185586527,0.0663717900322,0.0676025163039,0.0689744734593,0.0700639688474,0.0710324091924,0.0715906074468,0.0732113999686,0.0746438846456,0.0759284131587,0.0775895573616,0.0780939533746,0.0788337341937,0.079620591974,0.080938746888,0.0819946158752,0.0838776943238,0.0856329924491,0.0873277630528,0.0892915448634,0.0906567767387,0.0926272838295,0.0945372633988,0.0967767816965,0.0985926073434,0.100468960512,0.102190632236,0.103972831482,0.105486019521,0.106965581159,0.109501011785,0.111572398078,0.113448751247,0.11590347851,0.117921062562,0.121014691442,0.124410957929,0.126858959913,0.12987188543,0.132400590776,0.134720812435,0.138063276682,0.141170356122,0.143766314269,0.147169306036,0.149845967546,0.152415024572,0.155643159055,0.158837667138,0.162354988668,0.16554277147,0.169618291256,0.173397898713,0.177103528089,0.180809157464,0.184622391323,0.187917778608,0.191751188307,0.195436641842,0.199861876196,0.20430728639,0.207602673675,0.211765622103,0.216432966543,0.221006157061,0.225518820058,0.23064348355,0.234658475813,0.239386347775,0.243475318121,0.247954354716,0.252124028424,0.257134362153,0.261519244826,0.26786790931,0.273059825604,0.278493851984,0.284862692309,0.290027707482,0.296026657397,0.301561562979,0.308004381386,0.312564121343,0.31826043365,