# R script for Peak Model
#  -- generated by MACS
p <- c(0.00998010504559,0.0116018349539,0.0132919421087,0.0149419147927,0.0166022927099,0.016612697943,0.0166216167143,0.0165829687055,0.0167033721176,0.0167732358258,0.0167970192158,0.0168208026059,0.0168297213771,0.0167999921396,0.0168416130722,0.0168535047672,0.0167910733683,0.016807424449,0.0167866139827,0.0168341807628,0.0167717493639,0.0167732358258,0.0167747222877,0.0168475589197,0.0167479659739,0.0167643170545,0.0168772881572,0.0169441789417,0.0170066103406,0.0169635029461,0.016988772798,0.0170541771206,0.0170512041969,0.0170675552775,0.0171686346852,0.0172251202366,0.0172236337747,0.0172667411691,0.0171062032864,0.0172295796222,0.0173232267205,0.0172637682454,0.0172548494741,0.0172726870166,0.017219174389,0.0172622817835,0.017195390999,0.0171255272908,0.0171879586896,0.0171730940708,0.0170764740488,0.0171403919095,0.017195390999,0.0172934974829,0.0174034956619,0.0173871445812,0.0174837646032,0.0175134938408,0.0175863304728,0.0175878169347,0.017693355728,0.017839028992,0.017778084055,0.0176829504948,0.0176784911092,0.0177186255799,0.0177974080594,0.0179148385477,0.0179014603908,0.0177974080594,0.0178553800726,0.0177468683556,0.0178657853058,0.0179549730184,0.018081322278,0.0181184838249,0.0181467266006,0.0180486201167,0.0182329413895,0.0183622635728,0.0184157762004,0.0184796940612,0.01851834207,0.0185123962225,0.0184187491242,0.0183548312635,0.018287940479,0.0184128032767,0.0183518583397,0.0184900992943,0.0184172626623,0.0183860469629,0.0184053709673,0.0184202355861,0.0185956380876,0.0187011768809,0.0187754999748,0.0187695541273,0.0188438772212,0.0187457707372,0.0187041498047,0.0188260396786,0.0188409042974,0.0188617147637,0.0187546895085,0.0187472571991,0.0188795523062,0.0189494160145,0.018955361862,0.019040090189,0.0191560342154,0.0191753582198,0.019319545022,0.0193448148739,0.0194964339854,0.019538054918,0.0195410278417,0.019585621698,0.0197149438814,0.0197283220383,0.0198784546879,0.0199037245398,0.0200211550281,0.0201935846059,0.0201252073596,0.0202649347761,0.0201950710678,0.0203006098611,0.0201638553684,0.0202679076998,0.0203110150943,0.0204016892688,0.0203615547981,0.0204135809638,0.020605334546,0.0207079004156,0.0208610059889,0.0208520872177,0.0210364084905,0.0211226232794,0.0211776223688,0.0212534319246,0.0213262685566,0.0213857270317,0.0214541042781,0.0214927522869,0.0216399120128,0.0219015293032,0.022036797334,0.0221215256611,0.022280577082,0.0225020599017,0.0226893540983,0.0226640842464,0.0228157033579,0.0228944858374,0.0229643495456,0.0230163757113,0.0230906988052,0.0232571825355,0.023396909952,0.0235693395298,0.0236837970943,0.0239573060798,0.0240628448731,0.0242293286034,0.0243601372486,0.024548917907,0.0248506696682,0.0249309386096,0.0250439097122,0.0250320180172,0.0251553943531,0.0253902553297,0.0255760630644,0.0257247092521,0.0259357868388,0.02594470561,0.0260309203989,0.0261275404209,0.0262137552098,0.0263876712495,0.0265214528185,0.0266299645355,0.0267369897907,0.0268038805752,0.0269227975254,0.027098200027,0.0272572514479,0.0274073840975,0.0276645420023,0.0277240004774,0.0278592685082,0.0280108876198,0.0281000753324,0.0283022341477,0.0284092594029,0.0285772295951,0.0287020923928,0.0290707349384,0.0291628955748,0.0293234334576,0.0294259993271,0.0294245128653,0.0297039676982,0.0297649126352,0.0299343692892,0.0300934207101,0.0303208493774,0.0303609838481,0.0304888195696,0.030957055061,0.0310700261637,0.0314579927137,0.0315783961258,0.0318712291156,0.0320391993078,0.0322264935044,0.0322844655176,0.0323662209208,0.032522299418,0.0323558156877,0.0326664862201,0.0326858102245,0.0328106730222,0.0328166188697,0.0329935078332,0.0331153977071,0.0332283688098,0.0334379599345,0.0336118759742,0.0338868714215,0.0339834914436,0.0340667333087,0.0342882161285,0.0345899678896,0.0347029389923,0.0347178036111,0.0348040184,0.0350790138473,0.0350730679998,0.0352440111157,0.035434278236,0.0357003549121,0.0357806238535,0.0359812962069,0.0361894008698,0.0363841273758,0.0366576363612,0.0367260136076,0.0370426299875,0.0371243853907,0.0373131660492,0.0374826227032,0.0375718104159,0.0377026190611,0.0378349141682,0.0380281542123,0.0382169348707,0.038383418601,0.0385826044926,0.0388709780968,0.0390003002802,0.0391667840104,0.0394298877628,0.0395711016411,0.0396706945869,0.0400512288276,0.0402593334904,0.0405729769466,0.0407914868426,0.0408390536226,0.0410189155098,0.0411289136888,0.0413162078853,0.0415689064045,0.0420297095865,0.0422229496306,0.0423314613477,0.0424132167509,0.0426971309695,0.0431757716941,0.0434953609977,0.0439085973997,0.0443039962591,0.044766285903,0.0448495277682,0.0451319555249,0.0455422190031,0.0460386972702,0.0463003145606,0.0464236908964,0.0467462531239,0.0472040833821,0.0474166474306,0.0476693459498,0.0481702836025,0.0484214956598,0.0487693277391,0.0491795912173,0.049644853785,0.0502320062266,0.0508117263588,0.051125369815,0.051816574588,0.0522030546762,0.0527248027952,0.0532747936899,0.0538961347547,0.0542707231478,0.0548400380469,0.0552369233682,0.0555892148331,0.0560128564682,0.0563829854757,0.0567977083396,0.0570875684057,0.0576345863766,0.0580151206172,0.0584774102611,0.0589694291426,0.0595759055886,0.0601615715684,0.0608602086508,0.0614087130836,0.0621415387892,0.0627301776927,0.0632504393498,0.0638866450334,0.0645317694882,0.0649405465045,0.0656956691383,0.0664329542296,0.0670409171375,0.0676786092829,0.0683044097333,0.0690862886809,0.0697819528396,0.0704761305364,0.0710246349692,0.0719432684095,0.0722955598745,0.0729570354099,0.0737076986581,0.0743899846599,0.0751034863611,0.0758155016004,0.0764234645083,0.0773346656392,0.0780318162598,0.0786784271765,0.079582195998,0.0802124558341,0.0809675784678,0.0817241875635,0.0824376892647,0.0831675420465,0.0840921213344,0.0848933242863,0.0859516851431,0.0867603204045,0.0875377399664,0.0885143454199,0.089278386825,0.0902921538254,0.0913609199154,0.0923256336739,0.0933735892975,0.094204521487,0.0949284284214,0.0958708452517,0.096874207019,0.0977913539975,0.0987441760609,0.0995988916405,0.100388202897,0.101449536678,0.102026283886,0.102980592412,0.10397652187,0.104863939611,0.105795951208,0.106516885218,0.107395384188,0.108385367798,0.109418458803,0.110270201459,0.111437074033,0.112291789613,0.113449743415,0.114464996877,0.115489169111,0.116703608465,0.117967101061,0.118911004353,0.119798422094,0.120899890345,0.122126221394,0.123061205915,0.123854976558,0.124957931271,0.126075750603,0.127085058218,0.128168688926,0.129607584024,0.130786348292,0.131814979912,0.132801990598,0.134078861351,0.13569315895,0.136992326631,0.138212711833,0.139629310002,0.140750102257,0.141802517267,0.143233980055,0.144423149557,0.145949745905,0.147245940662,0.148414299698,0.149377526994,0.150908582728,0.152038293755,0.15353070148,0.154980001811,0.156500652311,0.158159543767,0.159656410877,0.161349490956,0.162984599021,0.165117671815,0.166746834033,0.168760989877,0.170489745041,0.172124853106,0.173654422378,0.175365339999,0.177048014844,0.178898659882,0.180664576592,0.182333873281,0.18423357156,0.185867193164,0.187628650488,0.18967253557,0.191526153531,0.193674090944,0.195755137573,0.197485379198,0.199802773265,0.202029493158,0.203793923406,0.205788755246,0.207964935435,0.210148547933,0.212734991599,0.215147519227,0.217403968357,0.219739199966,0.221814300747,0.224206017908,0.226753813566,0.229396742784,0.231941565519,0.234085043546,0.236247845578,0.238535510407,0.241437083992,0.243775288526,0.246596593169,0.248735611811,0.251644617705,0.25447484112,0.257229254979,0.260258664285,0.263175102489,0.265983028976,0.268438663997,0.271857526315,0.274589643246,0.277531351302,0.280110362659,0.282863290057,0.285843646121,0.288846299113,0.29182814164,0.29476539031,0.297937499956,0.301085826213,0.303927941323,0.307150590673,0.3103702671,0.313652374925,0.31658516421,0.31976024678,0.323078029691,0.326045007598,0.329114551375,0.332026530193,0.335402285117,0.338702230485,0.341947176764,0.344557403821,0.347973293215,0.35123904996,0.354137650621,0.357339489505,0.360351061269,