# R script for Peak Model
#  -- generated by MACS
p <- c(0.0125619155061,0.014654758793,0.0167087558008,0.0188258780121,0.0209235770839,0.0209818465025,0.0209332886536,0.0207924708919,0.020656508915,0.0206613646999,0.0207196341186,0.0206467973452,0.0204719890892,0.0204137196706,0.0203748733915,0.0203991523159,0.0205156911532,0.0204477101648,0.0204477101648,0.0204477101648,0.0201709304262,0.020049535804,0.0201854977808,0.0200883820831,0.0201806419959,0.0198941506875,0.0196707845827,0.0196319383036,0.0197387655711,0.0197581887107,0.0197581887107,0.0197679002804,0.0196659287978,0.0196367940885,0.0195785246698,0.0196804961524,0.0197096308618,0.0198795833329,0.0199329969666,0.0197679002804,0.0196707845827,0.0195833804547,0.019656217228,0.0197241982164,0.0196222267338,0.0194182837685,0.0193988606289,0.0191949176636,0.0190249651925,0.0189812631285,0.0191463598147,0.0193454469952,0.0192823217916,0.0192531870823,0.0191949176636,0.0194862647569,0.0196513614431,0.0196076593791,0.0197339097862,0.0197290540013,0.0196319383036,0.0197727560653,0.0197824676351,0.0197921792049,0.0198844391178,0.0197290540013,0.0197241982164,0.0198941506875,0.0198116023444,0.0199427085364,0.0199669874609,0.0197241982164,0.0198018907747,0.0197047750769,0.0196756403676,0.0197290540013,0.0196950635071,0.0196804961524,0.0196319383036,0.0195493899605,0.0195056878965,0.0195639573151,0.0194474184778,0.019656217228,0.0196173709489,0.0192968891463,0.0191949176636,0.0191075135356,0.0192483312974,0.0193697259196,0.0194134279836,0.0194668416174,0.0194911205418,0.0193017449312,0.0192774660067,0.0196076593791,0.0196270825187,0.019612515164,0.0194619858325,0.019262898652,0.0192191965881,0.0191609271694,0.0192240523729,0.0193648701347,0.0194716974022,0.0195688131,0.0196416498733,0.0197290540013,0.0197921792049,0.0200252568795,0.020136939932,0.0201903535657,0.0201466515017,0.0199427085364,0.0198990064724,0.0198067465595,0.019656217228,0.0198213139142,0.0197679002804,0.0195930920245,0.0195882362396,0.0196028035942,0.019656217228,0.0197484771409,0.019612515164,0.019525111036,0.0198650159782,0.0196465056582,0.0197241982164,0.0200738147284,0.0200689589435,0.0199572758911,0.0199669874609,0.0200106895249,0.0200252568795,0.020263190339,0.0201515072866,0.0202486229844,0.0202826134786,0.0200301126644,0.0199524201062,0.0199961221702,0.0198795833329,0.0201223725773,0.0202680461239,0.0201417957168,0.0199912663853,0.0197824676351,0.0198164581293,0.0197824676351,0.0199232853969,0.0197047750769,0.020049535804,0.0199572758911,0.0199766990306,0.0198455928386,0.0198261696991,0.0201757862111,0.0202097767053,0.0203845849613,0.020350594467,0.0207050667639,0.0205545374323,0.0206516531301,0.0208895865896,0.0210983853398,0.0212294915318,0.02130718409,0.0212926167354,0.0213800208634,0.0215985311833,0.0214722807762,0.0214674249914,0.0215062712705,0.0212537704563,0.0212392031016,0.0211517989736,0.0209964138572,0.0211372316189,0.0209769907176,0.0208847308048,0.0210886737701,0.0211663663283,0.0211420874038,0.0212003568225,0.0213411745843,0.0214042997878,0.0216325216776,0.0215548291193,0.0218510319975,0.0218558877824,0.0218121857184,0.0217247815904,0.021787906794,0.0220792538873,0.0220646865326,0.0220598307477,0.0219238687709,0.0221326675211,0.0222929084224,0.022525986097,0.0226619480739,0.022831900545,0.0227979100508,0.0227833426961,0.0228221889752,0.0231378149929,0.0232300749058,0.0231475265627,0.0229095931032,0.0228901699636,0.0228416121148,0.0230552666498,0.0231572381325,0.0231620939174,0.0232737769698,0.0233320463885,0.0234291620862,0.0234680083654,0.0237205091795,0.0236816629004,0.0236428166213,0.0236913744702,0.0237107976098,0.0236428166213,0.0236865186853,0.023744788104,0.023744788104,0.0238710385111,0.0237156533947,0.0237156533947,0.023963298424,0.0238661827262,0.0241332508951,0.0244100306337,0.0244731558372,0.0245314252559,0.0246236851688,0.0246819545874,0.0247353682212,0.024876185983,0.0248810417679,0.0250170037447,0.024570271535,0.024570271535,0.0245557041803,0.0243566169999,0.0245168579012,0.0245799831048,0.0245362810408,0.0246333967386,0.0245654157501,0.0244100306337,0.0246188293839,0.024395463279,0.0244877231919,0.024701377727,0.0246285409537,0.0246965219421,0.0249101764772,0.0248373397039,0.0249927248203,0.0252112351403,0.0251092636576,0.0252792161287,0.0252937834834,0.0252500814194,0.025483159094,0.025570563222,0.0254346012451,0.0255122938033,0.0255462842976,0.0253569086869,0.0259104681642,0.0259590260131,0.0260221512166,0.0262552288913,0.0260415743562,0.025832775606,0.026007583862,0.0259687375828,0.0259493144433,0.0263134983099,0.0263037867401,0.0262795078157,0.0262552288913,0.0260949879899,0.0261192669144,0.0265028739206,0.0265611433392,0.026614556973,0.0267553747348,0.026789365229,0.0264737392112,0.026701961101,0.0268476346476,0.027007875549,0.0269835966245,0.0268864809267,0.0269835966245,0.027221530084,0.0273283573516,0.0274546077587,0.0279596093871,0.0281732639222,0.0285617267132,0.0287996601728,0.0291249977603,0.0294212006385,0.0297222593015,0.0299893274704,0.030178703081,0.0302903861335,0.0302321167148,0.0301301452322,0.0297999518597,0.0299407696215,0.0300038948251,0.0300670200286,0.0300330295344,0.0302612514241,0.0303680786917,0.0305137522383,0.0306934162792,0.030921638169,0.0310624559307,0.030965340233,0.0310381770063,0.0310527443609,0.0310527443609,0.0308488013956,0.030965340233,0.0309896191574,0.030790531977,0.0309264939538,0.0311692831983,0.0311838505529,0.0316742848266,0.0316305827627,0.0318102468035,0.0317228426755,0.0318102468035,0.0317811120942,0.0321987095946,0.0323201042168,0.032660009159,0.0330581835198,0.0330436161652,0.0333640979678,0.0335971756424,0.0338739553811,0.0340341962824,0.0341944371837,0.0341264561953,0.034267273957,0.0340584752068,0.0342090045384,0.034136167765,0.0343595338699,0.034616890469,0.0347722755854,0.0348499681436,0.0349567954112,0.0354569412547,0.0353792486965,0.0357677114875,0.0358017019817,0.0359959333773,0.0362775689008,0.0363261267497,0.0366854548314,0.037049638698,0.0374478130589,0.0374381014891,0.0378071411406,0.0381081998037,0.0382878638446,0.0386326245716,0.0387443076241,0.0390016642232,0.0392444534676,0.0394823869271,0.0400310906195,0.040574938527,0.0412887389056,0.0414732587313,0.0420608087028,0.0427309070174,0.0431582160876,0.043876872251,0.0443721623097,0.0449014428625,0.0450034143451,0.0453433192873,0.0456832242295,0.046620390713,0.0473099121671,0.0480237125457,0.048446165831,0.0489560232443,0.0494318901633,0.0499951612104,0.0506652595249,0.0514421851071,0.0521219949915,0.0524764672883,0.0528989205736,0.0531951234518,0.0539429143246,0.0547149841218,0.0555064770586,0.0563756625536,0.0575896087757,0.0584102364219,0.0593522586902,0.0602797136039,0.0615373618899,0.0626687597689,0.064232322503,0.0654754034344,0.0666699265169,0.0682237776812,0.0692483482926,0.0705739775671,0.0719044626266,0.0732009571917,0.0746528368734,0.0758327926012,0.0769253442011,0.0779790495219,0.0793435250755,0.0803583841172,0.0817471385952,0.0829853637417,0.0845295033362,0.0858065747619,0.0875012436879,0.0888802865962,0.0905555323827,0.0920074120643,0.0937457830543,0.0957366548585,0.0976935361685,0.100131140182,0.101665568207,0.10413230693,0.106191159723,0.108691888941,0.110901271065,0.113503971765,0.115621093976,0.117777062467,0.120166108632,0.122307509768,0.12482280634,0.12761488265,0.129722293292,0.132446388614,0.134616924459,0.137476981759,0.140579828302,0.143430174032,0.146066865226,0.149383366305,0.152840685145,0.155763867648,0.159245465413,0.163222353237,0.166839912979,0.170156414057,0.173686569671,0.177279850488,0.181188757324,0.184442133199,0.188253924336,0.192274514224,0.196018324373,0.199281411818,0.203374838478,0.207361437872,0.211658807498,0.215431752356,0.219296957127,0.223691442451,0.228008235217,0.231630650744,0.236204800108,0.240876065171,0.245974639304,0.250893549396,0.256006690883,0.261619978214,0.266995332085,0.272200733486,0.277488683229,0.283723511026,0.28877352731,0.294556767112,0.299058079703,0.304132374911,0.308565706515,0.313839088903,0.319772858037,