# R script for Peak Model
#  -- generated by MACS
p <- c(0.0116606976432,0.0134702104983,0.0154983956017,0.0174992466741,0.0194563632968,0.0192923591106,0.0193360935602,0.0193743612037,0.0193470271727,0.0195328985837,0.0195110313589,0.0197242368011,0.0196477015141,0.0196914359638,0.0197406372197,0.0199101082121,0.020167048104,0.0204185211896,0.0203419859026,0.0202873178406,0.0203419859026,0.020221716166,0.0203310522902,0.0203037182592,0.0204349216082,0.0205005232827,0.0205934589882,0.0202326497785,0.0203857203523,0.0203146518716,0.0203529195151,0.0203529195151,0.0202873178406,0.0202326497785,0.020167048104,0.0201342472667,0.0201014464295,0.0202599838095,0.0202599838095,0.0202763842281,0.020221716166,0.0204185211896,0.0205442577324,0.0203802535461,0.0202271829723,0.0202709174219,0.0201615812977,0.0203365190964,0.0204731892516,0.0205715917634,0.020587992182,0.0206481270503,0.0206207930193,0.020926934167,0.0210253366787,0.0211346728029,0.0212768097643,0.0211948076712,0.0209597350042,0.0207027951124,0.0210417370974,0.0210144030663,0.0208011976242,0.0207574631745,0.0208667992987,0.0207410627559,0.0207793303993,0.0208777329111,0.0210253366787,0.0211510732215,0.0206863946938,0.0206481270503,0.0207847972055,0.0207738635931,0.0208285316552,0.0208886665235,0.0210800047408,0.0209433345856,0.0209816022291,0.0210198698725,0.021216674896,0.021216674896,0.0212276085084,0.0213041437954,0.0214025463071,0.0215938845244,0.0213424114388,0.0215282828499,0.0214572143692,0.0216157517493,0.0214626811754,0.0214681479816,0.0214736147878,0.0215446832686,0.0214954820127,0.0215118824313,0.0216102849431,0.0216540193927,0.0218234903852,0.0217633555169,0.0220476294398,0.0223701710061,0.0224248390682,0.0225724428358,0.0226216440917,0.0226599117351,0.0229277852394,0.0230043205263,0.0230316545573,0.0231573911001,0.0231300570691,0.0230316545573,0.023179258325,0.0231956587436,0.023337795705,0.0232284595808,0.0230589885884,0.0230808558132,0.0229824533014,0.0232612604181,0.023600202403,0.0238298082638,0.0240539473184,0.0241851506674,0.0243983561095,0.0245896943268,0.0245842275206,0.0246279619703,0.0247864993503,0.0245896943268,0.024436623753,0.0242452855357,0.0243874224971,0.024436623753,0.0245404930709,0.0247591653193,0.0249723707614,0.0252675782967,0.0252675782967,0.0254807837388,0.0256666551499,0.0260165307473,0.0260821324218,0.0261094664528,0.0259290618479,0.0258415929486,0.0259509290728,0.0260711988094,0.0263773399571,0.0265686781744,0.0266178794302,0.0266998815234,0.0266178794302,0.0267982840351,0.0270278898959,0.0273121638188,0.0277221742844,0.0279955145948,0.028104850719,0.0283508569984,0.0287663342703,0.0288702035882,0.0291982119608,0.0293676829532,0.0294606186588,0.0296355564575,0.029701158132,0.029624622845,0.0298815627368,0.0300729009542,0.0300783677604,0.0303189072335,0.030592247544,0.030854654242,0.0310186584283,0.0309093223041,0.0309311895289,0.0310787932966,0.0311881294207,0.0312263970642,0.031324799576,0.0317074760106,0.0319097478403,0.0319206814527,0.0322104221818,0.0323634927556,0.0326477666785,0.0327352355778,0.0329539078261,0.0329703082448,0.0331288456248,0.0333475178732,0.0332764493925,0.033342051067,0.033500588447,0.0339598001686,0.034337009797,0.0346158169136,0.0344080782777,0.0344846135646,0.0346158169136,0.0342112732542,0.0345666156577,0.0347360866502,0.0348016883247,0.0350859622475,0.0348782236116,0.035020360573,0.0353702361704,0.0355615743877,0.0357966470547,0.0362667923886,0.0363597280942,0.0366549356295,0.0367041368853,0.0367314709164,0.0367150704977,0.0367806721723,0.0370430788703,0.0374257553049,0.0375678922663,0.0376225603284,0.0378959006388,0.038005236763,0.0382949774921,0.0383769795852,0.0386721871205,0.0390985980047,0.0393883387338,0.0394430067959,0.0393227370593,0.039525008889,0.0395906105635,0.0397983491995,0.0398530172615,0.0402192932775,0.0406894386115,0.0407659738984,0.0408534427977,0.0410502478213,0.0417445322098,0.0419030695898,0.0420452065512,0.0423240136679,0.0425426859162,0.0423677481176,0.0423841485362,0.042406015761,0.0426574888466,0.0429198955446,0.042668422459,0.0425700199473,0.04253721911,0.042641088428,0.0429854972191,0.0434556425531,0.0434720429717,0.0438164517629,0.0439203210808,0.0440241903988,0.0445927382445,0.0449808814853,0.045625964618,0.0456314314242,0.0460797095333,0.0462163796885,0.0466099897355,0.0467411930845,0.0471566703564,0.0473753426047,0.0475448135972,0.0480149589312,0.0479110896132,0.0484523034279,0.0481352286678,0.0485179051024,0.0487147101259,0.048927915568,0.0492395235219,0.0495784655069,0.0500103431973,0.0500322104222,0.0503492851823,0.0507811628728,0.0515519825482,0.0516886527034,0.0521095967815,0.0529022836818,0.0528148147824,0.052907750488,0.0527273458831,0.053038953837,0.0536075016827,0.0541213814663,0.0541104478539,0.0546133940251,0.0546079272189,0.0545915268003,0.0551819418708,0.0562425022753,0.0567946497024,0.0573741311605,0.0579208117814,0.0581558844483,0.0590961751162,0.0597576586675,0.0607854182347,0.061343032468,0.0619881156006,0.0622395886862,0.0630049415555,0.0639124313861,0.0644645788132,0.0649128569223,0.0650549938837,0.0654486039308,0.0657602118847,0.0663670273738,0.0671706478865,0.0677009280888,0.0684498805394,0.0687341544622,0.0692753682769,0.0700953892082,0.07051086648,0.071374621861,0.0723313129475,0.0731677342975,0.0735668111507,0.0739822884226,0.0748023093539,0.0758738033708,0.076770359589,0.0773225070161,0.0782409304592,0.0789352148477,0.0795693643679,0.0800285760894,0.0805205886482,0.0814444788975,0.0814226116726,0.0818708897818,0.0820512943866,0.0825214397206,0.0837296038927,0.0840138778156,0.0845660252426,0.085517249523,0.0864739406095,0.0872939615408,0.088267053046,0.088791866442,0.0898578936527,0.0911152590807,0.0913284645228,0.0918970123685,0.0927553009433,0.0931161101531,0.093925197472,0.0948326873026,0.0959096481257,0.0971014118792,0.0979268996168,0.0979870344851,0.0987414537419,0.100080821263,0.101201516536,0.102163674429,0.102721288662,0.103426506663,0.104038788958,0.104836942665,0.105864702232,0.107603146606,0.108576238111,0.109210387632,0.10974613464,0.110369350548,0.111632182782,0.112638075124,0.11372596956,0.114469455204,0.114988801794,0.115519081996,0.116749113393,0.117886209085,0.118711696822,0.119903460576,0.120521209677,0.121499767989,0.121986313741,0.122822735091,0.123812227015,0.125085992862,0.125359333172,0.126234022165,0.127146978802,0.128256740463,0.129585174371,0.130345060434,0.131941367847,0.132591917786,0.133865683633,0.134559968021,0.135943069992,0.136817758986,0.138709273934,0.139053682725,0.140119709936,0.14142627662,0.14201669169,0.143995675538,0.145220240128,0.146526806812,0.148128581031,0.149287543948,0.149757689282,0.151938944959,0.152611362123,0.153852327132,0.155481435382,0.156438126469,0.157602556191,0.158198438068,0.159619807682,0.160827971854,0.162129071732,0.163539507734,0.165359954201,0.166655587273,0.168071490081,0.168732973632,0.169837268486,0.172040391388,0.172587072009,0.174462186539,0.176195164107,0.177660268171,0.179600984375,0.181098889276,0.182192250518,0.18471244818,0.18627048795,0.187833994525,0.190086318683,0.191824763058,0.193366402409,0.195367253481,0.197143965499,0.198860542648,0.20158301214,0.203556529182,0.206043926007,0.207973708598,0.210504839873,0.212543958589,0.214348004638,0.216179384718,0.218087300084,0.221104977112,0.222936357191,0.22546202166,0.227692478593,0.230360280023,0.232727407111,0.235198403518,0.238516754886,0.240949483649,0.242983135559,0.244688779096,0.247520584712,0.249187960606,0.251948697741,0.253878480333,0.256092536847,0.258503398385,0.260728388512,0.263084581988,0.266506802675,0.270235164509,0.272143079876,0.27571290433,0.278369772148,0.28168265671,0.284749534993,0.28837402751,0.291162098676,0.293769765238,0.296038489814,0.299373241602,0.303385877359,0.30660035941,0.309891376747,0.313592404551,0.316555413516,0.318922540604,0.322224491554,0.326105923962,0.329850686215,0.333305707739,0.336383519635,0.339401196662,0.342681280387,0.345655222965,0.349219580613,0.353658627254,0.357545526469,0.361120817729,