# R script for Peak Model
#  -- generated by MACS
p <- c(0.034851988855,0.0409630225172,0.0474082533329,0.0532805747427,0.0586754716477,0.0594870933059,0.0597258055584,0.0603464574147,0.0603941998652,0.06087162437,0.0620174431817,0.0617309884788,0.0605374272166,0.061062594172,0.0618264733798,0.0614445337759,0.0603941998652,0.0590096688011,0.0598212904593,0.0600122602613,0.0598690329098,0.0601077451623,0.06087162437,0.0601077451623,0.0594870933059,0.059200638603,0.059200638603,0.0599645178108,0.0590574112516,0.0585799867467,0.0587709565486,0.0599167753603,0.0595825782069,0.0604419423157,0.0611103366225,0.0613013064244,0.0616832460283,0.0621606705332,0.0616355035778,0.0617309884788,0.0613967913254,0.0609193668205,0.0615877611273,0.060967109271,0.0614922762264,0.0605374272166,0.0618264733798,0.0616832460283,0.0632110044439,0.0634019742458,0.0629245497409,0.0622561554341,0.0621129280827,0.0619219582807,0.060967109271,0.0618742158303,0.0604896847661,0.0595825782069,0.0590096688011,0.0585799867467,0.0582457895933,0.0585322442962,0.0585799867467,0.0595348357564,0.0609193668205,0.0614445337759,0.0618264733798,0.0622561554341,0.0619219582807,0.0618264733798,0.0619219582807,0.0621606705332,0.0621129280827,0.0613490488749,0.0599645178108,0.059200638603,0.0590096688011,0.0599645178108,0.0600122602613,0.0604419423157,0.0602987149642,0.0597735480089,0.0596303206574,0.0599167753603,0.06087162437,0.0619697007312,0.0617309884788,0.0622084129837,0.0623038978846,0.0621606705332,0.0615877611273,0.0615400186768,0.0615877611273,0.0617787309293,0.0603464574147,0.059200638603,0.0601077451623,0.0595348357564,0.0592483810535,0.0588186989991,0.0595348357564,0.0595825782069,0.0598212904593,0.0591528961525,0.0601554876127,0.0602987149642,0.0600600027118,0.0600122602613,0.0600122602613,0.061158079073,0.0630677770924,0.0617787309293,0.0621129280827,0.0634497166963,0.0634974591468,0.0647865053099,0.0652161873643,0.0657890967701,0.0659323241216,0.0644523081565,0.0626858374885,0.0646432779585,0.0638793987507,0.0633542317953,0.0623038978846,0.061158079073,0.0613490488749,0.0611103366225,0.0618742158303,0.0629245497409,0.0633542317953,0.06282906484,0.0631632619934,0.0637361713992,0.064404565706,0.064500050607,0.0631632619934,0.0618742158303,0.0616832460283,0.0612058215234,0.0602509725137,0.0598212904593,0.059200638603,0.0589141839001,0.059200638603,0.0597735480089,0.0608238819196,0.0631632619934,0.062638095038,0.0624948676866,0.064500050607,0.0648342477604,0.0659800665721,0.0662187788245,0.0655981269682,0.0658368392206,0.0655503845177,0.0651207024633,0.0651207024633,0.0661232939235,0.0654548996167,0.0667439457799,0.0657413543196,0.0641181110031,0.0648819902109,0.0649774751119,0.064404565706,0.0639748836516,0.0639271412012,0.0628768072905,0.0621606705332,0.061062594172,0.0619219582807,0.0632110044439,0.0623038978846,0.0619219582807,0.0624948676866,0.0623038978846,0.062638095038,0.0628768072905,0.0636884289487,0.0645477930575,0.0638793987507,0.0624948676866,0.0640703685526,0.0637839138497,0.0644523081565,0.0648819902109,0.0646432779585,0.0650729600128,0.0652639298148,0.064500050607,0.0649774751119,0.066075551473,0.0657890967701,0.0662187788245,0.0655981269682,0.0650729600128,0.0658845816711,0.0657413543196,0.0648819902109,0.0648819902109,0.0644523081565,0.0651684449138,0.0649297326614,0.064500050607,0.0642613383546,0.0654071571662,0.0633542317953,0.0622084129837,0.0620651856322,0.061158079073,0.0614445337759,0.0604419423157,0.0600600027118,0.0609193668205,0.0619697007312,0.0614922762264,0.0629245497409,0.0651207024633,0.0668394306808,0.0677942796906,0.0677465372401,0.0682239617449,0.0690833258537,0.0692742956556,0.0686059013488,0.0674600825371,0.0676987947896,0.0665052335274,0.0643568232555,0.0648819902109,0.0648342477604,0.0658845816711,0.0653116722653,0.0649774751119,0.0642135959041,0.0646910204089,0.0655981269682,0.0651684449138,0.0658368392206,0.066362006176,0.0659323241216,0.064404565706,0.0650252175623,0.0649774751119,0.066266521275,0.0661232939235,0.0652161873643,0.066362006176,0.0671736278342,0.0672213702847,0.0686059013488,0.0694175230071,0.0693697805566,0.0690355834032,0.0687968711508,0.0692265532051,0.0687013862498,0.0678897645915,0.0665052335274,0.0642613383546,0.0633064893448,0.0630677770924,0.0631155195429,0.0630200346419,0.0630677770924,0.0645477930575,0.0659323241216,0.0669349155818,0.067842022141,0.0700859173139,0.0712794785761,0.0715181908285,0.0715181908285,0.0718523879819,0.0726162671897,0.0723298124868,0.0723298124868,0.0726162671897,0.0726640096402,0.0729027218926,0.0729504643431,0.0729027218926,0.0728549794421,0.073236919046,0.0737143435509,0.0720911002343,0.0718046455314,0.0709452814226,0.0703246295663,0.0700381748634,0.0703723720168,0.0691788107547,0.0695607503585,0.0691788107547,0.0679852494925,0.0701814022149,0.0703246295663,0.0709930238731,0.0737143435509,0.0759104962732,0.0779156791936,0.0826899242423,0.0847905920637,0.0915222775822,0.100927540328,0.108232135252,0.117255458394,0.127472342798,0.134776937723,0.140744744034,0.146951262597,0.152441644403,0.158218480912,0.160796573238,0.160892058139,0.161799164698,0.161321740193,0.158170738461,0.15712040455,0.156977177199,0.156452010244,0.156261040442,0.156308782892,0.154876509378,0.154542312224,0.154064887719,0.154255857521,0.155831358387,0.155974585739,0.1570726621,0.157550086605,0.157024919649,0.158839132768,0.160510118535,0.159555269525,0.157693313956,0.157215889451,0.158266223362,0.159221072372,0.157502344154,0.158695905416,0.158648162966,0.158170738461,0.15807525356,0.159316557273,0.161130770391,0.162372074104,0.162610786356,0.16194239205,0.161894649599,0.160271406283,0.161369482644,0.160414633634,0.161560452446,0.160271406283,0.15907784502,0.158266223362,0.156786207397,0.156786207397,0.15712040455,0.157836541308,0.157406859253,0.156642980046,0.156022328189,0.157693313956,0.159650754426,0.158839132768,0.159650754426,0.160175921382,0.161417225094,0.1619901345,0.162372074104,0.165809530539,0.165141136232,0.164329514574,0.163183695762,0.164186287222,0.163661120267,0.163470150465,0.16299272596,0.164186287222,0.162610786356,0.160748830787,0.161703679797,0.160557860985,0.161799164698,0.162467559005,0.162801756158,0.163470150465,0.163183695762,0.161273997743,0.161321740193,0.161321740193,0.158791390317,0.158552678065,0.156881692298,0.156261040442,0.156261040442,0.155640388585,0.156165555541,0.15516296408,0.15511522163,0.155019736729,0.156595237595,0.158600420516,0.16103528549,0.160462376084,0.159841724228,0.160844315688,0.160605603436,0.161321740193,0.161083027941,0.159746239327,0.159221072372,0.15907784502,0.157215889451,0.156595237595,0.157406859253,0.158122996011,0.15802751111,0.15802751111,0.160796573238,0.164281772123,0.163756605168,0.162276589203,0.162658528807,0.163374665564,0.163231438213,0.162754013708,0.161655937347,0.162085619401,0.162324331653,0.160653345886,0.162706271257,0.16495016643,0.16495016643,0.165714045638,0.16590501544,0.165284363584,0.167814713459,0.167146319153,0.168244395514,0.167719228558,0.166573409747,0.165093393782,0.163613377817,0.163756605168,0.164234029673,0.165475333386,0.165045651331,0.167050834252,0.165857272989,0.166430182395,0.168005683261,0.170106351083,0.172350246256,0.174450914077,0.174259944275,0.174403171626,0.175262535735,0.175310278186,0.175262535735,0.175214793285,0.17473736878,0.173066383013,0.173209610364,0.171013457642,0.170917972741,0.169246986974,0.169963123731,0.16886504737,0.171490882147,0.172588958508,0.172111534003,0.173400580166,0.174212201825,0.174450914077,0.174021232023,0.175548990438,0.174307686725,0.174403171626,0.171729594399,0.171968306652,0.171968306652,0.172493473607,0.171729594399,0.173591549968,0.174976081032,0.177219976205,0.178222567665,0.180084523234,0.179989038333,0.18060969019,0.183283267417,0.18356972212,0.184333601328,0.183426494768,0.183951661724,0.18457231358,0.187007178555,0.187580087961,0.188964619025,0.187245890807,0.188869134124,0.188439452069,0.189919468035,0.191113029297,0.193213697118,0.190253665188,0.18944204353,0.189155588827,