# R script for Peak Model
#  -- generated by MACS
p <- c(0.0129805310761,0.0150370245113,0.0171004538435,0.0192713895778,0.0213660304461,0.0213244150646,0.0213903060853,0.0212793317347,0.0212446522501,0.0209568125281,0.0209221330435,0.0210018958581,0.0209880240642,0.0208250304867,0.0207417997238,0.0207348638268,0.0207383317753,0.0205510625586,0.0204817035895,0.0204470241049,0.0203256459089,0.0202874984758,0.0202770946305,0.020273626682,0.0202909664243,0.0202250754036,0.0201314407953,0.0201869279706,0.0202424151459,0.0203776651357,0.0204747676925,0.0204158125688,0.0203741971873,0.0203395177027,0.0202424151459,0.0201799920737,0.020273626682,0.020190395919,0.0202216074551,0.0201279728468,0.0199580433724,0.0199649792693,0.0200412741354,0.0200655497746,0.0202181395067,0.0203152420635,0.0202840305274,0.0203291138573,0.020190395919,0.0201938638675,0.0202181395067,0.0202528189913,0.0201834600221,0.0202042677129,0.0202666907851,0.0202944343728,0.020273626682,0.020356857445,0.0204470241049,0.0204990433317,0.0204539600018,0.0203256459089,0.020235479249,0.020114101053,0.0200655497746,0.0201453125891,0.0202077356613,0.0201349087437,0.0199684472178,0.0199060241455,0.0199302997847,0.0199615113208,0.0200586138776,0.0202077356613,0.0200239343931,0.0199615113208,0.0196875433927,0.0196944792896,0.0198297292795,0.0197360946711,0.0196910113412,0.0197534344134,0.0197222228773,0.0197360946711,0.0197777100526,0.0197707741557,0.0199372356816,0.0200482100323,0.0201453125891,0.0201036972076,0.0200794215684,0.0199337677332,0.0199788510631,0.0199753831147,0.0201071651561,0.0200967613107,0.0202909664243,0.02003087029,0.0198852164548,0.0199615113208,0.0199337677332,0.0200343382384,0.0199788510631,0.0199060241455,0.0197673062072,0.0197673062072,0.0198158574856,0.0200863574653,0.0200655497746,0.0201314407953,0.0202562869397,0.0203048382181,0.0204921074348,0.0206932484454,0.0208527740744,0.0208076907444,0.0206828446,0.0205371907648,0.0206065497339,0.0205267869194,0.0206585689608,0.0208180945898,0.0207556715176,0.0206724407546,0.0207487356207,0.0207972868991,0.020720992033,0.0208597099713,0.0209047933013,0.0208839856105,0.0208319663836,0.0205822740947,0.0206759087031,0.0208319663836,0.0207730112599,0.020963748425,0.0211371458479,0.0211440817448,0.0211475496933,0.0215463637659,0.0214874086421,0.0217856522094,0.0217648445187,0.0215012804359,0.021539427869,0.0214249855699,0.0214041778791,0.0213417548069,0.0213590945492,0.0211961009717,0.0212619919924,0.0212689278893,0.0214770047967,0.0217266970857,0.0216781458073,0.0217925881064,0.0218723509209,0.0220700239829,0.0222364855089,0.0222781008904,0.0224133508802,0.0222885047358,0.0221705944882,0.022024940653,0.0222052739728,0.0223335880657,0.0222711649935,0.0222364855089,0.0222572931996,0.0222885047358,0.0223162483234,0.0225173893339,0.022555536767,0.0226561072722,0.022760145726,0.0227948252105,0.0230306457056,0.0229959662211,0.0230514533964,0.0231520239017,0.0233358251699,0.0233219533761,0.0235230943866,0.0238213379539,0.023693023861,0.0236687482218,0.0235855174588,0.0236479405311,0.0237277033456,0.023654876428,0.0235924533557,0.0238005302632,0.0237242353971,0.0236514084795,0.0238352097478,0.0239288443561,0.024140389212,0.0241889404904,0.024064094346,0.0241611969028,0.024383145604,0.0241993443358,0.0245530750784,0.0245287994392,0.0244871840578,0.0244941199547,0.0245287994392,0.0246675173775,0.0249033378726,0.0250489917079,0.0249761647903,0.0250212481202,0.0247854276251,0.0248825301819,0.0250420558109,0.0251946455431,0.025163434007,0.0251807737492,0.0250004404295,0.0251460942647,0.0252536006668,0.0253160237391,0.025361107069,0.0255067609042,0.0257633890901,0.0258154083169,0.0261379275235,0.0261622031627,0.0263460044309,0.0262211582865,0.0263147928948,0.0264535108331,0.0263529403278,0.0264881903177,0.0263806839155,0.0263425364825,0.0261101839358,0.026179542905,0.026422299297,0.0265367415961,0.0265610172353,0.0267448185035,0.0270638697616,0.0270326582255,0.0271228248854,0.0271679082153,0.0273690492259,0.0274557479373,0.0276360812571,0.027930856876,0.0279031132883,0.0277678632985,0.027847626113,0.0278545620099,0.0277678632985,0.027847626113,0.0279724722575,0.0282464401856,0.0282325683918,0.028128529938,0.0281944209587,0.0285516196498,0.028499600423,0.0286001709282,0.0288013119388,0.0288949465471,0.0286695298974,0.028620978619,0.0286521901551,0.0287735683511,0.0290510042277,0.0291550426814,0.0292139978052,0.0293700554858,0.0294220747126,0.0297099144346,0.0299873503112,0.0302959977239,0.0304069720746,0.0303653566931,0.0305491579613,0.0304381836107,0.0305040746314,0.0305803694974,0.0307294912811,0.0306809400027,0.0307433630749,0.0307607028172,0.03097918357,0.0313155745704,0.0313710617457,0.0315305873748,0.0318981899112,0.0321201386125,0.0324253180768,0.0325848437058,0.0329108308608,0.0330044654692,0.0331570552013,0.033548933377,0.0335385295316,0.033829837202,0.0339997666764,0.0342494589654,0.0345719781719,0.0352725037603,0.03549792041,0.0363406318852,0.0367463818547,0.0368712279992,0.0377174074228,0.0381959843099,0.0386086701763,0.0389762727128,0.0390352278366,0.0387092406816,0.0392190291048,0.0390664393727,0.0393126637132,0.0397253495796,0.0396178431774,0.0397496252188,0.0400235931469,0.0402871572297,0.0405264456733,0.0412616507462,0.0415321507259,0.0416986122519,0.0421112981183,0.0423089711804,0.0425690673147,0.0429956249749,0.0435921121096,0.0438522082439,0.0444799069147,0.0448128299666,0.0450521184102,0.0454127850498,0.0455168235035,0.0459121696276,0.0464011503601,0.0465988234222,0.0467514131543,0.0472958810621,0.0473756438767,0.0476912271863,0.0479790669082,0.0483293297024,0.0488252463318,0.0490680027239,0.0491963168168,0.0497962718999,0.0503060603232,0.0505522846636,0.0511730474375,0.0514262076749,0.0519914832735,0.0525879704081,0.0530179960169,0.0537289254506,0.05426992541,0.0546444638434,0.0551230407305,0.0558859893911,0.0564998162681,0.057158726475,0.057689322589,0.0584592071465,0.0590452904358,0.0596036301375,0.060168905736,0.0608451556852,0.0613757517992,0.0619965145731,0.0624369440272,0.0633663542138,0.064163982359,0.0647188541121,0.0656135848142,0.0663800014232,0.0673510269913,0.0680203410436,0.0687104627866,0.0692583986429,0.0702016806233,0.0710894754284,0.0717033023054,0.0722720458524,0.0726916676157,0.0735031675548,0.0741204623802,0.0749007507831,0.0754105392063,0.0763989045167,0.077227744198,0.0778311672296,0.0782022377145,0.0791524555919,0.0801963080776,0.0808690900783,0.0819684297393,0.0831197886272,0.0842399359789,0.0851970897531,0.0861369037851,0.0868304934766,0.0885159164269,0.089805993253,0.0907388713881,0.0919179738636,0.0930034417308,0.0940958454949,0.0951917172074,0.0962251658477,0.0971857875704,0.0984446528604,0.0994676976554,0.100608652698,0.102217780782,0.10345930633,0.104818742125,0.105883402302,0.107090248365,0.108193055974,0.109431113574,0.11081135706,0.112514119752,0.114040017073,0.115236459291,0.116765824561,0.118333337264,0.119807215358,0.121409407545,0.123209272795,0.125161727776,0.127228625057,0.128681695461,0.130200656885,0.132149643918,0.133946041219,0.13607882952,0.138156130646,0.140181412545,0.142577764929,0.144502476323,0.146302341573,0.148403918338,0.150470815618,0.152294956507,0.154420808911,0.156390603635,0.158610090648,0.160812237918,0.162650250601,0.165157577336,0.167550461771,0.170258929516,0.173085307509,0.175807647048,0.17841207634,0.181106672291,0.183988537459,0.186783703916,0.18940547295,0.191902395839,0.19495765843,0.197558619773,0.200405805457,0.203412516769,0.206492054999,0.209127695827,0.211804952036,0.215262496648,0.21856398358,0.221830791027,0.224750803628,0.227813002116,0.230854392913,0.234291129834,0.237353328322,0.240471013985,0.244427943175,0.248221878787,0.251755718266,0.255601673105,0.258774845943,0.263050826391,0.266681768426,0.270420216863,0.274567883218,0.279201062357,0.282932574898,0.286424798994,0.291619785783,0.295594054716,0.300882676113,0.305106637334,0.309361810092,0.313755700787,0.318250161988,0.321926187353,0.325896988336,0.330270071341,0.332832885251,0.337289199019,