# R script for Peak Model
#  -- generated by MACS
p <- c(0.0127504300835,0.0149129589618,0.0171304250633,0.0192280281323,0.0213506026663,0.0211907852896,0.021275688271,0.0213206369082,0.0212607053919,0.0214305113547,0.021730168936,0.0216802260057,0.0216153001965,0.0215703515593,0.0216602488337,0.0216402716616,0.0215803401453,0.0216852202988,0.0215853344383,0.0214454942337,0.0211558252385,0.0210059964479,0.0209260877595,0.0209210934665,0.0206963502805,0.0206114472992,0.020581481541,0.0203567383551,0.020326772597,0.0204216641644,0.0204216641644,0.0204516299225,0.0203916984062,0.020326772597,0.0205415271969,0.0207512875038,0.0207762589689,0.0209560535176,0.0211758024106,0.0212357339268,0.0212956654431,0.0213406140803,0.0215653572663,0.0216952088848,0.0217751175731,0.0216702374197,0.0215353915081,0.0216852202988,0.0215703515593,0.0214804542849,0.021510420043,0.0214504885268,0.0211907852896,0.0210908994292,0.0209910135688,0.0209560535176,0.0211008880153,0.0210109907409,0.0210809108432,0.020806224727,0.0207912418479,0.0207762589689,0.0207412989177,0.0206264301782,0.0206963502805,0.0206963502805,0.0206164415922,0.0203517440621,0.0201769438063,0.0203817098202,0.0202618467877,0.0205215500248,0.0207712646759,0.0211658138245,0.0212856768571,0.0212607053919,0.0214005455965,0.0215703515593,0.0216552545406,0.021735163229,0.0218250605034,0.021740157522,0.0217051974709,0.021515414336,0.0213705798384,0.0214704656988,0.0214355056477,0.0215204086291,0.0215653572663,0.0215204086291,0.0216752317127,0.0216103059034,0.0217251746429,0.0217601346941,0.0216552545406,0.0215953230244,0.0215703515593,0.0216852202988,0.0217151860569,0.0218650148475,0.0216752317127,0.021730168936,0.0217051974709,0.0216602488337,0.021735163229,0.0218400433824,0.0219149577777,0.0218200662103,0.0216902145918,0.0217851061592,0.0218050833313,0.0219449235359,0.0220198379312,0.0222495754102,0.0224992900612,0.0224543414241,0.0223794270287,0.0224693243031,0.0225692101635,0.0224593357171,0.0225442386984,0.0226391302658,0.0225192672333,0.0224893014752,0.0224593357171,0.0225092786473,0.0225492329915,0.0225292558194,0.0226890731961,0.0228389019867,0.0228189248146,0.022684078903,0.0227989476425,0.0227839647635,0.0227440104193,0.0227889590565,0.0228788563309,0.0229787421913,0.0229238049681,0.0225542272845,0.0227090503681,0.0227090503681,0.0225092786473,0.0226191530938,0.0224893014752,0.0225192672333,0.0226940674891,0.0225492329915,0.0226441245589,0.0229437821401,0.0230087079494,0.0232783997726,0.0234831657865,0.0234182399772,0.0234881600795,0.0235331087167,0.0235081372516,0.0236479774562,0.0236230059911,0.0238227777119,0.0239176692793,0.0236929260934,0.0237378747305,0.0238127891259,0.0239776007956,0.0242422983257,0.0242922412559,0.0242323097397,0.0244570529256,0.0242323097397,0.0241973496885,0.0241524010513,0.0242672697908,0.0243371898931,0.0241873611025,0.0240225494328,0.0240525151909,0.0242023439815,0.0241973496885,0.0243971214094,0.0243971214094,0.0245918988372,0.0245069958558,0.024541955907,0.0246218645953,0.0245319673209,0.0245719216651,0.024536961614,0.024551944493,0.0244370757535,0.0247367333348,0.0249564822278,0.025001430865,0.0250313966231,0.025021408037,0.0252161854649,0.0253260599113,0.025485877288,0.0255757745624,0.0256207231996,0.0256606775438,0.0258754321437,0.0259004036088,0.0260302552274,0.0262150440691,0.0264297986691,0.0266145875109,0.0265296845295,0.0265746331667,0.0268443249898,0.0265746331667,0.0264497758411,0.0265846217527,0.0266145875109,0.0266645304411,0.0266345646829,0.0265446674086,0.0267344505434,0.0267494334224,0.0267294562503,0.0268992622131,0.0269242336782,0.0269392165572,0.0270690681758,0.0272538570176,0.0271439825711,0.0272139026734,0.0272288855525,0.0272788284827,0.0274536287384,0.0276234347012,0.0276184404081,0.0276833662174,0.0274935830826,0.0276683833384,0.0278831379383,0.0279580523336,0.0279830237987,0.0279380751615,0.0279830237987,0.0280829096591,0.0282327384498,0.0286222933054,0.028996865282,0.0290068538681,0.0287920992682,0.0288770022495,0.0289619052309,0.0291367054866,0.0290617910913,0.0288320536123,0.0288919851286,0.0289019737146,0.0285873332543,0.0286123047194,0.0287171848728,0.028742156338,0.0287920992682,0.0288070821472,0.0291217226076,0.0295312546353,0.029446351654,0.0293314829145,0.0293464657935,0.0295112774632,0.0297559978213,0.029925803784,0.0300456668165,0.0301954956072,0.030160535556,0.030385278742,0.0303603072769,0.0305051417745,0.0308197822348,0.0307948107697,0.031319211537,0.0312742628998,0.0314190973974,0.0315839090671,0.0316937835136,0.0316688120485,0.0321133041274,0.0323879902435,0.0327076249969,0.0327975222713,0.0325228361551,0.0326826535318,0.0326576820667,0.0328974081317,0.0331770885409,0.0331770885409,0.0332569972293,0.0331571113688,0.0332320257642,0.0335616491036,0.03388627815,0.0342508615405,0.0346703821543,0.0347552851357,0.0349750340286,0.0353845660564,0.0357241779818,0.0362186129909,0.0364034018327,0.0365782020885,0.0367979509814,0.0370726370976,0.0373822832649,0.0375820549858,0.0379316554973,0.0381563986832,0.0384710391436,0.0384560562645,0.0390853371852,0.0393899890595,0.0400891900825,0.040443784887,0.040918242724,0.0415275464726,0.0417173296075,0.0421418445143,0.0423615934072,0.0428760055884,0.0430458115511,0.0434453549928,0.0435502351463,0.0438049440904,0.0438399041415,0.0440846244996,0.0440246929833,0.0440446701554,0.0445440994575,0.0449486371923,0.0453132205828,0.0458875642803,0.0461822275686,0.0464868794429,0.0473608807216,0.0476255782517,0.0484096822561,0.0489490659024,0.0491688147953,0.0497731242509,0.0500877647113,0.0502276049159,0.0503125078972,0.0508668744226,0.0509867374551,0.0517159042362,0.0520655047477,0.0526248655661,0.0533590266403,0.0535587983611,0.0543229251934,0.0546125941886,0.0553767210209,0.05587115603,0.0563605967461,0.0567401630157,0.0573244952992,0.0578588846525,0.0578788618246,0.0585480970895,0.0589276633591,0.0599065447913,0.060550808591,0.0612999525442,0.0619292334649,0.0623737255438,0.063347612683,0.0640018650688,0.0649008378126,0.0655201301473,0.0663142227377,0.0667487262305,0.0671782354304,0.0676676761465,0.0682320312579,0.0691210154157,0.0695105702714,0.0704594859454,0.0714133959125,0.0719677624379,0.0729066895259,0.0737407364604,0.0745348290508,0.0752490129529,0.0763427631246,0.0770369698545,0.0781756686634,0.0788349153422,0.0795790650024,0.0807776953275,0.0817915368109,0.082755435364,0.0843486148378,0.0856471310234,0.086725898316,0.087899557176,0.0890382559849,0.0904266694448,0.0912806935515,0.0921896548814,0.0928439072672,0.0936330055645,0.0946368584618,0.0953310651918,0.096304952331,0.0973737310375,0.0983326352976,0.0991317221811,0.10064998726,0.101518994245,0.103037259324,0.104960062137,0.10575914902,0.107502157285,0.10843609008,0.110149132586,0.11126285993,0.112551387529,0.114194509933,0.116441941793,0.117450788983,0.118269853039,0.119683237964,0.121106611475,0.122909551256,0.123798535414,0.125351760543,0.127119740273,0.128662976816,0.130331070686,0.132523565322,0.134191659191,0.136169399228,0.138386865329,0.140064947784,0.142427248383,0.144724623173,0.1466374374,0.148030845153,0.150103476757,0.152575651803,0.155082786899,0.157854619526,0.159717490823,0.161835071064,0.163997599943,0.165965351393,0.168747172606,0.171479050889,0.172987327381,0.174610472613,0.176982761798,0.178620889909,0.18058864136,0.183660131568,0.186322089748,0.189173831063,0.191835789244,0.19424303848,0.197264585758,0.200026429799,0.203752172393,0.207213217456,0.210399576404,0.213016585947,0.216053116104,0.219024720452,0.221816530251,0.22518767804,0.228958369271,0.232209654028,0.234726777711,0.237693387766,0.240764877974,0.244165991521,0.248066534371,0.251742334035,0.255318247838,0.259053979018,0.262310258068,0.266175840867,0.269237342489,0.273527440194,0.27758780042,0.281743052214,0.285034291315,0.288700102393,0.292236061852,0.296191541925,0.300541571147,0.304407153945,0.309246623883,0.312707668947,0.316563263159,0.320593657627,0.324948681142,0.328924138387,0.33287961846,0.336850081412,0.340740635676,0.345410299651,0.349815266095,