# R script for Peak Model
#  -- generated by MACS
p <- c(0.0148747385001,0.0173435747657,0.0197013133993,0.0221578054835,0.0246297277944,0.0245834371145,0.0245371464345,0.0245618347971,0.0244661673919,0.0244291348479,0.0244198767119,0.0243211232612,0.0245433185252,0.0246883626558,0.0246266417491,0.0245957812958,0.0246667603384,0.0246050394318,0.0247902021517,0.0250185695063,0.0251481834102,0.0252006461809,0.0251080648209,0.0250802904129,0.0251975601355,0.0252129903622,0.0253919809914,0.0253765507648,0.0254413577168,0.0251574415462,0.0250802904129,0.0252345926795,0.0251636136369,0.0249753648716,0.0249475904636,0.0250216555516,0.0248457509677,0.024867353285,0.0246852766104,0.0249012997837,0.0250123974156,0.0249661067356,0.0249722788263,0.0251944740902,0.0253364321755,0.0253364321755,0.0253395182208,0.0254537018981,0.0253549484475,0.0254876483967,0.0254290135354,0.0254197553994,0.025537025122,0.0254074112181,0.0252839694048,0.0253919809914,0.0254814763061,0.0255154228047,0.025629606482,0.02561109021,0.0256728111167,0.0257869947939,0.0258024250206,0.0258703180179,0.0259412970605,0.0258518017459,0.0258332854739,0.0258271133832,0.0259258668339,0.0258301994286,0.0258394575646,0.0258085971113,0.0260431365565,0.0262684178657,0.0264504945403,0.0265831944896,0.0265677642629,0.0266325712149,0.0267745293002,0.0268825408868,0.0267961316175,0.0267683572095,0.0267282386202,0.0266788618949,0.0265554200816,0.026465924767,0.0265770223989,0.0266603456229,0.0265461619456,0.0263980317697,0.0267066363029,0.0267868734815,0.0265770223989,0.026345568999,0.0264720968576,0.0266757758495,0.0264535805856,0.0263301387724,0.0263393969084,0.0263332248177,0.0261202876898,0.0261604062791,0.026364085271,0.0265986247162,0.0265708503083,0.0265708503083,0.0267807013908,0.0270090687454,0.0271201663773,0.0273732220946,0.0274164267292,0.0274750615905,0.0273917383666,0.0274133406839,0.0273855662759,0.0274411150919,0.0275120941345,0.0275398685425,0.0275923313131,0.0276633103558,0.0279225381637,0.0279379683903,0.0282558310595,0.0283113798755,0.028567521638,0.0284595100514,0.028576779774,0.0285829518647,0.02867861927,0.0288514378086,0.0288390936273,0.0289964819392,0.0288205773553,0.0288483517632,0.028687877406,0.028706393678,0.0289625354405,0.0289748796219,0.0291939888404,0.0290828912085,0.0292125051124,0.0292433655657,0.0294840771016,0.0295457980083,0.0298729188135,0.0301969535733,0.0298636606775,0.0299809304001,0.0296970142295,0.0298852629948,0.0300303071254,0.030110544304,0.0300951140774,0.0302432442533,0.030230900072,0.0303327395679,0.0306320859651,0.0307771300957,0.030937604453,0.0310703044023,0.0311289392636,0.0311628857622,0.0311690578529,0.0313480484821,0.0314529740234,0.0314159414794,0.0313480484821,0.0314807484314,0.0315825879274,0.0316227065167,0.0316936855593,0.0318541599166,0.0320146342738,0.0320516668178,0.0320763551805,0.0324003899403,0.0327892316522,0.0328540386041,0.033104008276,0.03323362218,0.0333879244466,0.0334095267639,0.0335329685772,0.0337366475691,0.0339002079717,0.0340545102383,0.0340174776943,0.0340946288276,0.0344124914968,0.0345081589021,0.0345482774914,0.0349525494299,0.0352580679177,0.0353197888244,0.0355821026776,0.0354710050457,0.0354494027283,0.035464832955,0.035455574819,0.035520381771,0.0356314794029,0.0354494027283,0.0356561677656,0.0357271468082,0.0356685119469,0.0358536746668,0.0362332582426,0.0365572930025,0.0365387767305,0.0367733161757,0.0370695765276,0.0373226322448,0.0373041159728,0.0375201391461,0.0379305831752,0.0383595434764,0.0383132527964,0.0384428667003,0.0386681480096,0.0387823316869,0.0388131921402,0.0388471386388,0.0389273758175,0.0391063664467,0.0390785920387,0.0389212037268,0.039211291988,0.039239066396,0.0394797779319,0.0393871965719,0.0395198965212,0.0397698661931,0.0401278474516,0.0401031590889,0.0402049985849,0.0402944938995,0.0406277867954,0.0408407239233,0.0409363913286,0.0412604260884,0.0412758563151,0.0413530074484,0.0412635121338,0.041479535307,0.0415875468936,0.0417171607976,0.0416585259363,0.0417480212509,0.0419393560615,0.0423096815013,0.0424423814506,0.0425565651279,0.0427478999384,0.0430102137917,0.0434021415488,0.043636680994,0.0441427924285,0.0443742458284,0.044389676055,0.0443341272391,0.044547064367,0.0450686060281,0.0451766176147,0.0452043920227,0.0449821967588,0.045151929252,0.0450439176654,0.0452661129293,0.0454080710146,0.0455407709639,0.045997505673,0.0460592265796,0.0465437356968,0.0469726959979,0.0474880655683,0.0476300236536,0.0479417142321,0.0479262840055,0.0485249767999,0.0488181511064,0.0488397534237,0.0489755394184,0.0491761323649,0.0495155973514,0.0496297810287,0.0500433111032,0.0503827760897,0.0510030712015,0.0511018246521,0.0514104291853,0.0519690033904,0.0525430078221,0.0527713751767,0.0527775472673,0.0531725610698,0.0535027679203,0.0538175445442,0.0539841909921,0.0544409257013,0.0548513697304,0.0548482836851,0.0551939207623,0.0558296461007,0.0565795551163,0.057320205996,0.0579590173797,0.0585700543554,0.0594464912297,0.0597952143522,0.0608382976744,0.0617054764127,0.0622856529351,0.0627485597349,0.0629614968628,0.0634305757533,0.0634922966599,0.0638379337371,0.0642175173129,0.0648470705607,0.0650507495526,0.0653192354965,0.065630926075,0.0661462956454,0.0668283116638,0.067201723149,0.0679392879833,0.0687138853616,0.0693094921107,0.0697631407745,0.0699483034944,0.0708339985047,0.071645628427,0.0718153609203,0.0723029560827,0.0726424210692,0.0734046742662,0.0735342881702,0.073941646154,0.0745958877644,0.075503185092,0.0759691779371,0.0764073963742,0.0771542193446,0.0777467400483,0.0785830583333,0.0793946882556,0.0803266739458,0.080737117975,0.0812061968654,0.0816475013479,0.0821073221024,0.0826628102621,0.0832460728299,0.0841286817948,0.0845854165039,0.0848446443118,0.0853785301543,0.0863938390685,0.0873227387134,0.0878905710545,0.088890449742,0.0897329401177,0.0906772699892,0.0913747162343,0.0920814206153,0.0928868784469,0.0935071735587,0.0941768453957,0.0948897218674,0.095713695971,0.0963617654907,0.0972042558664,0.0978399812047,0.0984263298178,0.0991515504708,0.100049589662,0.101037124169,0.101506203059,0.102172788851,0.103083172224,0.103697295245,0.104317590357,0.105283522545,0.106200078009,0.107326484555,0.108196749339,0.108801614224,0.110190334623,0.111017394772,0.112128371092,0.11318071255,0.114072579651,0.114538572496,0.115331686146,0.116316134607,0.117263550524,0.118365268708,0.118803487145,0.11987125883,0.120565619029,0.121189000186,0.122164190511,0.123744245721,0.124889168539,0.125898305363,0.126388986571,0.127296283898,0.128817704247,0.130086068878,0.131496391595,0.132804874816,0.133678225645,0.134471339295,0.135563799343,0.136761184932,0.13879180276,0.139837972128,0.140751441546,0.141640222601,0.142562950156,0.143846745014,0.145682941986,0.146991425207,0.148679492004,0.149947856635,0.151182274768,0.152466069626,0.153987489975,0.155274370878,0.157092051579,0.158715311423,0.159955901647,0.161977261339,0.162230317056,0.16347707937,0.164350430199,0.166112562084,0.167242054675,0.168982584243,0.170303411645,0.171988392396,0.173673373147,0.174997286595,0.177426004271,0.178737573537,0.180941009904,0.182823497557,0.18457328526,0.18634467528,0.188072860666,0.189902885548,0.191411961715,0.193025963424,0.194528867501,0.196503936513,0.198216691672,0.199988081693,0.202367422644,0.204506052059,0.206694058199,0.208446931948,0.210906510077,0.213387690524,0.216291659182,0.219170939476,0.220991706222,0.223111819365,0.225213416236,0.227821124542,0.229786935418,0.232240341457,0.234425261552,0.23663487001,0.238714864564,0.240949161384,0.243686483594,0.24611520127,0.248985223429,0.251568243371,0.25439197485,0.256604669353,0.259487035693,0.262255218356,0.264949335931,0.267374967562,0.269905524734,0.272673707397,0.27503144603,0.277395356755,0.280083302239,0.283317477747,0.285326493258,0.287418831993,0.289844463624,0.292270095255,0.295584507941,0.299093341484,0.302543540165,0.305345669326,0.308336047253,0.310832657927,0.314177931066,0.317449139118,0.32109067261,0.324633452651,0.327093030781,0.32969148095,0.332444233386,