# R script for Peak Model
#  -- generated by MACS
p <- c(0.0123965222225,0.0141417034739,0.0162391983113,0.0182137930605,0.0203522545939,0.0202949012195,0.0200982610785,0.0197377541533,0.0196066607259,0.0194264072634,0.0194427939418,0.0197131741357,0.0195247273339,0.019491953977,0.0192461538008,0.01925434714,0.0193035071752,0.0195820807083,0.0195411140123,0.019450987281,0.0192379604616,0.0194591806202,0.0195247273339,0.0195165339947,0.0198278808846,0.0198278808846,0.0199180076159,0.0196804007788,0.0198360742238,0.0199917476687,0.0199671676511,0.0196804007788,0.0197951075277,0.019885234259,0.0196230474044,0.0195083406554,0.0195329206731,0.0197295608141,0.0197787208493,0.0198524609022,0.0200654877216,0.0201720011313,0.0201474211137,0.0201556144529,0.0201392277745,0.0199835543295,0.0199835543295,0.0199180076159,0.0198114942062,0.0198278808846,0.0196394340828,0.0194100205849,0.0191724137479,0.019057706999,0.0191396403911,0.0191806070871,0.0191478337303,0.0191396403911,0.0191314470519,0.0190167403029,0.0190659003382,0.0191396403911,0.0193035071752,0.0192133804439,0.0191150603734,0.0192461538008,0.0193526672105,0.019295313836,0.01925434714,0.0194755672986,0.0195411140123,0.019647627422,0.0195493073515,0.0195493073515,0.0194100205849,0.0196394340828,0.0196722074396,0.0196640141004,0.0195411140123,0.0194837606378,0.0193690538889,0.0194427939418,0.019688594118,0.0197049807965,0.0199180076159,0.0199180076159,0.0200491010432,0.020196581149,0.0204178013076,0.0203440612547,0.0206226347878,0.0205161213781,0.0202703212018,0.0205079280389,0.0204751546821,0.0202621278626,0.020196581149,0.019999941008,0.0198688475806,0.0198360742238,0.0198278808846,0.0199589743119,0.0202129678274,0.0203194812371,0.0204669613428,0.0204915413605,0.0201474211137,0.020237547845,0.0204178013076,0.0205488947349,0.0205570880741,0.0203686412723,0.0200572943824,0.0197869141885,0.0197623341709,0.020040907704,0.0204587680036,0.0207619215543,0.0206717948231,0.020630828127,0.0206390214662,0.0206799881623,0.0209257883385,0.0211715885148,0.0211306218187,0.0209012083209,0.0206226347878,0.0205161213781,0.0202703212018,0.0204997346997,0.0206062481094,0.0207291481975,0.0207946949112,0.020786501572,0.0209094016601,0.0212699085853,0.0213928086734,0.0212862952637,0.0215976421536,0.0216386088497,0.0214747420655,0.0216222221712,0.0216795755457,0.0217041555633,0.0218598290083,0.0216959622241,0.0219171823827,0.0221302092022,0.0220155024532,0.0218516356691,0.0220236957925,0.021966342418,0.0220564691493,0.0220482758101,0.0220728558277,0.0221056291845,0.022007309114,0.0220482758101,0.0227201296252,0.0227692896604,0.0228921897486,0.0229167697662,0.0230396698543,0.0232035366385,0.0232690833522,0.0234083701187,0.0241703506651,0.0243506041277,0.0242031240219,0.0247029177136,0.025071617978,0.0252928381367,0.0253747715287,0.0256861184187,0.0257025050971,0.0258991452381,0.0255959916874,0.0256041850266,0.0257352784539,0.0257025050971,0.0254730915992,0.0256123783658,0.0259401119341,0.0258417918636,0.0260384320046,0.0262350721456,0.0262760388417,0.0266283524276,0.0266365457668,0.0265709990532,0.0269069259607,0.0271445327978,0.0268249925686,0.027152726137,0.0274722663661,0.0274804597053,0.0274231063309,0.0275296197406,0.0274968463837,0.0276689065071,0.0276525198287,0.0274804597053,0.027939286701,0.0278245799521,0.0278163866129,0.0279474800402,0.0281441201812,0.0282424402517,0.0283079869654,0.0284063070359,0.0286603005513,0.0288323606747,0.0288405540139,0.0292420276351,0.0293895077409,0.0295369878467,0.0296844679524,0.0299138814502,0.0303235484107,0.0302825817146,0.0302661950362,0.0307987620848,0.0308315354416,0.030454641838,0.0305201885517,0.0307905687456,0.0309790155474,0.0310117889042,0.0310199822434,0.0312739757589,0.031437842543,0.0311510756707,0.0313722958294,0.0316426760232,0.0315853226488,0.0316918360585,0.0315361626135,0.0314296492038,0.0315197759351,0.0315443559527,0.0316017093272,0.0318393161642,0.0320195696268,0.0319949896092,0.0321588563934,0.0319704095916,0.0322080164286,0.032339109856,0.0325521366754,0.0328962569221,0.0328880635829,0.0331748304552,0.0331748304552,0.0336582374685,0.0337483641998,0.034067904429,0.034461184711,0.0344939580678,0.0343710579797,0.0343792513189,0.0344693780502,0.0344038313365,0.0347561449225,0.0347397582441,0.0348626583322,0.0347971116185,0.0349200117066,0.0354034187199,0.0357393456275,0.0361653992663,0.036779899707,0.0370994399361,0.0369683465088,0.0372878867379,0.0375091068965,0.0378778071609,0.0380662539627,0.0383612141742,0.0386807544033,0.0384841142623,0.0384349542271,0.0384923076016,0.0386315943681,0.0385250809584,0.0386561743857,0.0389511345972,0.0389511345972,0.0388446211875,0.0389183612404,0.0392870615048,0.0397950485357,0.0402866488882,0.0411059828091,0.0414255230382,0.0419171233907,0.0421547302278,0.0424087237432,0.0429412907918,0.043342764413,0.0434902445187,0.043695077999,0.0439572648536,0.0441948716907,0.0450879456644,0.0459810196381,0.046644680114,0.0474885940525,0.0481194811715,0.0492501619823,0.0500531092247,0.0508314764496,0.0518064838154,0.0524537576128,0.0530027113398,0.05320754482,0.0535352783884,0.0537073385117,0.0542890655955,0.05434641897,0.0546331858423,0.0549199527146,0.0549691127499,0.0557720599923,0.0557310932962,0.0559687001333,0.0563210137193,0.0572796344066,0.0573697611379,0.0577958147768,0.0585086352879,0.0588281755171,0.0595655760458,0.0599752430062,0.0607290302134,0.0613435306541,0.0621382845573,0.0627282049803,0.0639490125224,0.0647519597648,0.0653992335623,0.0665053343554,0.0670051280471,0.0668904212982,0.0673738283115,0.0684717357655,0.068570055836,0.0691108162237,0.0691927496158,0.0697990567172,0.070692130691,0.0711427643474,0.0721177717133,0.0730763924006,0.0740104330704,0.0740923664625,0.0750919538459,0.0757146476258,0.0765749482427,0.0767388150268,0.0772877687538,0.0784430295822,0.0787134097761,0.0796064837498,0.0802537575473,0.0815974651775,0.0826052459001,0.083424579821,0.0846290006846,0.0861447684382,0.0871279691432,0.0871689358393,0.0882504566148,0.0888567637162,0.0896433242802,0.0898973177957,0.0908805185007,0.0925355730208,0.0923880929151,0.0927649865187,0.093879280651,0.0951082815323,0.0958784554179,0.0963372824136,0.0974024165107,0.098672384088,0.0992786911894,0.0995736514009,0.100802652282,0.101662952899,0.102252873322,0.103186913992,0.103907927842,0.105530209006,0.106595343103,0.107226230222,0.109012378169,0.110265959068,0.111576893341,0.112904214293,0.11387102832,0.115050869166,0.116197936655,0.117131977325,0.118197111422,0.11987674596,0.120327379616,0.120778013273,0.122031594171,0.123629295317,0.124997582965,0.126193810489,0.127357264657,0.129020512516,0.13063460034,0.131101620675,0.132846801927,0.134854170033,0.136320777751,0.136681284676,0.137746418773,0.13881974621,0.140245387232,0.140851694333,0.142277335356,0.144137223356,0.1455464777,0.146218331515,0.147865192696,0.150085587621,0.151290008485,0.153461243375,0.155534158195,0.157836486513,0.158983554002,0.161466135782,0.162457529826,0.164128971025,0.165562805386,0.167430886726,0.169118714603,0.170994989281,0.172994164048,0.174657411908,0.176615619979,0.177934747591,0.179933922358,0.182408310799,0.183940465231,0.186062540086,0.189249749038,0.191543884016,0.194116592528,0.196918714537,0.1993767163,0.201883878098,0.204980960318,0.207438962081,0.210781844478,0.212461479016,0.213698673236,0.214681873941,0.217197229078,0.219335690612,0.22152331218,0.22370274041,0.226046035423,0.229446271195,0.231642086103,0.235107868588,0.239319244941,0.242285233735,0.244481048643,0.247381490722,0.250626053049,0.254288475675,0.257008664292,0.260146713209,0.263841909192,0.266562097809,0.269110226303,0.272477688718,0.276099144648,0.280752961319,0.283563276667,0.28622611191,0.290609548386,0.293387090378,0.296123665674,0.300253108635,0.303981077975,0.308184260989,0.31065864943,0.313714764954,0.318155554805,0.322694664727,0.326275153961,0.329675389733,0.333788446015,0.337475448659,0.341301738069,0.346127614863,0.35123206519,0.354878101138,0.359179604222,0.363669554109,0.3668649564,0.371764573247,