# R script for Peak Model
#  -- generated by MACS
p <- c(0.0119688905805,0.014009960562,0.0158964572576,0.0179164490638,0.0198486151393,0.0197467372917,0.0196062161225,0.0195991900641,0.0196729636779,0.0196062161225,0.0197116069994,0.0196343203564,0.0198275369639,0.0198732063439,0.0199856232792,0.0199610320746,0.020013727513,0.0201507356529,0.0201261444483,0.0201156053606,0.0199961623669,0.0200277796299,0.019859154227,0.019781867584,0.0197713284963,0.0198275369639,0.019813484847,0.0198556411977,0.0198205109055,0.0200769620391,0.0200734490099,0.0202807177344,0.0203123349974,0.0203123349974,0.0202280222959,0.0201507356529,0.0201964050329,0.0201858659452,0.0201120923314,0.0199961623669,0.0199434669284,0.0198310499931,0.0197397112332,0.0198099718178,0.0199013105777,0.0199083366362,0.0200945271853,0.0199961623669,0.0201331705068,0.0200453447761,0.0200875011268,0.0199961623669,0.0200945271853,0.0199715711623,0.0199434669284,0.0200629099222,0.0199048236069,0.0200102144838,0.0199961623669,0.0200734490099,0.0200945271853,0.0202947698513,0.0204423170789,0.0204563691958,0.0207198463879,0.020906036937,0.0209271151123,0.0207971330309,0.020860367557,0.0207198463879,0.0207584897094,0.0205968903649,0.0204423170789,0.0204563691958,0.0201893789744,0.0199856232792,0.019968058133,0.0200348056884,0.0200207535715,0.0201401965652,0.0201753268575,0.0202807177344,0.0203404392312,0.020459882225,0.0204282649619,0.0203966476989,0.0204247519327,0.0205582470434,0.0206249945987,0.020737411534,0.0208709066447,0.020906036937,0.021060610223,0.0211484359537,0.0213240874151,0.0214435304089,0.0215418952273,0.0214259652627,0.0215418952273,0.0216999815425,0.0216578251918,0.0214821737304,0.0215348691688,0.0215981036949,0.0215489212857,0.0214751476719,0.0214259652627,0.0216086427826,0.021461095555,0.0213205743859,0.0213557046782,0.0214365043504,0.0215559473442,0.0215208170519,0.0215489212857,0.0215875646072,0.0217280857764,0.021875633004,0.0221110059622,0.0221777535176,0.0223007095406,0.0225290564404,0.0223920483005,0.0226449864049,0.0230384456785,0.0233089489291,0.0233511052798,0.0232913837829,0.0233581313383,0.0233932616305,0.0233440792213,0.0232984098414,0.0234951394782,0.0232597665199,0.0230033153862,0.0230138544739,0.0231368104969,0.023231662286,0.023277331666,0.0234670352443,0.023723486378,0.0238394163425,0.0238218511964,0.0240150678039,0.0241309977685,0.0242644928791,0.0242539537914,0.0243593446683,0.0243488055806,0.0242890840837,0.0243066492299,0.024447170399,0.0246509260942,0.0247668560588,0.024893325111,0.0248546817895,0.0251181589816,0.0251041068647,0.025248141063,0.0255151312844,0.0255502615766,0.0256099830735,0.0256661915412,0.0257048348627,0.0257469912134,0.025848869061,0.0257329390965,0.0260104684055,0.0261650416916,0.0263231280068,0.026417979796,0.0264495970591,0.0264250058545,0.0265233706729,0.0266849700173,0.027018707794,0.0271697680508,0.0270678902032,0.0271346377586,0.027095994437,0.0272048983431,0.0274367582722,0.0276159227628,0.0277915742242,0.0279847908318,0.0278688608673,0.0280936947379,0.0283747370761,0.0285328233914,0.0286873966774,0.0288700741973,0.0289930302203,0.0291897598571,0.0293056898216,0.0293443331431,0.0294883673414,0.0296534797152,0.0295410627799,0.0294848543122,0.0294883673414,0.0294953933999,0.0294883673414,0.0296780709198,0.0299064178196,0.0301312516902,0.0301909731871,0.0302225904501,0.0303560855608,0.0306441539575,0.0309708656757,0.0309954568803,0.0312729861894,0.0315786197322,0.0314767418846,0.031575106703,0.0319228965966,0.0321161132041,0.0325236245946,0.0323690513086,0.0322390692271,0.0326395545591,0.0327273802898,0.0324639030977,0.0325517288284,0.0326641457637,0.0325517288284,0.0325165985361,0.0324814682439,0.0328081799621,0.0332648737618,0.0331313786511,0.0330505789788,0.0332297434695,0.0335564551877,0.0334897076324,0.0338901929644,0.0340974616888,0.0342625740626,0.0344628167286,0.0343328346471,0.0346525203069,0.0351092141066,0.0351759616619,0.0351513704573,0.0352216310419,0.0352462222465,0.0353832303864,0.0355518557893,0.0356748118123,0.0359944974721,0.0359980105013,0.0357591245138,0.0359699062675,0.0361525837873,0.0365495560901,0.0364968606517,0.0367216945223,0.0370203020067,0.0371116407666,0.0370448932113,0.0372345967896,0.0377053427062,0.0380742107751,0.0381444713597,0.0382393231489,0.0385168524579,0.0385625218379,0.0385836000132,0.0389173377899,0.0391737889236,0.0393880837065,0.0393740315896,0.0393178231219,0.0395602221387,0.0397710038924,0.039904499003,0.0402101325459,0.0404630706503,0.0405790006149,0.0409127383915,0.0412499891974,0.0414713100388,0.0418472041662,0.0421422986214,0.0426306096841,0.0429011129347,0.0432032334483,0.0433648327928,0.0436212839265,0.0439901519954,0.0440533865215,0.0444398197366,0.0443800982398,0.0446962708703,0.0446927578411,0.0447278881333,0.0448824614194,0.0453356421898,0.0454726503297,0.0456131714989,0.0461225607369,0.0465933066535,0.04724673009,0.0477736844742,0.0480371616663,0.0489224450318,0.0494810166791,0.0496250508774,0.0504435866876,0.0508370459612,0.0513675133746,0.0518593374666,0.052312518237,0.052681386306,0.0534120963854,0.0537633993083,0.0542587364294,0.0548102820183,0.0552915670225,0.0559695816636,0.0563243976156,0.0566757005384,0.0574134366763,0.0579228259144,0.0580844252589,0.0585270669417,0.059117255852,0.0598163486684,0.0603573551696,0.0608667444077,0.0614990896687,0.062134947959,0.0620611743452,0.0625143551157,0.0632696563997,0.0635225945042,0.0636385244687,0.0640460358592,0.0642497915544,0.0648821368155,0.0652299267091,0.0657182377718,0.0666632426342,0.0671093973462,0.0675766302335,0.0685005569205,0.0692101888246,0.0701446545993,0.0709842685849,0.0715287881152,0.0723613760423,0.0730639818879,0.0738473874058,0.07451134993,0.0753790681493,0.0760992391411,0.0769072358636,0.0775255290077,0.0782316478826,0.0783862211687,0.0792117830373,0.0797527895384,0.0804834996179,0.0814285044803,0.0818570940461,0.082471874161,0.0832658187666,0.0833571575265,0.0840773285183,0.0853982275081,0.085781147694,0.086304589049,0.0870528642746,0.0877695222372,0.0891079863731,0.0900389391186,0.0907731622273,0.0918446361419,0.0923645644676,0.093063657284,0.0941667484617,0.0951082402949,0.0959338021635,0.0969912239612,0.0975322304623,0.0982769926587,0.0988706945982,0.100163489354,0.101080389983,0.102007829699,0.102654227077,0.103947021833,0.104804200965,0.105366285641,0.106444785614,0.107379251389,0.108454238333,0.109357086844,0.110502334373,0.111370052592,0.112511787091,0.113375992281,0.114412335904,0.115610278871,0.116723909136,0.117665400969,0.118575275539,0.119305985619,0.120535545849,0.121645663085,0.122330703784,0.123679707008,0.124961962676,0.125994793269,0.12680981605,0.128046402338,0.129571057023,0.130934112364,0.132082872922,0.133551319139,0.135483485214,0.136930853256,0.137998814142,0.139256478606,0.140619533946,0.142137162573,0.143675869375,0.145267271615,0.147034325317,0.148077694998,0.149988782898,0.150744084182,0.152317921276,0.154362504287,0.156196305544,0.158240888555,0.159856882,0.161880386835,0.163415580608,0.165604197817,0.166630002352,0.168372464849,0.169921710738,0.17150608692,0.172805907735,0.174116267637,0.175496888124,0.177000464633,0.179322576953,0.181535785367,0.183439847209,0.18616244486,0.188800729811,0.190883956143,0.193676814379,0.196244838745,0.198844480374,0.201440608974,0.203351696874,0.205136315722,0.207827296111,0.210173999635,0.212271278084,0.214509077703,0.21734409229,0.219785647603,0.222262333209,0.224746044874,0.227226243509,0.23017718806,0.233187854109,0.236086103222,0.239082717154,0.241896653566,0.244956502023,0.247619378178,0.250854878098,0.25425900342,0.257824728086,0.260849446252,0.26381795595,0.266579196923,0.269639045381,0.273271517603,0.276162740657,0.280062203101,0.283188799114,0.285384442381,0.28830376967,0.291412800537,0.294925829765,0.298108634246,0.301565455006,0.305819733402,0.308735547661,0.312252089919,0.315758093088,0.32002993663,0.323402444689,0.327235159577,0.330172052012,0.33427527015,0.337798838466,0.341202963788,0.345622354557,0.348745437541,0.352377909763,