# R script for Peak Model
#  -- generated by MACS
p <- c(0.0280593616678,0.0325930049933,0.0373727830702,0.0419620052106,0.0464797688747,0.0467259036262,0.046368611245,0.0460986570015,0.0460192586945,0.0461224764935,0.0463209722609,0.0464400697212,0.0463050925995,0.0464559493826,0.0468370612559,0.0466306256579,0.0470514366846,0.0473452104202,0.0473690299123,0.0474563680499,0.0475119468647,0.0474722477113,0.0474881273727,0.0475754655103,0.0473134510974,0.0477819011083,0.0473849095737,0.0475278265261,0.0477183824628,0.0474563680499,0.0474643078806,0.0474643078806,0.0475992850024,0.0479803968756,0.0480359756905,0.0476786833093,0.0475278265261,0.0471546544836,0.0469085197321,0.0466147459965,0.0465432875202,0.0466623849806,0.0467100239648,0.0462812731074,0.0467497231183,0.0468211815945,0.0470434968539,0.0470355570232,0.047480187542,0.0477342621241,0.0478771790766,0.0479803968756,0.0477739612776,0.0479248180608,0.0475198866954,0.0477025028014,0.0477422019548,0.0478771790766,0.0478216002618,0.0483456290875,0.0488299587597,0.049028454527,0.0492745892785,0.0493460477547,0.0494651452151,0.0498780164112,0.0499177155646,0.0501797299775,0.050632300327,0.0506402401576,0.0501638503161,0.0502750079458,0.0505846613428,0.0505052630359,0.0507910969408,0.050632300327,0.0509895927081,0.0510848706764,0.0506164206656,0.0503544062527,0.05055290202,0.0502114893002,0.0498541969191,0.0503067672686,0.0503147070992,0.0504417443903,0.0503782257448,0.0501479706547,0.0499097757339,0.0502670681151,0.0503226469299,0.0505926011735,0.0508228562636,0.0505926011735,0.0506402401576,0.0504020452369,0.0503702859141,0.0505449621893,0.0511086901685,0.050862555417,0.0510610511844,0.0513230655972,0.0517438766239,0.0521170486665,0.0519026732378,0.0519582520526,0.0521011690051,0.0525378596932,0.0526093181694,0.0527601749526,0.0529427910585,0.0530301291961,0.0526807766457,0.052466401217,0.0530063097041,0.0533159631011,0.0532365647941,0.0532445046248,0.0536335563288,0.0538638114189,0.0536494359902,0.0537447139585,0.0538717512496,0.0539670292179,0.0537685334505,0.0534826995456,0.0538717512496,0.0536573758208,0.0529110317357,0.0529666105506,0.0530777681803,0.052799874106,0.053601797006,0.0533715419159,0.0531412868258,0.0532445046248,0.0530698283496,0.0530539486882,0.0536097368367,0.0533239029318,0.0535859173446,0.0537367741278,0.0534826995456,0.0538638114189,0.0540781868476,0.054610155504,0.0548642300861,0.0549674478851,0.0550547860228,0.0557773106158,0.0554200182346,0.0556899724782,0.055539115695,0.0554517775574,0.0562219411346,0.0563330987643,0.0566903911454,0.0575478928602,0.0576987496434,0.0577225691355,0.0584609733899,0.0582704174533,0.0585800708503,0.0591517386602,0.0590961598453,0.0590882200146,0.0589294234008,0.0585800708503,0.0590485208612,0.0586674089879,0.0584292140671,0.0589214835701,0.0588023861097,0.0589056039087,0.058794446279,0.0589611827235,0.0596519479938,0.0599219022373,0.0601600971581,0.0609143810739,0.0611128768412,0.0611208166719,0.0611763954868,0.061144636164,0.0607635242908,0.0607476446294,0.0602633149571,0.0602077361423,0.0600965785126,0.0600171802057,0.0605570886928,0.0612796132858,0.0613828310848,0.0614225302382,0.062049776863,0.0622165133075,0.0627326023025,0.0628596395936,0.0627405421332,0.0633360294352,0.0637092014777,0.0637409608005,0.0641458921658,0.064709620145,0.0650589726955,0.0655194828757,0.0656068210133,0.0660990905162,0.0664802023895,0.0663611049291,0.0659641133944,0.0662658269608,0.0666548786647,0.0665596006964,0.0668851337548,0.0671074490142,0.0670836295221,0.0667819159558,0.0667739761251,0.0668057354479,0.0669010134162,0.0664087439132,0.0662817066221,0.0667898557865,0.0671392083369,0.067242426136,0.0677664549617,0.0683222431102,0.0685366185389,0.0688303922745,0.0691718049943,0.0692432634705,0.0697117134814,0.0691718049943,0.0690209482111,0.0693147219467,0.0690209482111,0.0690527075339,0.0693226617774,0.0697911117883,0.0700531262011,0.0705850948576,0.0706327338417,0.0709582669001,0.0712520406357,0.0712758601278,0.0717760694615,0.0719269262446,0.0722603991337,0.0726018118535,0.0731893593247,0.0735466517059,0.0737054483198,0.0742771161296,0.0744597322356,0.0744597322356,0.0750631593682,0.0757221653157,0.0755713085325,0.0756665865008,0.0758095034533,0.0756745263315,0.0761667958345,0.0761509161731,0.0765955466919,0.0774689280681,0.0776356645126,0.0778421001106,0.0788742781007,0.0788186992858,0.0790886535294,0.0796285620165,0.0802716883026,0.0807560179748,0.081113310356,0.0811609493401,0.0814547230758,0.0814864823985,0.0816135196896,0.082248706145,0.082431322251,0.083050629045,0.0833205832885,0.0836064171935,0.0837413943153,0.0837255146539,0.0840669273737,0.0842971824637,0.0845433172152,0.0845830163687,0.0849720680726,0.0854087587607,0.0855993146973,0.0855437358825,0.0858772087716,0.0867744096398,0.0869967248992,0.0879256850903,0.0882909173021,0.0891404791862,0.0899344622555,0.0907046258327,0.0912842334733,0.0933882886068,0.094158452184,0.0958337564601,0.0962704471482,0.0973979031066,0.098652396356,0.0997957319758,0.0999783480817,0.100454737923,0.101193142178,0.101272540485,0.102288838813,0.101820388802,0.102876386285,0.103074882052,0.103257498158,0.103321016803,0.104114999873,0.104853404127,0.105377432953,0.10546477109,0.105512410074,0.10614759653,0.106878060954,0.107600585547,0.108299290648,0.108632763537,0.109791978818,0.109942835601,0.110331887305,0.110982953422,0.111903973782,0.112610618714,0.11279323482,0.11280117465,0.113277564492,0.113634856873,0.113229925508,0.113499879751,0.114015968746,0.114436779773,0.11462733571,0.115278401826,0.115842129806,0.116024745912,0.116223241679,0.116485256092,0.116866367965,0.11830347732,0.119002182421,0.119502391755,0.119835864644,0.120081999395,0.120375773131,0.120780704496,0.121193575692,0.122019318084,0.122868879969,0.122630685048,0.122789481662,0.123265871503,0.123829599482,0.124298049493,0.124925296118,0.126163909706,0.127108749558,0.127878913136,0.12861731739,0.129744773348,0.130379959804,0.131316859826,0.131753550514,0.132087023403,0.132372857308,0.13274602935,0.132650751382,0.133143020885,0.133587651404,0.13297628444,0.133532072589,0.134270476843,0.134381634473,0.134961242113,0.135294715003,0.136247494686,0.137525807427,0.13789897947,0.138391248973,0.139209051534,0.139677501545,0.140725559196,0.142281766012,0.142813734668,0.143448921124,0.143528319431,0.143917371135,0.145148044892,0.145402119474,0.14707742375,0.147950805127,0.147569693253,0.147434716132,0.147585572915,0.148848005995,0.149562590757,0.150189837382,0.150563009424,0.15154754843,0.151222015372,0.15176986369,0.153183153553,0.154850517999,0.156962512963,0.157002212116,0.157804135016,0.1586536969,0.159169785895,0.160059046933,0.161408818151,0.16243305631,0.162679191061,0.163131761411,0.162988844458,0.164283036861,0.165370793666,0.165958341138,0.167300172525,0.167609825922,0.167506608123,0.167792442028,0.167752742874,0.167959178472,0.168530846282,0.169142213245,0.169777399701,0.170706359892,0.171166870072,0.172016431956,0.173032730285,0.17435074218,0.176089565101,0.177201141398,0.178153921081,0.179154339749,0.180051540617,0.179829225358,0.179702188066,0.180226216892,0.180916982162,0.181758604216,0.182131776258,0.182123836428,0.183187773741,0.183457727984,0.183576825444,0.184728100895,0.186490743309,0.187054471288,0.187522921299,0.187499101807,0.187951672156,0.189079128114,0.189650795924,0.190182764581,0.191064085788,0.191993045979,0.193017284138,0.193874785853,0.194851385028,0.195073700287,0.195621548605,0.196677546087,0.196558448627,0.197654145263,0.198178174088,0.198749841898,0.197598566448,0.19797173849,0.198440188501,0.198860999528,0.199337389369,0.198845119866,0.199607343613,0.199535885137,0.19957558429,0.200123432608,0.200504544481,0.201044452968,0.201695519085,0.202259247064,0.202076630958,0.202830914874,0.203156447933,0.203092929287,0.20347404116,0.203545499636,0.20392661151,0.203918671679,0.203871032695,0.203712236081,0.203759875065,0.203878972526,0.203712236081,0.20427596406,0.204577677627,0.204712654748,0.204593557288,0.204585617457,