# R script for Peak Model
#  -- generated by MACS
p <- c(0.0331200945344,0.0384690760756,0.044490085858,0.050038859579,0.0555059001355,0.0551971304031,0.0553878411202,0.0558237513307,0.0558237513307,0.0556966108526,0.0557056923153,0.0558509957188,0.0552607006421,0.0552607006421,0.055524063061,0.0559054844951,0.055651203539,0.0550609084623,0.05465224264,0.054361635833,0.0545069392365,0.0548338718943,0.0551335601641,0.0554423298965,0.055297026493,0.0554514113592,0.055714773778,0.0559236474206,0.0559599732714,0.0559054844951,0.0557420181662,0.0553151894184,0.0552243747912,0.0550427455369,0.0551698860149,0.0549519309097,0.0547703016553,0.0549065235961,0.0547339758044,0.0549700938351,0.0551244787013,0.0555331445237,0.0555603889118,0.0554060040456,0.054779383118,0.0552516191794,0.055360596732,0.0552062118658,0.055651203539,0.0555603889118,0.0555876333,0.0554332484338,0.0548792792079,0.055233456254,0.0559054844951,0.0555331445237,0.055651203539,0.0558237513307,0.0560780322868,0.0561143581377,0.0564412907955,0.0566320015126,0.0574311702318,0.0570860746485,0.0570860746485,0.0570769931858,0.0572586224402,0.0572586224402,0.0570588302604,0.0574311702318,0.0574765775454,0.0569498527078,0.0570497487977,0.0572767853656,0.057394844381,0.0574311702318,0.0575583107099,0.0575946365608,0.0575038219336,0.0575583107099,0.0573675999928,0.0574765775454,0.0575038219336,0.0574765775454,0.0573221926792,0.0574130073064,0.0573403556047,0.0577126955761,0.0579760579949,0.0577944287406,0.0577217770388,0.0580487096967,0.0577944287406,0.0574311702318,0.0575129033963,0.0578670804423,0.0579215692186,0.0577126955761,0.0575310663217,0.0578489175169,0.0584482940563,0.0589205301177,0.0592928700891,0.0598650022404,0.0602100978237,0.0600920388084,0.0600466314948,0.059619802747,0.0598740837031,0.0597923505386,0.0597741876132,0.0594654178808,0.0591566481484,0.0589477745058,0.0585118642953,0.0586390047734,0.0588024711023,0.0594744993435,0.0593110330146,0.0592928700891,0.0597378617623,0.0600738758829,0.0607277411987,0.0606369265715,0.0611000811701,0.0613271177381,0.0616268060078,0.0616177245451,0.062071797681,0.0621444493827,0.0614542582161,0.0610183480056,0.060491623168,0.0607549855868,0.0604825417053,0.0601919348983,0.0602555051373,0.060037550032,0.0600466314948,0.0599830612557,0.0598831651658,0.0602645866,0.0608003929004,0.0606732524223,0.0608639631394,0.0611545699464,0.0610001850802,0.0608548816767,0.0606641709596,0.0604552973171,0.0608185558258,0.0608912075276,0.0609275333785,0.0613271177381,0.061781190874,0.0617357835604,0.0622625083981,0.0629617810274,0.0634794244024,0.0639970677773,0.0641060453299,0.0639970677773,0.063715542433,0.0639244160756,0.0636428907313,0.0634430985515,0.0630253512664,0.0625985225187,0.0624350561897,0.062653011295,0.0627347444594,0.0629617810274,0.0632796322226,0.0632523878344,0.0629617810274,0.0632433063717,0.0635520761041,0.0640424750909,0.0640606380163,0.0637791126721,0.0644874667641,0.0640515565536,0.0641332897181,0.0644420594505,0.0649687842882,0.0650141916018,0.065168576468,0.0657316271566,0.0658950934855,0.0661857002925,0.0657951973956,0.0668849729218,0.0669576246236,0.0669031358472,0.066975787549,0.067557001163,0.0671846611915,0.0668758914591,0.0668304841455,0.0675751640884,0.0675388382375,0.0671937426542,0.0670302763253,0.0675479197003,0.0678385265072,0.0677295489546,0.0678385265072,0.0678748523581,0.0680564816125,0.0675206753121,0.0676568972529,0.0678566894327,0.0683834142704,0.068328925494,0.0686921840028,0.0688284059436,0.0696457375882,0.0697093078273,0.0700907292614,0.0702269512022,0.0709807126078,0.0714711115946,0.0714347857438,0.0717344740135,0.0715346818337,0.0716799852372,0.0717798813271,0.0719342661933,0.0724065022547,0.0726062944345,0.0723066061648,0.0723701764038,0.0726517017481,0.0723066061648,0.0730694490331,0.0732964856011,0.0733600558401,0.0737868845879,0.0735598480199,0.0743226908883,0.0741864689475,0.0740502470067,0.073977595305,0.0747313567106,0.0745224830681,0.0746042162325,0.0748312528005,0.0748221713378,0.0756031771316,0.0752126742347,0.075557769818,0.0759482727149,0.0762116351337,0.075911946864,0.0760209244166,0.0762570424473,0.0761208205065,0.0764749975525,0.0764659160898,0.0763660199999,0.0764659160898,0.0766293824188,0.0766566268069,0.0768200931358,0.0772923291972,0.0774739584516,0.0779552759757,0.0779734389011,0.0779552759757,0.0786999559186,0.0787362817695,0.079008725651,0.0791358661291,0.0793447397716,0.0796171836531,0.079526369026,0.0795082061005,0.0794809617124,0.0798987089974,0.0801075826399,0.0810157289118,0.0810792991508,0.0815515352122,0.0822326449161,0.0823870297823,0.0829591619336,0.0835676199357,0.0838673082054,0.0842850554905,0.0846664769246,0.0843940330431,0.0844848476703,0.0851841202996,0.0855110529575,0.0855564602711,0.0855837046592,0.0854020754048,0.0864555250802,0.0866371543346,0.0870004128433,0.0874817303674,0.0883535507884,0.0886259946699,0.0890800678058,0.0897339331216,0.0910325822903,0.0924583719371,0.0930940743274,0.0940839537637,0.0950556702746,0.0959638165465,0.0965450301604,0.0975621539849,0.0986337665857,0.0991877358115,0.0997780308882,0.100341081577,0.100913213728,0.10118565761,0.101458101491,0.101712382447,0.101694219522,0.101766871224,0.101766871224,0.103029194541,0.103646734006,0.103764793022,0.103673978394,0.103328882811,0.103083683318,0.103955503739,0.104718346607,0.105090686579,0.105326804609,0.105181501206,0.105008953414,0.105181501206,0.106089647478,0.10693422351,0.10743370396,0.107415541034,0.107942265872,0.108550723874,0.109086530175,0.109186426265,0.109685906714,0.109967432058,0.109931106208,0.110158142775,0.110657623225,0.111683828512,0.111756480214,0.111502199258,0.111602095348,0.111856376304,0.112682789411,0.113254921562,0.113836135176,0.114707955597,0.115943034527,0.115824975512,0.116378944738,0.117032810053,0.117677593906,0.118685636268,0.118785532358,0.119185116718,0.120011529825,0.120320299557,0.119957041049,0.120075100064,0.121037735112,0.120619987827,0.120883350246,0.121346504845,0.121637111652,0.121818740906,0.121292016068,0.121582622875,0.122409035983,0.123789418316,0.123426159807,0.124861030917,0.125233370888,0.125424081605,0.126368553728,0.126622834684,0.127167722447,0.127503736568,0.128248416511,0.12801229848,0.129628798844,0.130046546129,0.13081847046,0.131027344103,0.130700411445,0.131781105508,0.13225334157,0.13372453853,0.133969738023,0.134378403846,0.134133204352,0.135014106236,0.135250224267,0.135531749611,0.135913171045,0.136612443674,0.137638648962,0.136866724631,0.137838441141,0.138319758666,0.138737505951,0.139445860043,0.140444820942,0.141271234049,0.141543677931,0.142015913992,0.142806001249,0.143559762654,0.143459866564,0.144195465044,0.144486071851,0.144004754327,0.143850369461,0.143904858237,0.144522397702,0.144585967941,0.144259035283,0.144295361134,0.144004754327,0.14441342015,0.14504912254,0.146002676125,0.146138898066,0.147246836518,0.147637339415,0.148727114941,0.149499039272,0.150797688441,0.151751242026,0.152459596118,0.152822854627,0.153358660927,0.154148748184,0.154257725737,0.155801574399,0.155801574399,0.156664313357,0.157236445508,0.157772251809,0.158426117124,0.159134471216,0.159606707278,0.16021516528,0.1605511794,0.161132393014,0.16188615442,0.161804421256,0.161940643196,0.162866952394,0.162939604095,0.16332102553,0.163974890845,0.165464250731,0.166254337988,0.165763939001,0.166245256525,0.166880958915,0.167607475933,0.167861756889,0.168542866593,0.169142243132,0.169214894834,0.168352155876,0.168697251459,0.16916948752,0.169850597224,0.170286507435,0.170785987884,0.171067513229,0.170695173257,0.170922209825,0.17080415081,0.171158327856,0.171321794185,0.17163964538,0.171403527349,0.171085676154,0.170976698601,0.170831395198,0.171394445886,0.172411569711,0.173001864788,0.174055314463,0.174200617866,0.174727342704,0.174809075869,0.175671814827,0.176089562112,0.17705219716,0.177415455669,0.176761590353,0.177088523011,0.176334761605,0.176507309397,0.17621670259,0.176098643575,0.176071399186,0.175907932857,0.175635488976,0.175898851395,0.175344882169,