# R script for Peak Model
#  -- generated by MACS
p <- c(0.0236322487362,0.0276490615526,0.0314204024746,0.0352977426237,0.0391862405862,0.039046767919,0.0387734014912,0.0389128741584,0.0389240319718,0.0387789803979,0.0387064546109,0.0385725608504,0.0384330881832,0.0384777194367,0.0387734014912,0.0389519265053,0.0389686632253,0.0391248726126,0.0393591866936,0.0395153960809,0.0396716054682,0.0397720257886,0.0400174976829,0.0397050789083,0.0392476085598,0.0393926601337,0.0393257132535,0.0391416093327,0.0389909788521,0.0391025569859,0.0389630843186,0.0388291905581,0.0387678225845,0.0392141351197,0.0393089765334,0.0387845593046,0.0388180327447,0.038884979625,0.0388515061849,0.0386283499173,0.0386618233574,0.0386897178909,0.0389463475986,0.0386952967976,0.0387566647711,0.0390802413591,0.0390690835457,0.039225292933,0.0391527671461,0.0391639249595,0.0391137147993,0.0390356101056,0.0388459272782,0.0390300311989,0.0391416093327,0.0391806616795,0.0392587663732,0.0392755030933,0.0393480288802,0.0396548687481,0.0396771843749,0.039693921095,0.0397608679752,0.0397664468819,0.0397218156284,0.0395767640545,0.0397552890685,0.0395432906143,0.0398836039224,0.0396437109348,0.0396158164013,0.0395600273344,0.0396269742147,0.0399170773625,0.0402406539505,0.0404805469382,0.0403912844311,0.0404749680315,0.0402127594171,0.0407427555526,0.0410607532339,0.0412225415278,0.0414010665419,0.0411332790208,0.0410663321405,0.0407873868061,0.0408822282198,0.0409993852603,0.0408822282198,0.0403187586442,0.0402741273907,0.0403354953642,0.0401011812833,0.0402183383238,0.0404638102181,0.0406479141388,0.0406590719522,0.0407762289927,0.0410998055807,0.041345277475,0.0413899087285,0.041434539982,0.0415684337426,0.0415684337426,0.0413285407549,0.0415851704627,0.0415014868623,0.0414680134222,0.0414401188887,0.041579591556,0.0412448571546,0.0411779102743,0.0413229618483,0.0412839095014,0.041434539982,0.0411053844874,0.0409826485402,0.0407148610191,0.0409938063536,0.0411221212074,0.041345277475,0.0417692743834,0.0419477993975,0.0418250634503,0.0418752736105,0.0422602181721,0.0424666377196,0.0430635807353,0.04256705804,0.0424722166263,0.042639583827,0.0425726369467,0.0421821134784,0.0425391635065,0.0425280056932,0.0422267447319,0.0423773752125,0.0418362212637,0.042170955665,0.0422881127055,0.0420593775313,0.0420872720647,0.0423885330259,0.0422211658252,0.0421765345717,0.0426674783604,0.0428348455611,0.0431305276156,0.0431193698022,0.0431249487089,0.0432700002829,0.0432588424695,0.0434987354571,0.0438334698585,0.0440287315926,0.043788838605,0.0438948378321,0.0440343104993,0.0441012573796,0.0441682042598,0.0443411503672,0.0445475699147,0.0445308331947,0.0444973597545,0.0440733628461,0.0442574667669,0.0443467292739,0.0445698855415,0.0446982003953,0.0449269355696,0.045189144184,0.0457581926663,0.0456689301593,0.0456410356258,0.0464332403757,0.0466006075764,0.0465559763229,0.0466173442965,0.047074814645,0.0470971302718,0.0470971302718,0.046734501337,0.0467623958704,0.0470859724584,0.0468181849373,0.0465782919497,0.0465671341363,0.0468460794707,0.0467177646169,0.0471808138721,0.0473537599795,0.0472142873122,0.0476103896872,0.0476271264073,0.0481124912892,0.0483077530234,0.0488321702522,0.0489325905726,0.0490218530796,0.0483746999036,0.0489549061993,0.0492896406007,0.0493621663877,0.0496745851623,0.0496132171887,0.0499591094034,0.0498252156429,0.0498531101763,0.0499367937767,0.050271528178,0.0501264766041,0.0503050016182,0.0505672102326,0.0504667899122,0.0507457352466,0.0510525751145,0.0511529954349,0.0512199423152,0.0515379399965,0.0518559376778,0.0517332017306,0.0520065681584,0.0520065681584,0.0520735150387,0.0521014095721,0.0523580392799,0.0527374049347,0.0529047721354,0.0531056127762,0.0535072940579,0.0536356089117,0.0534012948308,0.053468241711,0.0540428691,0.0543608667813,0.054528233982,0.0544166558482,0.054762548063,0.0549912832372,0.0553092809185,0.0559675919079,0.0565924294571,0.0568713747916,0.0567876911912,0.0571056888725,0.0573400029535,0.0578811569023,0.0582716803706,0.0582493647438,0.0582047334903,0.0583107327174,0.0586454671188,0.0588909390131,0.0594599874954,0.0597668273634,0.0598951422172,0.059917457844,0.0597333539232,0.0602131398985,0.0604976641397,0.0609662923016,0.06139028921,0.0623108088137,0.0623442822538,0.0623610189739,0.0628073315091,0.0630974346569,0.0637724823663,0.064174163648,0.0647041597835,0.0645200558627,0.0646093183697,0.064352688662,0.0646427918099,0.0649663683979,0.0652843660792,0.0655856270404,0.0655242590668,0.0658032044013,0.0663499372568,0.0671254052867,0.0673764560877,0.0680515037971,0.068592657746,0.0688883398005,0.069345810149,0.0696080187634,0.0701156992722,0.0700989625521,0.0702161195926,0.0706680110344,0.0714323212509,0.0714100056241,0.0717782134656,0.0724253666416,0.072776837763,0.0735913581396,0.0740767230216,0.0747461918243,0.0753431348401,0.0757782895619,0.0759791302027,0.0769163865265,0.0777866959701,0.0781604827182,0.0792093171759,0.0800405742726,0.0809331993429,0.0820601384941,0.0821996111614,0.0827965541771,0.0836278112738,0.0843474902368,0.0849109598124,0.0856473754954,0.0861885294443,0.08676873574,0.0873154685955,0.0878622014511,0.0894856632977,0.090127237567,0.0905177610352,0.0908301798098,0.0916725947199,0.0922193275755,0.0921300650685,0.0924647994698,0.0930952159257,0.0933908979803,0.0932123729662,0.0936196331545,0.0940380511562,0.0947688879325,0.0953323575082,0.0958511958303,0.0966991896471,0.0972124490625,0.0981050741328,0.0989195945094,0.0993491703245,0.100029796941,0.100866632944,0.101441260333,0.101909888495,0.102612830738,0.103321351887,0.10399082069,0.104437133225,0.105301863762,0.106233541179,0.107349322517,0.107946265533,0.108989521084,0.109965829754,0.110964454052,0.111901710376,0.112978439367,0.113341068301,0.113201595634,0.114339692599,0.1145070598,0.115578209884,0.116052416953,0.11632578338,0.116320204474,0.116911568583,0.117391354558,0.117932508507,0.119516918007,0.119695443021,0.120521121211,0.120638278251,0.121770796309,0.122741526073,0.124320356666,0.125676030992,0.126680234196,0.127360860812,0.127868541321,0.128906217965,0.129938315702,0.130864414213,0.131427883788,0.132024826804,0.132794715927,0.133157344862,0.133949549612,0.135405644258,0.13661626701,0.137955204615,0.138641410138,0.140164451664,0.141402968949,0.142602433887,0.143539690211,0.144281684801,0.145397466139,0.14647419513,0.146859139691,0.147456082707,0.148086499163,0.149202280501,0.150708585307,0.151193950189,0.151774156485,0.152789517502,0.15385508868,0.154541294203,0.155913705248,0.157353063174,0.158440949978,0.158625053899,0.158413055445,0.159947254785,0.161308508017,0.162535867488,0.163367124585,0.165174690353,0.166028263076,0.166619627185,0.167947406977,0.169604342264,0.170703386882,0.171958640887,0.172951686278,0.173643470707,0.174820620018,0.175478931008,0.176683974853,0.177894597604,0.179484586011,0.180594788442,0.182402354209,0.183518135547,0.184410760618,0.185426121635,0.186162537318,0.187479159297,0.188087260126,0.18922535709,0.190073350907,0.191300710379,0.192466701877,0.193632693375,0.194597844232,0.196115306852,0.197660664005,0.198313396087,0.200115382948,0.201420847113,0.202380419064,0.203507358215,0.204204721551,0.204896505981,0.2062466014,0.207312172577,0.208835214104,0.209716681361,0.211022145526,0.212182558117,0.213582863696,0.214257911406,0.215290009143,0.216601052215,0.217616413233,0.2195076626,0.22028313063,0.221610910422,0.222765744107,0.223636053551,0.224400363767,0.226157719374,0.227440867913,0.22838928205,0.229750535282,0.230347478298,0.230821685367,0.232138307345,0.232556725347,0.233605559805,0.235524703706,0.236824588964,0.237884581235,0.238961310226,0.240406247059,0.241633606531,0.243848432486,0.245092528678,0.246397992843,0.247608615595,0.248406399251,0.248456609412,0.249594706376,0.251251641663,0.252317212841,0.253053628524,0.252813735536,0.253499941059,0.254386987222,0.255837502962,0.256283815497,0.257857067183,0.258593482866,0.259335477456,0.259508423563,0.259837579058,0.261221147917,0.261455461998,0.262013352667,0.261834827653,