# R script for Peak Model
#  -- generated by MACS
p <- c(0.0455746134133,0.0531081682738,0.0603193412823,0.0680395382677,0.0756579304578,0.0755730931283,0.0748604595604,0.0751998088785,0.0754203859352,0.0760651496395,0.0767438482756,0.0766590109461,0.0771680349231,0.0770492626618,0.0775922215707,0.0783387900704,0.0783048551386,0.0793059356268,0.0792210982973,0.0782878876727,0.0779315708887,0.0786442044566,0.0782539527409,0.0785084647294,0.0769135229346,0.0763535965598,0.0767268808097,0.0762008893667,0.0759463773782,0.0770492626618,0.0771171325254,0.0763875314916,0.0765911410824,0.0765402386847,0.0777279612979,0.0777449287638,0.0772868071844,0.0775922215707,0.0781521479454,0.0775922215707,0.0764384338893,0.0768795880028,0.077185002389,0.0771001650595,0.0773716445139,0.0775073842412,0.077541319173,0.076149986969,0.0752167763444,0.0748434920945,0.0761160520372,0.0759463773782,0.0753694835375,0.0753185811398,0.0741647934584,0.0741647934584,0.0743344681175,0.0754712883329,0.0757597352532,0.0759294099123,0.075284646208,0.0750301342194,0.0753864510034,0.0757427677873,0.0762687592303,0.0768795880028,0.0768795880028,0.0766590109461,0.0760990845713,0.0760142472418,0.0755561256624,0.0760651496395,0.0757258003214,0.076149986969,0.0761839219008,0.0757427677873,0.0753525160716,0.0753016136739,0.0753185811398,0.0749961992876,0.0756070280601,0.0757088328555,0.0767608157415,0.0754203859352,0.0755221907306,0.0757597352532,0.0765572061506,0.0767947506733,0.0774055794457,0.0782539527409,0.078236985275,0.0780673106159,0.0769135229346,0.0775922215707,0.0777618962297,0.0775582866389,0.0774395143776,0.0777279612979,0.0781521479454,0.0771171325254,0.0774225469116,0.0770662301277,0.0774904167753,0.0774904167753,0.0768795880028,0.0768286856051,0.0771510674572,0.0772189373208,0.0769474578664,0.0770831975936,0.0768626205369,0.0773377095821,0.077354677048,0.0766929458779,0.0776940263661,0.07701532773,0.0771680349231,0.0760821171054,0.0758954749805,0.0757427677873,0.0750640691512,0.0752337438103,0.0750640691512,0.0753016136739,0.0745211102424,0.0748265246286,0.0732146153679,0.0736218345496,0.0743344681175,0.0746907849014,0.075793670185,0.0751998088785,0.0757597352532,0.0762687592303,0.0769983602641,0.076675978412,0.0774395143776,0.0769644253323,0.076489336287,0.0770662301277,0.0759633448441,0.0766250760142,0.0765063037529,0.0759463773782,0.0752507112762,0.0761669544349,0.076319661628,0.0768626205369,0.0766420434801,0.0759124424464,0.0759463773782,0.0755730931283,0.0750301342194,0.0753185811398,0.075454320867,0.0750980040831,0.0748434920945,0.0744871753106,0.0741308585266,0.0741987283902,0.0744023379811,0.074062988663,0.0743175006516,0.0742496307879,0.0746568499696,0.0745041427765,0.0739781513335,0.0741647934584,0.075114971549,0.075793670185,0.0761669544349,0.0763026941621,0.0760651496395,0.0765572061506,0.0759294099123,0.075284646208,0.0761160520372,0.0759294099123,0.0755221907306,0.0750810366171,0.0748604595604,0.0747077523673,0.0748774270263,0.0742665982538,0.0743514355834,0.0754203859352,0.0750471016853,0.0751489064808,0.074419305447,0.0745720126401,0.0745720126401,0.0742835657197,0.0744532403788,0.074419305447,0.0754034184693,0.0751998088785,0.07598031231,0.0771340999913,0.0772359047867,0.0772019698549,0.0779485383546,0.0785423996612,0.0787290417861,0.078576334593,0.0774225469116,0.0772698397185,0.0769135229346,0.0761839219008,0.0769474578664,0.0765063037529,0.0758106376509,0.0750980040831,0.0748604595604,0.0757088328555,0.0756918653896,0.0761839219008,0.0761160520372,0.0758615400486,0.0755052232647,0.0755221907306,0.0754373534011,0.0757767027191,0.0765063037529,0.0758445725827,0.0757427677873,0.0752507112762,0.0753016136739,0.0751658739467,0.0754373534011,0.0759463773782,0.0762857266962,0.0765063037529,0.0754712883329,0.0758276051168,0.0765063037529,0.0763875314916,0.0766929458779,0.0763705640257,0.0760312147077,0.0758785075146,0.0760142472418,0.0760312147077,0.0764044989575,0.0766420434801,0.0767777832074,0.0767099133438,0.0766081085483,0.0770322951959,0.0774734493094,0.0778127986274,0.0774564818435,0.0774734493094,0.0770492626618,0.0766420434801,0.0764044989575,0.07701532773,0.0772868071844,0.0768965554687,0.0764384338893,0.0764384338893,0.0769474578664,0.0769813927982,0.0769474578664,0.0761669544349,0.0763026941621,0.0762348242985,0.0755730931283,0.0760651496395,0.0763026941621,0.0758276051168,0.0762008893667,0.07598031231,0.0764214664234,0.0775752541048,0.0771680349231,0.0768965554687,0.0767268808097,0.0771001650595,0.0767777832074,0.0770492626618,0.076675978412,0.076675978412,0.0762517917644,0.0759463773782,0.0762857266962,0.0760651496395,0.0767438482756,0.0767268808097,0.0765911410824,0.0771510674572,0.0772019698549,0.077710993832,0.0781521479454,0.0782200178091,0.0787969116497,0.0792889681609,0.0792210982973,0.0796622524107,0.0805784955695,0.079967666797,0.0805275931717,0.0808499750239,0.0814438363305,0.0828860709322,0.0837344442273,0.0848542969768,0.0860929219877,0.0867885880897,0.087603026453,0.0881290178959,0.0888755863956,0.0895882199635,0.0903008535314,0.0904535607245,0.0909625847016,0.0910813569629,0.0909965196334,0.0912849665537,0.0922181771784,0.09366041178,0.0938131189732,0.0946614922683,0.095051743984,0.0953571583703,0.0952553535748,0.0950008415863,0.0949329717227,0.0936095093823,0.0932871275302,0.0931004854053,0.0932871275302,0.0924387542351,0.092795071019,0.0924387542351,0.0920315350534,0.0923708843715,0.0930156480758,0.0939318912345,0.0929138432803,0.0929477782121,0.0920654699852,0.0914885761446,0.0911152918947,0.090725040179,0.0910983244288,0.0909116823039,0.0905553655199,0.0906741377813,0.0911322593606,0.0911152918947,0.0911322593606,0.0923369494397,0.0930156480758,0.0933719648597,0.0930665504735,0.0933380299279,0.0931683552689,0.0929477782121,0.0922521121102,0.0917770230649,0.0923878518374,0.0918788278603,0.0910304545652,0.0908438124403,0.0907759425767,0.091064389497,0.0913528364173,0.0916921857354,0.0924726891669,0.0926423638259,0.09262539636,0.0922521121102,0.0918279254626,0.0911831617583,0.0913019340196,0.0912170966901,0.0910304545652,0.0911322593606,0.0906571703154,0.091064389497,0.0918957953262,0.092286047042,0.0935416395187,0.0945596874729,0.0948481343932,0.0942033706889,0.0944918176092,0.0947293621319,0.0956116703588,0.0954419956998,0.0944409152115,0.0948141994614,0.0935925419164,0.0928120384849,0.0921503073147,0.0932871275302,0.0925914614282,0.09262539636,0.0924217867692,0.0923708843715,0.0925235915646,0.0924048193033,0.0928968758144,0.0935246720528,0.0936943467118,0.0927441686213,0.0933889323256,0.0932022902007,0.0928120384849,0.0923708843715,0.0927102336895,0.0923708843715,0.0918618603944,0.092455721701,0.0928459734167,0.0934228672574,0.0933549973938,0.0935586069846,0.0934228672574,0.0944918176092,0.0937961515073,0.0945087850751,0.0945936224047,0.0937622165754,0.0944748501433,0.0936943467118,0.0932362251325,0.092286047042,0.0933380299279,0.0923030145079,0.0924896566328,0.0924726891669,0.0932192576666,0.0935586069846,0.0927781035531,0.0943221429502,0.0953401909044,0.0961885641995,0.0952044511771,0.0953401909044,0.0951026463817,0.0947293621319,0.094712394666,0.0946275573365,0.0954928980975,0.0950178090522,0.0943391104161,0.0942712405525,0.0955607679611,0.0957983124837,0.0960358570063,0.0958492148814,0.0962224991313,0.096969067631,0.096273401529,0.0965618484493,0.096782425506,0.0972914494831,0.0970708724264,0.097308416949,0.0978513758579,0.0981907251759,0.0979531806533,0.0978683433238,0.0983603998349,0.097647766267,0.0972575145513,0.096086759404,0.0954589631657,0.0950178090522,0.0947632970637,0.0951874837112,0.0954419956998,0.0952892885066,0.0953401909044,0.0957813450178,0.0967484905742,0.097478091608,0.0972914494831,0.097647766267,0.0971726772218,0.0971217748241,0.0971726772218,0.0969351326992,0.0965109460516,0.0962564340631,0.0957134751542,0.0953571583703,0.0958492148814,0.0967315231083,0.0972066121536,0.0974441566762,0.0973253844149,0.0975120265398,0.0979871155851,0.0975289940057,0.0977495710625,0.0988185214143,0.0984622046304,