# R script for Peak Model
#  -- generated by MACS
p <- c(0.0380848212526,0.0446991644003,0.051030211659,0.0577307752946,0.0637046233889,0.0635691340507,0.0637538922392,0.0633720586496,0.0639263332151,0.0636184029009,0.0639632848528,0.0637662094517,0.0635198652004,0.0635691340507,0.0639140160025,0.0645298766308,0.0643081668046,0.0645298766308,0.0643204840172,0.0648747585826,0.064948661858,0.0648870757952,0.0652689093847,0.0651087856214,0.0649240274329,0.063815478302,0.0635937684758,0.0632981553742,0.0633227897994,0.0635075479879,0.0634582791376,0.063445961925,0.0633104725868,0.0632242520989,0.0636430373261,0.0639756020654,0.0641110914036,0.0642219463167,0.0642342635292,0.0636060856884,0.0631749832486,0.0629902250601,0.0629779078475,0.0625344881952,0.0624482677072,0.0630887627606,0.063248886524,0.0631503488235,0.063248886524,0.0635814512633,0.0637785266643,0.0639509676402,0.0646407315439,0.0655275708486,0.0656384257617,0.0657862323125,0.0654167159355,0.0661064798392,0.0664020929408,0.0666607544046,0.06673465768,0.0668824642308,0.0662912380277,0.0660941626266,0.0660818454141,0.0657000118245,0.0663158724528,0.0659833077135,0.0660448937764,0.0662666036025,0.0666484371921,0.0669317330811,0.067104174057,0.0670302707816,0.0667592921052,0.0672642978203,0.0672889322455,0.0666853888298,0.0667962437429,0.0665991683418,0.0664759962162,0.0660818454141,0.0664883134287,0.0666977060423,0.0671288084821,0.0665129478538,0.0663158724528,0.0669810019313,0.0665868511292,0.0663528240905,0.0662050175397,0.0664883134287,0.0660572109889,0.0659833077135,0.0659833077135,0.0661557486894,0.0652073233219,0.0648747585826,0.0650595167711,0.0651703716842,0.0652196405345,0.0651703716842,0.0652442749596,0.0649363446455,0.0649363446455,0.0651826888968,0.0655645224863,0.065884770013,0.0659463560758,0.0662419691774,0.0657000118245,0.0659217216507,0.0656384257617,0.0655522052737,0.0656137913366,0.0652812265973,0.065515253636,0.0657492806748,0.0655768396989,0.065601474124,0.0658724528004,0.0653551298727,0.0656261085491,0.0656630601868,0.0658108667376,0.0654783019983,0.0660202593512,0.065687694612,0.065601474124,0.0651087856214,0.0653551298727,0.0655891569114,0.0657615978874,0.0658108667376,0.065515253636,0.0657615978874,0.0653920815104,0.0650471995586,0.0654906192109,0.0659956249261,0.0655891569114,0.065404398723,0.0652073233219,0.0653920815104,0.0657123290371,0.065970990501,0.0661803831146,0.0663897757282,0.0658970872256,0.0656630601868,0.0663158724528,0.0669070986559,0.0665745339167,0.0666114855544,0.0663158724528,0.0661803831146,0.065884770013,0.0664883134287,0.0665006306413,0.0668331953806,0.0664390445785,0.0669070986559,0.0677200346853,0.0680033305743,0.0680525994245,0.068323578101,0.0684590674392,0.0684590674392,0.06860687399,0.0684097985889,0.0689517559418,0.0689148043041,0.068803949391,0.0683851641638,0.0679417445115,0.0682866264633,0.0683851641638,0.0682127231879,0.0686191912026,0.0683605297387,0.0683112608884,0.0677939379607,0.0677939379607,0.0678308895984,0.0683605297387,0.0678555240235,0.0680895510622,0.0679047928738,0.067104174057,0.0679786961491,0.0676338141973,0.0676830830476,0.067104174057,0.0670425879942,0.0672889322455,0.0678924756612,0.0683728469512,0.0686684600528,0.0700110362225,0.0697893263963,0.0697523747586,0.0696784714832,0.0701218911355,0.0706638484884,0.0702204288361,0.0696538370581,0.0696045682078,0.069456761657,0.0690502936423,0.0690256592172,0.0694074928067,0.0694444444444,0.0697031059083,0.0694074928067,0.0698632296717,0.0704051870246,0.0701465255607,0.0704175042371,0.0708116550392,0.0708978755272,0.0712550746916,0.0707993378267,0.070873241102,0.070873241102,0.0701711599858,0.069826278034,0.0697523747586,0.0692227346183,0.068520653502,0.0680895510622,0.0676091797722,0.0682989436759,0.0683358953135,0.0684713846518,0.06860687399,0.0689271215167,0.0693335895314,0.0701957944109,0.0707008001261,0.0710579992905,0.0713043435418,0.0714151984549,0.0711072681408,0.0718463008947,0.0723636238225,0.0724252098853,0.0723513066099,0.0722774033345,0.0719448385952,0.0718709353199,0.0718463008947,0.0721172795712,0.072178865634,0.0720433762958,0.0724252098853,0.0725360647984,0.0725114303733,0.0724128926727,0.0728932639628,0.0729302156005,0.0736938827796,0.0732627803398,0.0734475385282,0.0730657049387,0.0726099680738,0.0727947262623,0.0730903393638,0.0734721729534,0.0739894958811,0.0742358401324,0.0742604745576,0.0743466950455,0.0743959638958,0.0750734105869,0.0754798786016,0.0753197548382,0.0752088999251,0.074814749123,0.0744082811084,0.074161936857,0.0740633991565,0.0749871900989,0.0756276851523,0.0749871900989,0.0750610933743,0.0757878089157,0.0758001261283,0.0757878089157,0.0755414646644,0.0761573252927,0.0760095187419,0.0762435457806,0.075750857278,0.0764898900319,0.076686965433,0.0767731859209,0.0770072129597,0.0772781916361,0.0781773481534,0.0781527137283,0.0791134563084,0.0788178432068,0.0802835915021,0.0809610381932,0.0821681250246,0.0823405660006,0.0835846044697,0.0853213314414,0.0866023215482,0.0885607583461,0.0889672263608,0.0896323558393,0.0900018722163,0.09069163612,0.0907409049702,0.0916400614875,0.091911040164,0.0919479918017,0.0919849434394,0.0913321311734,0.0914799377242,0.0924899491545,0.0928717827441,0.092958003232,0.093241299121,0.0932659335462,0.0934014228844,0.0937093531985,0.0935738638603,0.0935492294352,0.0932166646959,0.0925761696425,0.0927116589807,0.0929826376572,0.0933398368216,0.093610815498,0.0940419179378,0.0938078908991,0.0934999605849,0.0939187458121,0.0947932679043,0.0950642465807,0.0950888810059,0.0957047416341,0.0953352252572,0.0955815695085,0.0957047416341,0.0960126719483,0.0968256079776,0.0973921997556,0.0976385440069,0.0990673406645,0.0993752709787,0.0983529423357,0.0996955185054,0.100089669307,0.100705529936,0.101124315163,0.101419928265,0.100680895511,0.101358342202,0.101001143037,0.100976508612,0.10192493398,0.101284438926,0.101124315163,0.10111199795,0.101321390564,0.101136632376,0.102011154468,0.101346024989,0.101025777462,0.101210535651,0.10144456269,0.102442256907,0.102442256907,0.102392988057,0.10240530527,0.103501537188,0.104117397816,0.104696306807,0.105583146112,0.106457668204,0.10624827559,0.106088151827,0.106876453431,0.107184383745,0.107849513224,0.107824878799,0.10764012061,0.10807122305,0.108145126325,0.108280615664,0.109179772181,0.109906487722,0.110300638524,0.110768692602,0.110891864727,0.111051988491,0.112049682709,0.112283709747,0.112332978598,0.11191419337,0.111667849119,0.111692483544,0.111741752394,0.111963462221,0.112382247448,0.112456150723,0.112209806472,0.11277639825,0.112985790864,0.113774092468,0.114279098183,0.113884947381,0.114488490797,0.114402270309,0.11464861456,0.114845689961,0.115116668637,0.115806432541,0.116644002996,0.11709973986,0.116644002996,0.117346084112,0.117493890663,0.118676343069,0.119242934847,0.119871112688,0.120523924954,0.120573193804,0.12084417248,0.121767963423,0.123344566631,0.12400969611,0.124083599385,0.124465432975,0.124724094439,0.1245886051,0.12444079855,0.124797997714,0.124687142801,0.124785680501,0.125155196878,0.125241417366,0.125783374719,0.125463127192,0.125943498483,0.126904241063,0.127064364826,0.126805703362,0.12775412873,0.127581687754,0.127717177092,0.12838230657,0.128985849986,0.129281463088,0.129958909779,0.12967561389,0.129897323716,0.130907335146,0.131449292499,0.132102104765,0.132237594104,0.133309191597,0.133481632573,0.133678707974,0.133062847345,0.134405423515,0.135784951322,0.135403117733,0.13582190296,0.135587875921,0.136191419337,0.135366166095,0.135846537385,0.136376177526,0.136942769304,0.136905817666,0.136659473415,0.137115210279,0.137669484845,0.138531689724,0.138876571676,0.138975109377,0.139467797879,0.140440857672,0.140724153561,0.141623310078,0.142226853494,0.142719541997,0.142226853494,0.142436246108,0.142731859209,0.143323085412,0.143446257538,0.143569429664,0.1434093059,0.142288439557,0.142534783808,0.143865042765,0.144197607505,0.144419317331,0.144480903394,0.145047495172,0.145084446809,0.145626404162,0.14619299594,0.147572523748,0.148040577825,