# R script for Peak Model
#  -- generated by MACS
p <- c(0.0269736448671,0.0311346955094,0.0351911971405,0.0400631810584,0.0445169689318,0.0448724355696,0.0443915101185,0.0447469767562,0.0449351649762,0.0461688433074,0.0464824903407,0.0469634157918,0.047444341243,0.0470470550007,0.0471097844074,0.0470470550007,0.0465661295496,0.0456460982518,0.0455206394385,0.0444751493274,0.0442033218985,0.0442451415029,0.044726066954,0.0449769845807,0.0447051571518,0.0445587885362,0.0451651728007,0.0453324512185,0.0452279022074,0.0455415492407,0.0459388354829,0.0459388354829,0.0451442629985,0.0449978943829,0.0454160904274,0.0453742708229,0.0452488120096,0.0454997296363,0.0454370002296,0.0458342864718,0.0456042786474,0.0457715570652,0.0460852040985,0.0454370002296,0.0449769845807,0.0451651728007,0.0453324512185,0.0453742708229,0.045290631614,0.0445169689318,0.0446215179429,0.0444960591296,0.0446424277451,0.044726066954,0.0447051571518,0.0446633375474,0.0446215179429,0.0448515257674,0.0457715570652,0.0463779413296,0.0464406707363,0.0467961373741,0.0468379569785,0.0476534392652,0.0482180039252,0.0485316509585,0.0485316509585,0.0486361999696,0.0479879961007,0.0477579882763,0.0477161686718,0.0476952588696,0.047256153023,0.0473607020341,0.0470888746052,0.0470888746052,0.0467752275718,0.0461479335052,0.0457924668674,0.0458133766696,0.0463361217252,0.0461479335052,0.0465870393518,0.0464824903407,0.0465661295496,0.0464406707363,0.0461270237029,0.0458970158785,0.0463988511318,0.0458342864718,0.0461479335052,0.0463570315274,0.0461061139007,0.0461061139007,0.0458342864718,0.045478819834,0.0464615805385,0.0470261451985,0.0473397922318,0.0475907098585,0.0470679648029,0.0460852040985,0.0460852040985,0.0459806550874,0.0461897531096,0.0466497687585,0.0465870393518,0.0465870393518,0.0468797765829,0.0472352432207,0.0474025216385,0.0481761843207,0.0483225529363,0.0487825685852,0.0490543960141,0.0489080273985,0.0486361999696,0.0484480117496,0.0479252666941,0.0479670862985,0.0478416274852,0.0479461764963,0.0480925451119,0.0476743490674,0.0476743490674,0.0477579882763,0.0482180039252,0.0485943803652,0.048949847003,0.0489916666074,0.0487825685852,0.0489080273985,0.0490962156185,0.0496189606741,0.0492634940363,0.0492007646296,0.0488034783874,0.0487198391785,0.048949847003,0.0490543960141,0.0494307724541,0.0495562312674,0.0493889528497,0.048761658783,0.0495353214652,0.0496816900808,0.0498489684985,0.0501626155319,0.0498071488941,0.0503298939497,0.0499116979052,0.050078976323,0.0509362782141,0.0515426624786,0.0513753840608,0.051960858523,0.0518981291164,0.0516681212919,0.0510617370275,0.0507480899941,0.0509153684119,0.0505599017741,0.0495562312674,0.0498698783008,0.0498071488941,0.049702599883,0.0503926233563,0.0503298939497,0.0509153684119,0.0515426624786,0.0520444977319,0.0526299721941,0.0529227094253,0.0524626937764,0.0526717917986,0.0521281369408,0.0516263016875,0.0522117761497,0.0530690780408,0.0525881525897,0.0529645290297,0.052713611403,0.0532154466564,0.0535081838875,0.0541354779542,0.054867321032,0.0558291719342,0.055620073912,0.0549927798453,0.0547000426142,0.0551391484609,0.0549300504386,0.0552646072742,0.0553691562853,0.0557455327253,0.0554737052964,0.0548882308342,0.0557455327253,0.0565401052098,0.0570419404631,0.0565819248142,0.0570837600675,0.0570001208587,0.0571883090787,0.0567073836275,0.0570001208587,0.0569792110564,0.0559337209453,0.0555155249009,0.0556618935164,0.0557037131209,0.0555782543075,0.0555782543075,0.055996450352,0.0564982856053,0.057313767892,0.0581710697831,0.0594256579165,0.0606593362476,0.0609520734787,0.0611820813032,0.0616211871498,0.0615375479409,0.0620393831943,0.0628339556787,0.0620184733921,0.0622484812165,0.0623739400299,0.0622275714143,0.0626039478543,0.0630848733054,0.063419430141,0.064360371241,0.0639630849988,0.0629594144921,0.0638585359877,0.0633985203388,0.0635448889543,0.0633567007343,0.0635657987565,0.0640049046032,0.0640467242077,0.0641303634165,0.0645067398566,0.0650713045166,0.0653849515499,0.0654685907588,0.0654476809566,0.0651549437254,0.0648831162966,0.0642558222299,0.0642558222299,0.0642349124277,0.0642349124277,0.0646949280766,0.0642767320321,0.0652385829343,0.065489500561,0.0656358691766,0.0659704260121,0.0668486377055,0.0672459239477,0.0672459239477,0.0679568572233,0.0677268493988,0.0685005120811,0.0684586924766,0.0690441669388,0.0693159943677,0.0695460021922,0.0698805590277,0.0701942060611,0.0705496726989,0.0707587707211,0.0711142373589,0.0715742530078,0.0721388176678,0.0719297196456,0.07215972747,0.0728497509433,0.0731215783722,0.0741252488789,0.0743761665056,0.0749407311656,0.0750034605723,0.0740834292745,0.0744388959123,0.0747525429456,0.0757980330567,0.0759025820678,0.0758816722656,0.0752961978034,0.0757353036501,0.0757980330567,0.0762998683101,0.0777217348612,0.0774080878279,0.0784953975434,0.0787672249723,0.0801681817212,0.0810254836124,0.0824264403613,0.0842455931546,0.0848728872213,0.0866920400147,0.0884484634014,0.0900376083703,0.090853090657,0.0922749572081,0.092546784637,0.093111349297,0.094428666837,0.0947841334748,0.095745984377,0.0958505333881,0.095557796157,0.0957250745748,0.0966451058726,0.0966660156748,0.0970214823126,0.0979415136104,0.0980251528193,0.097899694006,0.098840635106,0.0997397566015,0.100157952646,0.100722517306,0.10151708979,0.102416211286,0.104507191508,0.104737199333,0.105489952213,0.105887238455,0.106535442324,0.107330014808,0.107873669666,0.108333685315,0.107350924611,0.107392744215,0.106786359951,0.108270955908,0.109107347997,0.110591943955,0.110257387119,0.110215567515,0.110821951779,0.11176289288,0.113205669233,0.114983002422,0.115401198466,0.114878453411,0.114648445586,0.114815724004,0.115484837675,0.115505747477,0.116237590555,0.116864884622,0.116007582731,0.116342139566,0.117094892446,0.118893135437,0.119185872669,0.120628649022,0.122259613595,0.123660570344,0.124517872235,0.125542452544,0.127926169998,0.127737981778,0.128344366042,0.12851164446,0.129118028724,0.128553464064,0.128428005251,0.1288880209,0.129933511011,0.130121699231,0.129285307142,0.129870781604,0.130790812902,0.1317108442,0.132986342135,0.133864553829,0.134700945918,0.135223690973,0.13603917326,0.136959204558,0.138778357351,0.139071094582,0.138841086758,0.138569259329,0.137398310404,0.137481949613,0.138903816164,0.139342922011,0.139949306275,0.141852098278,0.142479392344,0.144340364742,0.145992239118,0.148187768351,0.149944191738,0.15090604264,0.151512426905,0.152725195433,0.15278792484,0.152453368005,0.153561587522,0.154690716842,0.1552343717,0.154314340402,0.1571162539,0.157095344098,0.156300771614,0.156698057856,0.157743547967,0.157722638165,0.157618089154,0.157576269549,0.157659908758,0.159395422342,0.159290873331,0.161340033949,0.162615531885,0.163368284765,0.164811061118,0.167173868769,0.169996692069,0.171502197829,0.173007703589,0.175391421043,0.176520550363,0.177733318892,0.179029726629,0.180263404961,0.180347044169,0.180179765752,0.179907938323,0.180033397136,0.180786150016,0.178757899201,0.178987907025,0.179364283465,0.180932518632,0.182688942018,0.183148957667,0.18429899679,0.185658133934,0.186410886814,0.188397318025,0.190781035478,0.192140172623,0.194586619483,0.194398431263,0.194921176319,0.196447591881,0.196573050694,0.196614870299,0.197012156541,0.197367623179,0.198120376059,0.198371293685,0.19709579575,0.198580391708,0.198643121114,0.199186775972,0.200336815094,0.20142412481,0.204414226528,0.204978791188,0.206191559717,0.207906163499,0.209160751632,0.210436249568,0.212736327812,0.214806398232,0.215329143288,0.216040076563,0.215789158937,0.215287323683,0.216228264783,0.215851888343,0.217064656872,0.217378303906,0.216583731421,0.217294664697,0.220096578195,0.222543025055,0.223212138726,0.226034962026,0.225407667959,0.226223150246,0.226787714906,0.226787714906,0.228230491259,0.22946416959,0.22720591095,0.225386758157,0.226139511037,0.224634005277,0.225386758157,0.226369518861,0.228544138292,0.229192342161,0.230614208712,0.227895934424,0.229777816624,0.23134605179,0.23228699289,0.234691620146,0.23586256907,