# R script for Peak Model
#  -- generated by MACS
p <- c(0.0458246704323,0.0535753560408,0.0610995605764,0.0690515626942,0.0762234633385,0.07595923542,0.0754433618649,0.0748645769006,0.0747765009278,0.0746380958277,0.0750533111281,0.0752420453556,0.0752672099193,0.074839412337,0.0752797922011,0.0754307795831,0.0761731342112,0.0770790585031,0.0770161470939,0.0771168053486,0.0769658179666,0.0769658179666,0.0769406534029,0.0770790585031,0.0768651597119,0.0771797167577,0.0769658179666,0.0762234633385,0.0763618684387,0.07671417233,0.0761479696475,0.0761982987748,0.0760724759565,0.0762108810567,0.076563184948,0.0763744507205,0.07595923542,0.0763115393113,0.0764499444115,0.0764499444115,0.0772929572942,0.0768525774301,0.0767393368936,0.0772803750124,0.0770916407849,0.077984982795,0.0787902488322,0.0785134386319,0.078286957559,0.0783121221226,0.0785386031956,0.0787902488322,0.0793816160783,0.0787525019867,0.077984982795,0.0771922990396,0.0769658179666,0.0771671344759,0.0772426281669,0.0769280711211,0.0762863747477,0.0762360456203,0.0760473113929,0.0767645014573,0.0776704257492,0.0768525774301,0.0764625266933,0.0762108810567,0.0765757672298,0.0764499444115,0.0767770837391,0.0760850582383,0.0757453366289,0.0745751844185,0.0745877667003,0.0753175390466,0.0747010072368,0.0753049567648,0.0750029820008,0.0755188555559,0.0757201720652,0.0763996152842,0.0768651597119,0.0769280711211,0.0769658179666,0.0767645014573,0.0779346536677,0.0771671344759,0.0768399951483,0.0766009317935,0.0759214885745,0.0760095645474,0.0757579189107,0.0759718177019,0.0761228050838,0.0759843999837,0.0752923744829,0.0756698429379,0.0755188555559,0.0754433618649,0.0753804504558,0.0751413871009,0.0751413871009,0.0753049567648,0.0748897414643,0.0754056150194,0.0752294630738,0.0751036402555,0.0754181973013,0.0756824252197,0.0762989570295,0.0765506026661,0.0759466531382,0.0754307795831,0.0756950075016,0.0755314378377,0.0757579189107,0.0757453366289,0.0757453366289,0.0753930327376,0.0751665516646,0.0751413871009,0.0757201720652,0.0759214885745,0.0756195138106,0.0757201720652,0.0755314378377,0.0754559441467,0.0756824252197,0.0752797922011,0.0751917162283,0.0751036402555,0.0753427036103,0.0752294630738,0.0758334126017,0.076034729111,0.0764751089751,0.0770538939394,0.0771042230667,0.077456526958,0.0774691092399,0.0773181218579,0.0770538939394,0.0771042230667,0.0765506026661,0.0759466531382,0.0757956657562,0.0754433618649,0.0752797922011,0.0755062732741,0.0757956657562,0.076185716493,0.0761228050838,0.0764625266933,0.0768903242756,0.0769154888393,0.0771545521941,0.0770916407849,0.0769029065574,0.0771797167577,0.0768022483028,0.0764499444115,0.0768651597119,0.0770916407849,0.0764373621296,0.0769532356848,0.0763618684387,0.0762486279022,0.0759969822655,0.0751665516646,0.0751791339464,0.0751413871009,0.0749778174371,0.0749652351553,0.0755188555559,0.0755691846832,0.0757830834744,0.0763618684387,0.0770538939394,0.0773558687034,0.0784001980954,0.0789915653416,0.0789160716506,0.079104805878,0.0786140968866,0.0779346536677,0.0782617929953,0.0783247044045,0.0784379449409,0.0785511854774,0.0776955903129,0.0768777419938,0.0768777419938,0.0761353873657,0.0766638432026,0.0775571852127,0.0774691092399,0.0764625266933,0.076261210184,0.076261210184,0.0760850582383,0.076412197566,0.0766260963571,0.0770916407849,0.076412197566,0.0757830834744,0.0762360456203,0.0766764254845,0.0763492861568,0.0760724759565,0.0764247798478,0.0770790585031,0.0768022483028,0.076487691257,0.0766890077663,0.076487691257,0.0759969822655,0.0764247798478,0.0768903242756,0.0772929572942,0.0768525774301,0.0763996152842,0.0763492861568,0.076487691257,0.0768148305846,0.0771797167577,0.0771042230667,0.0772048813214,0.0771293876304,0.0773432864216,0.0778465776948,0.0775823497764,0.0776326789037,0.0774942738035,0.0775446029309,0.0774313623944,0.0769280711211,0.0760850582383,0.0759089062927,0.076034729111,0.0753930327376,0.0749778174371,0.0757705011925,0.0758711594472,0.0754056150194,0.0756824252197,0.0759340708564,0.07595923542,0.0761228050838,0.0759340708564,0.0760598936747,0.076110222802,0.0757075897834,0.0756320960924,0.0760850582383,0.0759214885745,0.0761479696475,0.076412197566,0.0763870330023,0.0761982987748,0.0767896660209,0.0769909825303,0.07671417233,0.0778088308493,0.0780227296405,0.0781737170225,0.0785260209138,0.0786140968866,0.0790167299052,0.0784631095046,0.0781988815861,0.0786266791684,0.0781611347406,0.0772677927306,0.0777207548765,0.0773307041397,0.077381033267,0.0772677927306,0.0768399951483,0.0772929572942,0.0771293876304,0.0773055395761,0.0781108056133,0.0780478942041,0.0769909825303,0.0768148305846,0.0770035648121,0.0774942738035,0.0775194383672,0.0777836662857,0.0778591599767,0.077984982795,0.0776704257492,0.078060476486,0.0784505272228,0.0787902488322,0.0783121221226,0.0785260209138,0.0787650842686,0.079331286951,0.0804133631886,0.0809544013073,0.0816967559354,0.0826655916365,0.0844522756567,0.085546934176,0.0870568079959,0.0884660235611,0.0897242517443,0.090491770936,0.0908063279818,0.0916115940191,0.0928572399205,0.092819493075,0.0920393916014,0.0921777967015,0.0924671891837,0.0924168600563,0.0922029612652,0.092517518311,0.0921526321379,0.0915864294554,0.0911208850276,0.0915738471736,0.092064556165,0.0924671891837,0.0918758219376,0.0915235180463,0.0914606066371,0.0911963787186,0.0920393916014,0.0926181765657,0.0922784549562,0.0920393916014,0.0913599483824,0.0912592901278,0.0914731889189,0.0915990117373,0.092064556165,0.0923539486472,0.0921023030105,0.0916745054282,0.09244202462,0.0932095438118,0.0935744299849,0.0933353666301,0.0930459741479,0.092291037238,0.0921274675742,0.0916367585828,0.0916241763009,0.092593012002,0.0919261510649,0.0915738471736,0.0919764801922,0.0922532903925,0.0932472906573,0.0937379996487,0.0935366831394,0.0933856957574,0.0931466324026,0.0925301005928,0.0924797714655,0.0921903789834,0.0919387333467,0.0916115940191,0.0916367585828,0.0916870877101,0.0920519738832,0.0925426828747,0.0931214678389,0.0928320753568,0.0933353666301,0.0936625059577,0.0937002528032,0.093939316158,0.0931843792481,0.0930585564298,0.0926936702566,0.0932850375027,0.0927817462295,0.0925552651565,0.092140049856,0.0911837964368,0.0910328090548,0.0910453913366,0.0917122522737,0.0917877459647,0.0921148852924,0.0910705559003,0.0905798469089,0.0904540240905,0.0910705559003,0.091322201537,0.0916996699919,0.0923162018017,0.092064556165,0.0918003282466,0.0917122522737,0.0922407081107,0.0928698222023,0.0929201513296,0.092894986766,0.0932095438118,0.0932221260936,0.0925804297202,0.092517518311,0.0933856957574,0.0934611894484,0.0928320753568,0.092517518311,0.0929327336115,0.0920897207287,0.0925301005928,0.0928572399205,0.0930585564298,0.0927565816658,0.091989062474,0.0921023030105,0.0921652144197,0.0934234426029,0.0934360248847,0.0937631642124,0.0937631642124,0.092894986766,0.0938009110579,0.0939267338762,0.0944426074313,0.0945935948133,0.0952101266231,0.094241290922,0.0950088101137,0.0953233671595,0.0947445821953,0.095285620314,0.0944174428676,0.093788328776,0.0935870122667,0.0930208095843,0.0931843792481,0.092668505693,0.0920897207287,0.092517518311,0.0931717969663,0.0937505819305,0.0939518984398,0.094467771995,0.0951597974957,0.0951346329321,0.0944426074313,0.0952982025959,0.0951975443412,0.0954743545415,0.0954491899779,0.095285620314,0.0947194176316,0.0945181011223,0.0941532149492,0.0944803542768,0.0947068353498,0.0941154681037,0.0941909617947,0.0935744299849,0.0929075690478,0.0924797714655,0.0934486071666,0.0945055188405,0.0944803542768,0.0944048605858,0.0944426074313,0.0946942530679,0.0953359494414,0.0947445821953,0.0948578227318,0.0948200758863,0.0941532149492,0.0934737717302,0.0934360248847,0.0941280503855,0.094392278304,0.0938512401852,0.0940273921308,0.0947823290408,0.0952604557504,0.0953233671595,0.0949458987046,0.0951094683684,0.0953107848777,0.0951220506502,0.0950843038047,0.0960657217876,0.0954114431324,0.0949584809864,0.0953485317232,0.0959021521238,0.0969716460795,0.0978398235259,0.0976636715803,0.0974875196347,0.0981669628536,