# R script for Peak Model
#  -- generated by MACS
p <- c(0.029216963092,0.0338301677907,0.0384971932109,0.0431334639332,0.0474929423735,0.0476005838164,0.047269970813,0.0471546406956,0.0472315274405,0.0471392633466,0.047223838766,0.0471469520211,0.0476544045379,0.0474621876755,0.0482464324743,0.0479773288668,0.0482003004273,0.0481080363333,0.0477928006789,0.0481618570548,0.0479158194708,0.0483233192192,0.0480234609138,0.0483386965682,0.0476620932124,0.0479773288668,0.0479311968198,0.0478773760984,0.0482464324743,0.0481387910313,0.0479004421218,0.0479388854943,0.0479542628433,0.0478389327259,0.0481080363333,0.0478235553769,0.0478619987494,0.0482233664508,0.0475775177929,0.047531385746,0.0476082724909,0.0476620932124,0.0479004421218,0.0479235081453,0.0483310078937,0.0486462435481,0.0485539794542,0.0482541211488,0.0488384604106,0.0489461018536,0.0489076584811,0.0485616681287,0.0484155833132,0.0484386493367,0.0484617153602,0.0482079891018,0.0484309606622,0.0485616681287,0.0483925172897,0.0482156777763,0.0487000642696,0.0488153943871,0.0486769982461,0.0487769510146,0.0484232719877,0.0487000642696,0.0486539322226,0.0486539322226,0.0487000642696,0.049322846904,0.0491306300415,0.049245960159,0.0492382714845,0.0493459129275,0.049215205461,0.0495150637664,0.0490383659475,0.0491921394375,0.0493920449744,0.0487461963166,0.0485539794542,0.0485462907797,0.0486539322226,0.0487461963166,0.04907680932,0.0488922811321,0.0492075167865,0.0489076584811,0.0488077057126,0.049092186669,0.0495381297899,0.0497072806289,0.0496227052094,0.0495611958134,0.0497149693034,0.0494151109979,0.049215205461,0.049138318716,0.049122941367,0.0492536488335,0.049061431971,0.049061431971,0.0490998753435,0.0492228941355,0.0487923283636,0.0488461490851,0.049261337508,0.0496227052094,0.0498149220718,0.0496995919544,0.0498302994208,0.0500840256793,0.0503223745887,0.0502762425417,0.0504607707296,0.0507221856626,0.0507298743371,0.0506914309646,0.0508913365015,0.050929779874,0.0506991196391,0.0503377519377,0.0502685538672,0.0504223273572,0.0506222328941,0.0507144969881,0.0507760063841,0.050929779874,0.0504146386827,0.0505837895216,0.0509220911995,0.0506760536156,0.050929779874,0.050883647827,0.051037421317,0.050852893129,0.0506452989176,0.0506529875921,0.051037421317,0.0509528458975,0.0510604873405,0.051083553364,0.051114308062,0.0514449210654,0.0516678926258,0.0517140246728,0.0521061470722,0.0515910058808,0.0517370906963,0.0518831755118,0.0516832699748,0.0523521846561,0.0523906280286,0.0522368545387,0.0520523263507,0.0521907224917,0.0522291658642,0.0530057219884,0.0531825615019,0.052875014522,0.0529288352435,0.0529442125925,0.0530364766864,0.0531825615019,0.0531210521059,0.0534362877603,0.0534362877603,0.0532056275254,0.0529134578945,0.0533209576429,0.0536438819718,0.0533594010154,0.0533363349919,0.0535362405288,0.0532671369214,0.0530749200589,0.0529288352435,0.0533440236664,0.0536515706463,0.0540513817202,0.0539744949752,0.0544588814685,0.0545050135155,0.0543127966531,0.0548740698914,0.0551431734989,0.0552815696398,0.0548663812169,0.0551893055458,0.0550355320559,0.0551739281969,0.0551508621734,0.0553507677103,0.0551893055458,0.0556967580627,0.0556890693882,0.0561657672071,0.0562349652776,0.0558889749252,0.0559120409487,0.0558274655292,0.0559581729956,0.0559966163681,0.0563272293715,0.0560658144386,0.0562810973245,0.0558505315527,0.0566193990025,0.0569730780294,0.0569730780294,0.0570884081468,0.0575035965697,0.0576419927107,0.0577265681302,0.0580187377611,0.0582263319725,0.0590797748418,0.0589567560498,0.0590182654458,0.0595103406137,0.0601254345735,0.060086991201,0.060056236503,0.0601254345735,0.0599716610835,0.0600331704795,0.0599562837345,0.0600946798755,0.0604176042044,0.0605867550434,0.0601100572245,0.060056236503,0.059963972409,0.0605329343219,0.0608174152783,0.0605867550434,0.0609788774428,0.0608558586508,0.0606943964863,0.0608404813018,0.0615555280301,0.061893829708,0.0624243482484,0.0618553863355,0.0622244427114,0.0625166123423,0.0624858576443,0.0624012822249,0.0628318479968,0.0626396311343,0.0624474142719,0.0626319424598,0.0625934990873,0.0633393005136,0.0632547250941,0.0633854325606,0.0633546778626,0.0636776021915,0.0635007626781,0.063808309658,0.0640159038694,0.063792932309,0.0642465641044,0.0644618469903,0.0648078373427,0.0651461390206,0.0652845351616,0.0656382141885,0.0659995818899,0.0665608551282,0.0668837794571,0.0675834488364,0.0676987789539,0.0680524579808,0.0680447693063,0.0682600521923,0.0688290141051,0.0696670796254,0.0697670323938,0.0698823625113,0.0702821735852,0.0708203808001,0.0709357109175,0.07097415429,0.0711509938035,0.0713432106659,0.0713739653639,0.0712970786189,0.0720428800452,0.0720813234177,0.0720890120922,0.0719583046257,0.072934766287,0.0732730679649,0.0734575961528,0.0744878785356,0.0749953310524,0.0751798592404,0.0755258495928,0.0763100943916,0.0770943391903,0.0776402350797,0.0778939613381,0.0785628760194,0.0793548094927,0.0795700923787,0.080115988268,0.0813538648622,0.0821304209865,0.0825917414563,0.0836450898625,0.0840910329834,0.0844908440573,0.0850828719936,0.0859055601649,0.0859593808864,0.0866359842422,0.0867205596617,0.0864745220778,0.0868589558027,0.0866052295442,0.0873817856685,0.0878046627659,0.0877047099974,0.0880122569773,0.0888503224976,0.0889810299641,0.0899344256018,0.0905341422126,0.0913183870114,0.0919949903672,0.0921487638572,0.092702348421,0.0934404611728,0.0939171589917,0.0944630548811,0.0951934789584,0.0953011204013,0.0961776292941,0.0962083839921,0.096669704462,0.0973386191433,0.0977538075662,0.0981920620125,0.0986303164589,0.0988532880194,0.0992146557208,0.0994991366772,0.0999450797981,0.100352579546,0.100537107734,0.101067626275,0.101098380973,0.101736540956,0.102174795402,0.102659181896,0.102966728876,0.103358851275,0.103758662349,0.104396822332,0.104919652198,0.104950406896,0.105911491208,0.106826443474,0.107226254548,0.107941301276,0.108279602954,0.108664036679,0.109186866545,0.109678941712,0.110862997585,0.112462241881,0.113046581142,0.113915401361,0.11461507074,0.115122523257,0.115768371915,0.117021625858,0.117959644147,0.118420964616,0.119082190623,0.118843841714,0.119105256647,0.118997615204,0.119658841211,0.120389265288,0.121542566463,0.121780915372,0.12280350908,0.123826102789,0.123864546161,0.124771809752,0.125771337436,0.126793931145,0.12748591185,0.128193269903,0.128654590373,0.129484967219,0.129907844316,0.12984633492,0.130961192723,0.131560909333,0.132521993646,0.133190908327,0.134151992639,0.134728643227,0.135120765626,0.135874255727,0.136220246079,0.138042461935,0.138642178546,0.139395668647,0.139980007909,0.140149158748,0.140156847422,0.140702743311,0.141056422338,0.141279393899,0.142332742305,0.142594157238,0.143601373597,0.144416373094,0.145569674269,0.146415428463,0.148245332994,0.149337124773,0.150674954135,0.152174245662,0.151974340125,0.153019999857,0.153296792139,0.15442702729,0.15451160271,0.155311224857,0.155957073515,0.156725940965,0.157410232995,0.158163723096,0.159501552459,0.160370372677,0.161408343734,0.162269475278,0.163245936939,0.16483749256,0.165667869406,0.166575132997,0.167474707913,0.168397348853,0.170058102544,0.17081928132,0.171495884675,0.172157110682,0.172533855733,0.173187393065,0.173364232578,0.174202298099,0.1745636658,0.175409419995,0.175517061438,0.17617059877,0.177308522596,0.177808286438,0.178669417982,0.178946210264,0.180022624694,0.180853001539,0.182513755231,0.182913566305,0.183767009174,0.184812668906,0.185312432748,0.186112054896,0.187565214376,0.188818468319,0.189917948772,0.191209646088,0.192778135686,0.194092899025,0.19516162478,0.196130397767,0.196814689797,0.198083321089,0.199244310938,0.200166951878,0.201097281492,0.201504781241,0.201689309429,0.202281337365,0.202727280486,0.203250110352,0.204095864546,0.204687892483,0.205556712701,0.206625438456,0.207048315554,0.207671098188,0.208847465386,0.209101191645,0.210446709682,0.211207888457,0.2124611424,0.213037792988,0.213030104313,0.213391472014,0.21415265079,0.214744678726,0.215021471008,0.215990243995,0.216520762535,