# R script for Peak Model
#  -- generated by MACS
p <- c(0.022184974072,0.0259153155245,0.0298849619003,0.0335308427916,0.0373221835382,0.0374394898732,0.037566180715,0.0376084109956,0.0376647180364,0.0377820243714,0.037777332118,0.0378148701452,0.0376506412762,0.0380541750685,0.0381480201365,0.0381714814035,0.0381339433763,0.0383075567521,0.0384717856211,0.0384670933677,0.0384530166075,0.0386641680104,0.0384999391415,0.0384483243541,0.0383169412589,0.0383779405531,0.0384436321007,0.0382747109783,0.0382606342181,0.0381198666161,0.0380917130957,0.0379321764802,0.0382324806977,0.0380588673219,0.0382184039375,0.0382371729511,0.0381339433763,0.0385234004085,0.0382747109783,0.0386266299833,0.0388143201192,0.038941010961,0.0388847039202,0.0388096278658,0.0386876292774,0.0383591715395,0.0385046313949,0.0380588673219,0.0382981722453,0.0382700187249,0.0383685560463,0.0382230961909,0.0381714814035,0.0384764778745,0.0384999391415,0.0388377813862,0.039011394762,0.0390770863096,0.0390770863096,0.0391427778572,0.0393680060203,0.0394290053145,0.0394290053145,0.039316391233,0.0391193165902,0.038964472228,0.0386923215308,0.0388659349066,0.0388096278658,0.03887062716,0.0386313222367,0.0386407067435,0.0387908588522,0.0388612426532,0.0392037771514,0.0392647764456,0.0393914672873,0.0396730024913,0.0397246172787,0.0397152327719,0.0396870792515,0.0396495412243,0.0396495412243,0.0395650806631,0.0394806201019,0.0394102363009,0.0392084694048,0.0391240088436,0.0392366229252,0.0390442405358,0.0395885419301,0.0398606926273,0.0398841538943,0.0402313806458,0.0403299179672,0.0406536834518,0.0409258341489,0.0408742193615,0.0408648348547,0.0411792158325,0.0410619094975,0.0407006059858,0.040691221479,0.0405879919042,0.0405129158498,0.0403111489536,0.040268918673,0.0401844581118,0.0405551461304,0.0406536834518,0.0407709897867,0.0413809827287,0.041573365118,0.0416719024394,0.041807977788,0.0419768989104,0.0419628221502,0.0421411277794,0.0418361313084,0.0416109031452,0.0415827496248,0.0416062108918,0.0415780573714,0.0415592883578,0.0417235172268,0.042136435526,0.0423194334085,0.0421974348201,0.0424132784765,0.0423851249561,0.0421927425667,0.042136435526,0.0420707439784,0.0422021270735,0.0422631263677,0.0418877460958,0.0421270510192,0.0421833580599,0.0422490496075,0.0426056608659,0.0427135826941,0.0426525833999,0.0432438073282,0.0432156538078,0.043417420704,0.0434549587312,0.0435065735186,0.0438209544963,0.0436285721069,0.0436426488671,0.0436285721069,0.0438678770303,0.043511265772,0.0435816495729,0.0434549587312,0.0437083404147,0.0433845749302,0.0436567256273,0.0439429530847,0.0441212587139,0.0442714108226,0.0444121784246,0.0447875586966,0.0449846333393,0.0452239382627,0.0451300931947,0.0456274720551,0.0456415488152,0.0459136995124,0.0459465452862,0.0461295431688,0.0461858502096,0.0463360023183,0.0463641558387,0.0465799994951,0.0470914551156,0.0470023023011,0.047049224835,0.047049224835,0.0468568424457,0.0471571466632,0.0469929177943,0.0469131494865,0.0471477621564,0.0471853001836,0.0471383776496,0.0473448367992,0.0473448367992,0.0473589135594,0.0478656769265,0.0481519043839,0.0482785952257,0.0484850543752,0.0483724402937,0.0483865170539,0.0486539754976,0.0489355107016,0.0492921219599,0.0496205796979,0.0495548881503,0.0494751198425,0.0499068071552,0.0503197254544,0.0509015648759,0.0512863296546,0.0514364817634,0.0514880965508,0.0515631726052,0.0512300226138,0.05143178951,0.0517086324606,0.0521497042801,0.0519526296373,0.0518400155558,0.0517696317548,0.0519057071033,0.0521825500539,0.0522153958277,0.0528394655298,0.0534494584717,0.0536183795941,0.0535855338203,0.0538154542369,0.0539656063457,0.0543409866176,0.054181450002,0.0545943683012,0.0551762077227,0.0553779746189,0.0552700527907,0.0555281267276,0.0556548175694,0.0560348900948,0.0561381196695,0.0564337316337,0.0568513421862,0.0573581055534,0.0571234928834,0.0574144125942,0.0576161794903,0.0577991773729,0.0580713280701,0.0583575555274,0.0587470125596,0.0590379322703,0.0594508505695,0.059657309719,0.0602250723804,0.0603283019551,0.0608913723631,0.0610649857388,0.0611166005262,0.0611588308068,0.0614732117846,0.061548287839,0.0617594392419,0.0617312857215,0.0616280561468,0.0621207427537,0.0621770497945,0.0624585849984,0.0628198885102,0.0635612645473,0.0637442624298,0.0640304898872,0.0643871011456,0.0645137919873,0.06518009197,0.0654757039342,0.0659777750479,0.0661983109577,0.0664000778539,0.0663672320801,0.0669021489676,0.0673197595201,0.0674839883891,0.0676622940183,0.0678546764077,0.068164365132,0.0684412080826,0.0689573559565,0.0695955024188,0.0698958066364,0.0703415707093,0.0707920270356,0.0714114044843,0.0721011657341,0.0728284650109,0.0732179220431,0.0733774586587,0.0737528389306,0.0744144466599,0.0750056705882,0.075179283964,0.0757564311321,0.0759581980283,0.0761599649245,0.076647959278,0.0772814134869,0.0780040205104,0.0786046289455,0.079186468367,0.079655693707,0.0804862225586,0.0809929859258,0.0823021246242,0.0835878020556,0.0841790259839,0.085248859759,0.0862999245204,0.0871726836527,0.0882612864413,0.0889698167046,0.0899129596379,0.0905088758196,0.0912408673499,0.0912971743907,0.091700708183,0.0916913236762,0.0918133222646,0.0923107011249,0.0920948574686,0.0930380004018,0.0932303827912,0.0938356834797,0.0936198398234,0.0943987538876,0.0947459806392,0.0957970454006,0.0965478059445,0.0973971038098,0.0982651706887,0.0983871692771,0.0990581615132,0.0996212319211,0.100742680484,0.101502825534,0.102816656486,0.103403188161,0.103956874062,0.104487098696,0.10497509305,0.105538163458,0.106326462029,0.106734688074,0.106565766952,0.107095991586,0.107537063406,0.107410372564,0.107691907768,0.108128287334,0.108733588023,0.109554732367,0.109948881653,0.110971792894,0.112515544262,0.113144306218,0.113322611847,0.114711518853,0.115978427271,0.116640035,0.117742714549,0.118901701139,0.119811998298,0.120647219403,0.12137451868,0.122106510211,0.123312419334,0.124006872837,0.12443856015,0.124978169291,0.125719545328,0.126033926306,0.126465613619,0.126901993185,0.127465063593,0.128159517096,0.129107352282,0.129665730437,0.13038833746,0.131556708557,0.132288700087,0.133471147944,0.135216666208,0.136497651386,0.136929338699,0.138027325995,0.138299476692,0.138778086538,0.140181070305,0.14098813789,0.141842128008,0.142564735032,0.143123113186,0.14412256316,0.145614699741,0.146656379996,0.148040594749,0.149936265122,0.150405490462,0.151433093956,0.152075932672,0.152573311532,0.153600915027,0.154553442467,0.155693660043,0.156481958614,0.157443870561,0.157725405765,0.158907853622,0.159550692337,0.161005290891,0.162624118314,0.163220034496,0.163966102786,0.165204857683,0.166227768925,0.16733983298,0.16829236042,0.169601499119,0.171553476533,0.172271391303,0.173313071558,0.174772362365,0.175968886982,0.17610496233,0.177568945391,0.178164861572,0.179957302371,0.180506296019,0.180891060797,0.182364428365,0.18342018538,0.184522864929,0.185930540948,0.187887210616,0.18887258383,0.190810484484,0.192039854874,0.193677451311,0.194981897756,0.196370804762,0.197557944872,0.198111630773,0.198782623009,0.199214310322,0.200209068042,0.20095044408,0.201630820822,0.203061958109,0.204577555957,0.204929474962,0.206018077751,0.208077976993,0.210067492434,0.211508014228,0.212493387442,0.213469376149,0.21452044091,0.215454199337,0.216744569022,0.218203859829,0.218931159106,0.219799225985,0.220343527379,0.222103122404,0.223717257573,0.225462775838,0.226706222988,0.228113899008,0.228855275045,0.229962646848,0.23133278484,0.232168005945,0.233176840426,0.234068368572,0.235058434039,0.235396276284,0.236747645263,0.237155871309,0.238052091708,0.239098464216,0.240262143059,0.241688588093,0.242861651442,0.243466952131,0.244640015481,0.246118075301,0.246690530216,0.247563289348,0.248858351287,0.249243116065,0.250510024483,0.251091863905,0.252152313173,0.252358772323,0.252358772323,0.253714833555,0.255117817321,0.256825797559,0.256619338409,0.257895631334,0.258041091189,0.258698006665,0.25855254681,0.259950838323,0.260851750975,0.260574908025,0.260518600984,0.260021222124,