# R script for Peak Model
#  -- generated by MACS
p <- c(0.0280757614908,0.032889344547,0.0374389793259,0.0417524498568,0.0465035188473,0.046427112767,0.0462117865409,0.0463159766503,0.0464340587743,0.0461562184825,0.0460798124022,0.0457255660301,0.0460867584095,0.0466424389932,0.0465313028765,0.0466771690297,0.04675357511,0.0466702230224,0.0464479507889,0.0470105773799,0.0468230351829,0.0469827933507,0.0467952511537,0.0464826808254,0.0461978945263,0.0463715447087,0.04623957057,0.0465313028765,0.0468091431683,0.0466007629494,0.0467466291027,0.0465243568692,0.0465799249276,0.0465868709348,0.0468508192121,0.0465035188473,0.0465243568692,0.0461631644898,0.0462187325482,0.0461978945263,0.0463507066868,0.0466771690297,0.0464340587743,0.0463923827306,0.0462812466138,0.0464618428035,0.0465382488838,0.0468230351829,0.0467883051464,0.0468647112267,0.0467605211173,0.0465313028765,0.0467188450735,0.0471425515185,0.0474064997958,0.0472328496134,0.0475245819198,0.0472259036061,0.0470383614091,0.0471842275623,0.0474690138615,0.0473439857301,0.0471703355477,0.0470730914456,0.046684115037,0.0469341712997,0.0468786032413,0.0469341712997,0.046989739358,0.0468299811902,0.0468230351829,0.0472397956207,0.0475315279271,0.0473300937155,0.0476148800147,0.0476009880001,0.0473509317374,0.0471356055112,0.047177281555,0.0473995537885,0.0473509317374,0.0474690138615,0.0471633895404,0.047621826022,0.047482905876,0.047364823752,0.0474690138615,0.0475454199417,0.047670448073,0.0475245819198,0.0475801499782,0.0472397956207,0.047246741628,0.0469966853653,0.0471842275623,0.0470244693945,0.0468369271975,0.0469619553288,0.0471564435331,0.0473787157666,0.0471981195769,0.0472397956207,0.0475732039709,0.0476009880001,0.0477538001606,0.0480385864597,0.0483442107808,0.048490076934,0.0484831309267,0.0483581027954,0.0484484008902,0.0487054031602,0.0485873210361,0.0485109149559,0.0486359430872,0.0485248069705,0.0486151050653,0.048983243452,0.0490596495323,0.0488026472623,0.0487679172258,0.048795701255,0.0488998913644,0.0488582153207,0.0487609712185,0.0488234852842,0.0488512693134,0.0483928328318,0.0482191826494,0.0484136708537,0.0486567811091,0.0487818092404,0.049052703525,0.0489693514374,0.0491985696782,0.049358327846,0.0494486259408,0.0495597620576,0.0495806000795,0.0499070624224,0.0500320905537,0.050108496634,0.0500251445464,0.050601663152,0.0504557969988,0.050532203079,0.0507405832979,0.0507405832979,0.0510600996335,0.0509489635168,0.0507822593417,0.0511781817576,0.0512476418305,0.0507753133344,0.0509906395606,0.0508100433709,0.0506641772177,0.050976747546,0.0511087216846,0.0512476418305,0.0511781817576,0.0504627430061,0.0503585528966,0.0507127992687,0.0507127992687,0.0509698015387,0.0510045315752,0.0510600996335,0.0511365057138,0.051164289743,0.0515463201443,0.0521575687863,0.0521575687863,0.052268704903,0.0524006790417,0.0528174394794,0.0529980356691,0.0527479794065,0.0528452235086,0.0532272539099,0.053275875961,0.053206415888,0.0535259322236,0.0539774226979,0.0539357466541,0.0538593405739,0.0539843687052,0.0544358591794,0.0539982607198,0.0540677207927,0.0543663991065,0.054755375515,0.0545331032816,0.0541649648949,0.0543386150773,0.0540399367635,0.0542205329532,0.0544636432086,0.0547345374932,0.0546720234275,0.0544289131721,0.054144126873,0.0544219671648,0.0546095093618,0.0548804036464,0.0552971640841,0.055269380055,0.055318002106,0.056068170894,0.0557556005657,0.0559709267919,0.0562626590983,0.0566794195361,0.0568739077404,0.0565821754339,0.0565891214412,0.0571378560176,0.0572976141854,0.0565266073755,0.0568600157258,0.0571656400468,0.0571795320614,0.0571100719884,0.0573115062,0.0577491046597,0.0579713768931,0.0578532947691,0.0577282666378,0.0581102970391,0.0582144871485,0.0584298133747,0.0586937616519,0.0587493297103,0.0587910057541,0.0584714894185,0.0589507639219,0.0590966300751,0.059728716739,0.0599718269944,0.0602566132935,0.0600621250893,0.0600135030382,0.0600968551257,0.0604997235489,0.0610901341691,0.0611248642056,0.0616735987819,0.061347136439,0.0620834132124,0.0624584976064,0.0627016078618,0.0632920184819,0.0638685370875,0.0640282952553,0.0642366754742,0.0646881659484,0.0643825416274,0.0648757081454,0.0653897126854,0.0654661187656,0.0663343696776,0.0662649096047,0.0666816700424,0.067188728575,0.0678069232244,0.0676888411004,0.0680014114287,0.0684390098883,0.0681125475454,0.0685918220488,0.0685570920124,0.0692378007274,0.0688488243188,0.0690710965523,0.0691197186034,0.0694739649755,0.0698282113476,0.0698837794059,0.0701824577197,0.0700713216029,0.070238025778,0.0699810235081,0.0705644881209,0.0708978964712,0.0713910629892,0.0718981215218,0.0723357199814,0.0724607481128,0.0724121260617,0.073217862908,0.0734401351415,0.0738985716231,0.0744056301557,0.07434311609,0.074530658287,0.0746070643673,0.074787660557,0.0751974749874,0.0759059677316,0.0763435661913,0.0771006809866,0.0779758779059,0.0784690444239,0.0796081896204,0.0803166823646,0.0815600176706,0.0824629986191,0.0831437073342,0.0840953103337,0.0847690730414,0.0853525376543,0.0857484600702,0.0868320372084,0.0864986288582,0.0870126333981,0.0875544219672,0.0876725040912,0.0889227854045,0.0892978697985,0.0901591747032,0.0906453952139,0.0914997541113,0.0909788035641,0.0922499228993,0.0929375776216,0.0927430894173,0.0933057160083,0.0934029601105,0.0935627182783,0.0929792536654,0.0937572064826,0.0945212672851,0.0956743044963,0.0956465204671,0.0956187364379,0.0966745295469,0.0974872124006,0.0975011044152,0.0980151089551,0.0994390404508,0.0997793948083,0.10031423737,0.100744889822,0.101793736924,0.102467499632,0.102925936113,0.103210722413,0.104252623507,0.104801358083,0.104940278229,0.105294524601,0.105440390755,0.106433669798,0.106822646207,0.107413056827,0.107808979243,0.1081493336,0.108385497848,0.10951075103,0.110170621723,0.110837438424,0.110990250584,0.111434795051,0.111879339518,0.113053214751,0.113817275554,0.114352118115,0.115192584998,0.115262045071,0.115810779648,0.11590802375,0.116838788727,0.117491713413,0.11829745026,0.118290504252,0.118832292821,0.120006168054,0.120367360434,0.121193935302,0.122360864528,0.123722281958,0.1243335306,0.125215673527,0.12602835638,0.126743795132,0.12816078062,0.129244357758,0.130383502955,0.130862777458,0.131091995699,0.131876894523,0.132495089173,0.133036877742,0.133356394078,0.134162130924,0.133738424479,0.133912074661,0.134655297442,0.135704144544,0.136669639558,0.137315618236,0.138440871418,0.138656197644,0.140087075147,0.141198436315,0.142539015723,0.143657322898,0.144879820182,0.145650826992,0.146574645962,0.147123380538,0.147845765297,0.148957126465,0.1492766428,0.150276867851,0.150846440449,0.151839719492,0.152652402346,0.153381733112,0.153784601535,0.155097396914,0.155917025775,0.156243488118,0.157417363351,0.158230046205,0.159535895577,0.160077684146,0.16042498451,0.161057071174,0.162446272634,0.162960277173,0.163634039881,0.165210783537,0.166315198697,0.16692644734,0.167690508142,0.168148944624,0.168537921032,0.169739580294,0.170614777214,0.171837274498,0.173157015884,0.174164186942,0.175115789942,0.175984040854,0.176845345758,0.178088681064,0.180575351676,0.182193771376,0.183235672471,0.183819137084,0.184520683821,0.185493124842,0.185840425207,0.187278248717,0.188278473768,0.189820487387,0.189619053176,0.189848271417,0.190369221964,0.191487529139,0.193085110817,0.193911685685,0.194703530517,0.195634295494,0.196599790508,0.197940369917,0.199121191157,0.200746556864,0.2017328899,0.202483058688,0.2026844929,0.203816692089,0.205039189373,0.205101703439,0.206240848635,0.20607414446,0.206928503358,0.207560590022,0.208831709357,0.210047260634,0.210790483414,0.210818267444,0.21188100656,0.213346614099,0.214020376807,0.21486084369,0.21537484823,0.216513993426,0.217465596426,0.217847626827,0.21912569217,0.220848301979,0.22192493311,0.222487559701,0.223161322409,0.224286575591,0.225488234853,0.225536856904,0.225328476685,0.226412053823,0.227169168618,0.22744700891,0.227835985319,0.227849877334,0.227620659093,0.22796101345,0.228433341946,0.228127717625,0.228898724435,0.228690344216,