# R script for Peak Model
#  -- generated by MACS
p <- c(0.0201901868953,0.0234688244335,0.0270260813672,0.0305315021344,0.0340434024223,0.0340952385889,0.0340790397868,0.034354419422,0.0344289339115,0.0346719159425,0.0349148979735,0.0352129559315,0.0351028040774,0.0351999968898,0.0351352016816,0.0351578800045,0.0350574474316,0.0349375762964,0.0351902776086,0.0350801257545,0.0347334713903,0.0346783954633,0.0347399509112,0.0347367111507,0.0347496701924,0.0347205123487,0.0348792606089,0.0349213774943,0.0348468630048,0.0348663015673,0.0349310967755,0.0349570148588,0.0347982665986,0.0348695413277,0.0348922196506,0.0349375762964,0.0350606871921,0.0353036692231,0.0354429789208,0.0355239729312,0.0357701947226,0.0358868260974,0.0361978430971,0.0360552936389,0.0363047551907,0.0365768950655,0.0365866143467,0.0365120998572,0.0364213865656,0.0366611288362,0.036761561409,0.0368749530235,0.0368814325443,0.0370110229608,0.0369721458359,0.0370952567316,0.0371859700231,0.0372831628355,0.0373641568459,0.0371503326586,0.0373252797209,0.0372054085856,0.0371989290648,0.0373706363667,0.0375229051061,0.0371956893044,0.037302601398,0.0372669640335,0.0373673966063,0.0375034665436,0.0374095134917,0.0377302497726,0.0377399690538,0.0377561678559,0.0377756064184,0.0379408341994,0.0377658871371,0.0377820859392,0.0375812207936,0.0376622148039,0.0376881328872,0.0376038991165,0.037827442585,0.037733489533,0.0377626473767,0.0377982847412,0.0381157812617,0.0381125415013,0.0383425644907,0.038235652397,0.0382842488032,0.0383166464074,0.03818057647,0.0382583307199,0.038086623418,0.038274529522,0.038086623418,0.0382972078449,0.0383587632927,0.0387021778965,0.0386082248446,0.03857258748,0.0386794995736,0.0388609261568,0.0393566095,0.039599591531,0.039897649489,0.0399980820618,0.0401471110408,0.0400531579889,0.0401924676866,0.0402540231345,0.0402119062491,0.0400985146346,0.0401373917596,0.0401697893637,0.0401049941555,0.0399592049369,0.0399721639785,0.0403058593011,0.0404192509156,0.0407464667173,0.0409278933004,0.0411255186856,0.0409116944984,0.0410056475504,0.0413328633521,0.0416438803518,0.0417119153204,0.0416471201122,0.0418609442994,0.0418123478932,0.0421687215387,0.042476498778,0.0428101941005,0.0426546856007,0.042531574705,0.0425931301528,0.0428911881109,0.0429883809233,0.043111491819,0.0429916206837,0.0427130012881,0.0426222879966,0.0426482060799,0.0425963699133,0.0427259603298,0.0428199133818,0.0428328724234,0.0431309303814,0.0431244508606,0.0434030702561,0.0436849294121,0.043801560787,0.0438631162348,0.0442130103595,0.0444754309529,0.0445434659216,0.0446568575361,0.0445693840049,0.0449289974108,0.0451395818376,0.0454927157227,0.0454732771602,0.0457810543995,0.0461115099616,0.0461860244511,0.0462605389406,0.0465359185757,0.0468080584505,0.0467562222838,0.0468760934191,0.0467238246797,0.0469732862315,0.0470413212002,0.0472130285021,0.0474462912519,0.0477670275328,0.0477313901682,0.047815623939,0.0481072023762,0.0483890615321,0.0487940315838,0.0489333412815,0.0492152004375,0.0493674691769,0.0493771884582,0.0494257848644,0.0498566729993,0.05001866102,0.050128812874,0.0499603453325,0.0500866959887,0.0505013853216,0.050426870832,0.0505920986131,0.0507994432796,0.0511849747687,0.0512530097374,0.0515640267371,0.051774611164,0.0521698619344,0.0525262355798,0.0525715922256,0.052668785038,0.0528696501836,0.0529409249127,0.0529927610793,0.0531871467041,0.0533620937664,0.053507882985,0.0537022686098,0.0540132856095,0.0544409339841,0.0547843485879,0.0550435294209,0.0552314355249,0.0556072477328,0.0556331658161,0.0559603816179,0.0562098431697,0.0564495854403,0.0566569301067,0.0568221578878,0.0572465665019,0.0574960280537,0.0580629861261,0.0583480850424,0.0586785406046,0.0585813477922,0.0586558622817,0.0590997094583,0.0592811360414,0.0594431240621,0.0595694747182,0.0595176385516,0.0597152639368,0.0599258483637,0.0605381630818,0.0610370861854,0.0615489683307,0.061817868445,0.0619409793407,0.0623394698715,0.0626278085483,0.0631623690165,0.0633113979955,0.0634895848182,0.0636774909222,0.0640662621718,0.0644971503067,0.0647012552128,0.0652098975977,0.0655533122015,0.066074913628,0.0666256728982,0.0671602333664,0.0673287009079,0.067549004616,0.067847062574,0.0680155301155,0.0683783832818,0.0686343243544,0.0690749317706,0.0695382175097,0.0694961006244,0.0699043104364,0.0706429758107,0.0710997820289,0.0716149039346,0.0720393125488,0.0728362936104,0.0732509829433,0.0735360818597,0.0738956952655,0.0741807941819,0.0744043376504,0.0748287462646,0.075130043983,0.0755382537951,0.0761635275548,0.0759821009717,0.0764777843149,0.0767758422729,0.0769119122103,0.0776440980637,0.0777574896781,0.0782175356568,0.0787780142083,0.0791797444995,0.0791149492913,0.0800058834049,0.0803428184879,0.0812045947578,0.0820534119861,0.0826495279021,0.0833525559118,0.0838190814113,0.0845869046292,0.0850890674933,0.085957323284,0.0864756849501,0.0872435081681,0.0875124082824,0.0881150037192,0.0886625232291,0.0899487081131,0.0907651277373,0.0914616762261,0.0922197801628,0.0930880359536,0.0936485145051,0.0943547822751,0.0953623477637,0.0963472349293,0.0972446485637,0.097795407834,0.0983980032709,0.0985988684165,0.0994055687594,0.0997133459986,0.10043257281,0.100915297112,0.101365623809,0.101660442007,0.102101049423,0.102609691808,0.102787878631,0.103853759807,0.104239291296,0.10536996768,0.106128071617,0.10686025747,0.107527648115,0.107932618167,0.108677763062,0.10936459227,0.110398075841,0.111036308643,0.11163890408,0.111836529465,0.11265618885,0.11336245662,0.114117320796,0.115024453712,0.115853832377,0.116051457763,0.116793362897,0.117376519772,0.117904600719,0.118879768603,0.119446726676,0.120020164269,0.120671356112,0.121491015496,0.122151926621,0.123726450182,0.124267490171,0.124539630045,0.125657347388,0.12646080797,0.126985649157,0.128048290573,0.129104452468,0.129677890061,0.13021893005,0.130863642372,0.1318679681,0.13327726388,0.133847461713,0.134774033191,0.135723282992,0.136332357949,0.137158496855,0.138661745687,0.140006246258,0.140599122414,0.141302150423,0.142144488131,0.143200650026,0.143414474213,0.144441478264,0.1456661077,0.146492246605,0.146861579292,0.147253590302,0.148335670281,0.149168288707,0.149893995039,0.150859443642,0.152145628526,0.153010644557,0.15374283041,0.154238513753,0.155275237086,0.156389714668,0.156827082324,0.158265535947,0.15923098455,0.160296865726,0.161553892767,0.163015024713,0.163967514274,0.165062553294,0.165723464418,0.16652044548,0.167667320666,0.168360629395,0.169193247821,0.169834720383,0.170777490663,0.171477278912,0.172458926317,0.173466491806,0.174707320044,0.176155492949,0.177386601906,0.178296974582,0.179699790841,0.181193320392,0.182447107671,0.183493550285,0.184222496378,0.185531359585,0.186538925073,0.187572408645,0.188541097009,0.189561621539,0.190731175048,0.191722541735,0.192253862442,0.193024925421,0.194476338086,0.195195564898,0.196339200323,0.197233374198,0.198406167467,0.199792784924,0.200340304434,0.201360828964,0.20282196091,0.20399151442,0.205164307689,0.206314422636,0.207373824291,0.208280957207,0.209437551674,0.210707537756,0.211883570786,0.213172995431,0.214462420075,0.215670850709,0.216714053562,0.217935443238,0.218806938789,0.220387941871,0.221181683172,0.221965705192,0.223462474503,0.224019713294,0.224816694356,0.225568318772,0.226475451687,0.227855589623,0.22908345882,0.230126661673,0.231422565838,0.232780025452,0.23362884268,0.234558653918,0.235608336292,0.236761690999,0.237902086665,0.238864295508,0.240121322548,0.2402152756,0.241264957974,0.242129974004,0.243461515534,0.24491616796,0.245845979198,0.24664296026,0.247420502759,0.247851390894,0.248314676633,0.249714253132,0.250517713714,0.251006917536,0.251408647828,0.251875173327,0.252221827691,0.25346265593,0.254298514116,0.255144091584,0.256025306417,0.256663539218,0.257327690103,0.258257501341,0.258542600258,0.259119277611,0.259938936996,0.260437860099,0.260735918057,0.261406548463,0.261636571452,0.262129015035,0.262112816233,0.2620091439,0.262261845212,0.26240439467,0.262083658389,0.2615426184,