# R script for Peak Model
#  -- generated by MACS
p <- c(0.0143152156466,0.0167461013224,0.0191769869982,0.021646458161,0.0239075676944,0.0239577288274,0.0239963143143,0.0239345775352,0.0238381138179,0.0236027423477,0.0235911667017,0.0235255713739,0.023386663621,0.0232207460272,0.0231821605403,0.0232400387707,0.0230393942387,0.0230278185926,0.022985374557,0.0229622232649,0.0229545061675,0.02303553569,0.0229815160083,0.0229159206806,0.0230008087518,0.0228850522911,0.022935213424,0.0230548284335,0.0232168874785,0.0232901999037,0.0232516144168,0.0230741211769,0.0231127066639,0.0230008087518,0.0229390719727,0.0229043450345,0.0230818382743,0.0228387497068,0.0228310326094,0.0227075590512,0.0225647927496,0.0225995196879,0.0226535393695,0.0227770129277,0.0228811937424,0.0230046673005,0.0228619009989,0.022873476645,0.0227307103434,0.0227461445381,0.0229274963267,0.0228927693884,0.0226998419538,0.0226651150156,0.022773154379,0.022672832113,0.0224991974219,0.0225146316166,0.0224953388732,0.0224837632271,0.0223757238637,0.0222792601464,0.0222831186951,0.022310128536,0.0220207373841,0.0221905135265,0.0224027337046,0.0224683290323,0.0223062699873,0.0222522503056,0.02220980627,0.0222445332082,0.0222869772438,0.0222252404648,0.0222136648187,0.0221442109422,0.0220284544815,0.0219898689946,0.0221673622344,0.0222290990134,0.0221750793318,0.0223371383768,0.0223641482177,0.0225532171036,0.0225107730679,0.0225146316166,0.0225570756522,0.0227963056711,0.022823315512,0.0227307103434,0.0226381051748,0.0225686512983,0.0225802269444,0.0224567533863,0.0226844077591,0.0223950166072,0.0225493585549,0.02220980627,0.0220708985171,0.0221210596501,0.0222638259517,0.0221519280396,0.0221673622344,0.0221557865883,0.0219319907642,0.0221905135265,0.0223448554742,0.0226419637235,0.0227692958303,0.0229159206806,0.0229622232649,0.0230548284335,0.0231242823099,0.0232554729655,0.0233828050723,0.0234445418514,0.023186019089,0.0229776574597,0.022935213424,0.0226844077591,0.0229120621319,0.0230702626283,0.0231783019916,0.0231705848942,0.0233828050723,0.0232284631246,0.0232631900628,0.023436824754,0.0236027423477,0.0236721962242,0.0234136734618,0.0232207460272,0.0232053118325,0.0233056340985,0.0232438973194,0.0234676931435,0.0235641568608,0.0234522589487,0.0234831273383,0.0238651236588,0.0239654459248,0.0241699490054,0.0242201101384,0.0240271827038,0.0238689822075,0.0238535480127,0.0237879526849,0.0238844164022,0.0238188210745,0.0237146402598,0.0237725184902,0.0237609428441,0.0238535480127,0.0240734852881,0.0241467977133,0.0241313635185,0.0241815246515,0.0243821691835,0.0245326525824,0.0246985701762,0.0248297608317,0.0247950338935,0.0246831359814,0.0245943893615,0.0248297608317,0.0250033955228,0.0250882835941,0.0250149711689,0.0250188297176,0.0249107903542,0.0249146489029,0.0250419810098,0.0251307276297,0.0253120794182,0.025439411525,0.0254432700737,0.025640056057,0.0255088654015,0.0255011483041,0.0255976120214,0.0257442368717,0.0258059736507,0.0260297694749,0.0261146575461,0.0259757497932,0.0260259109262,0.0259255886602,0.0260606378644,0.0261841114225,0.0261571015817,0.0260953648026,0.0262342725555,0.0261262331922,0.0260606378644,0.0262882922372,0.0263616046624,0.0266548543629,0.0266702885577,0.0266317030708,0.0266355616195,0.0267436009828,0.0265892590352,0.0266432787169,0.0266818642038,0.0266239859734,0.0266818642038,0.0265390979022,0.0265776833891,0.0265969761326,0.0267976206645,0.0269712553557,0.0270136993913,0.0269635382583,0.0270136993913,0.0271989097285,0.0273223832866,0.0274690081369,0.0276580770228,0.0276657941202,0.0276889454123,0.027642642828,0.0276889454123,0.0277468236427,0.0279474681747,0.0282677277161,0.028244576424,0.0283757670795,0.0283101717517,0.0283873427256,0.0282522935213,0.0284953820889,0.0285764116115,0.0287886317895,0.028869661312,0.0285918458062,0.0285648359654,0.0283217473978,0.0285378261245,0.0288349343738,0.0289545493832,0.0287770561434,0.0289506908346,0.0290394374545,0.029070305844,0.0291667695613,0.029270950376,0.0296143612095,0.0295256145896,0.0296027855635,0.0298458741311,0.0299886404327,0.0299616305918,0.0301275481856,0.0301314067342,0.0300310844683,0.0301043968934,0.0302433046463,0.0305519885417,0.0306870377459,0.0307564916223,0.0306986133919,0.0309378434108,0.030960994703,0.0310883268098,0.0312851127931,0.0312812542444,0.0310381656768,0.0309687118004,0.0308722480831,0.0309301263134,0.0312156589166,0.0313970107052,0.0314124448999,0.0314471718382,0.031574503945,0.0320105199472,0.0322304572226,0.0324851214362,0.032600877897,0.0325584338614,0.0327397856499,0.0326587561274,0.0328323908185,0.0331796602008,0.0332568311746,0.0330716208374,0.0331565089086,0.0333185679537,0.0336311103977,0.033827896381,0.0337121399202,0.0339320771957,0.034040116559,0.0339822383287,0.0342291854449,0.0343372248083,0.0346111817654,0.0346188988628,0.0348002506513,0.0351938226179,0.0354099013446,0.0356375557174,0.0359578152589,0.0363745385176,0.0367796861302,0.0375668300633,0.0378755139587,0.0385198915902,0.0388864537159,0.0393571966563,0.0401559162355,0.040487751423,0.040889040487,0.0410125140451,0.0411128363111,0.0409199088765,0.0413906518169,0.0415449937646,0.0417109113583,0.041915414439,0.0418459605625,0.0421585030066,0.0423128449543,0.0426253873983,0.0428491832224,0.0432697650298,0.0435823074739,0.0436517613503,0.0441147871933,0.0444427638321,0.0447977503118,0.0450639901715,0.0457392361926,0.0460865055748,0.0465919754535,0.0469971230661,0.0472286359876,0.0475296027856,0.0474948758473,0.0476260665029,0.0478421452296,0.0481045265406,0.048112243638,0.0486717331983,0.0489071046685,0.049238939856,0.0494048574498,0.0498640247441,0.05046595834,0.0507823593327,0.0510871846794,0.051581078912,0.0518820457099,0.0519090555508,0.0521675783131,0.0524608280137,0.0531630838756,0.0535952413291,0.0539810961982,0.0544711318821,0.0548839965921,0.0551888219388,0.0559258047389,0.0568904419119,0.0577238884293,0.0584492955834,0.0588814530368,0.0597148995543,0.060343842991,0.0610190890121,0.0614743977577,0.0622268147526,0.0626319623653,0.06306026127,0.0633149254837,0.0640364740891,0.0647811739866,0.0651824630505,0.0659927582758,0.0666101260665,0.0677406808332,0.0686165713862,0.0692339391769,0.0698821753571,0.0708468125301,0.0716416735606,0.0721008408549,0.0725715837953,0.0730114583462,0.0737754509872,0.0743928187779,0.0749716010816,0.0755773932262,0.0764725765227,0.0772404277124,0.0778385027596,0.0783979923199,0.079374205139,0.0801960760103,0.0808906147748,0.0818591104965,0.0829279284841,0.0838964242058,0.0847530220153,0.0856482053118,0.0863427440764,0.0879826272704,0.0894604514193,0.0903131906802,0.0913472817296,0.0925935929571,0.0933845954389,0.0946965019941,0.0957730370791,0.0966103421452,0.0980457222586,0.0989717739446,0.0996740298065,0.101360215585,0.102594951166,0.103509427206,0.104732587141,0.105816839324,0.106731315364,0.108074090309,0.10930882589,0.110883113756,0.112476694366,0.113858054798,0.11544391831,0.116906308264,0.118252941758,0.119734624455,0.121590586376,0.12364333428,0.125576467175,0.127050432775,0.128667164677,0.130237593994,0.132159151243,0.134397109484,0.136500018521,0.13833282915,0.140412586895,0.141967582017,0.143626757955,0.145559890849,0.147589487461,0.149530337453,0.151444177604,0.153331007915,0.1551445258,0.157637148255,0.15953941276,0.161881551816,0.164273852005,0.166724030424,0.169293823853,0.171890627122,0.174097716974,0.17673310573,0.179916408401,0.182420606502,0.185106156392,0.187452153996,0.190295904382,0.193101069281,0.195886941436,0.1986496623,0.202076053538,0.204043913371,0.206602131154,0.209283822494,0.212312783217,0.215746891553,0.218417007248,0.221210596501,0.224146952055,0.227337971823,0.230312912865,0.233473064243,0.237505247626,0.241637753275,0.24486735853,0.248235871538,0.251438466952,0.255393479361,0.258715689785,0.262458482016,0.266212849893,0.271252114485,0.274119016163,0.27742965094,0.28209077776,0.286149970984,0.291277982195,0.295063218462,0.298829161985,0.302950091988,0.307410574276,0.310794521478,0.315069793429,0.31946082184,0.322578529183,0.32680364,