# R script for Peak Model
#  -- generated by MACS
p <- c(0.0131496468301,0.0152941674595,0.0175790015518,0.0197538602272,0.0218718350663,0.0217504828821,0.0217030796852,0.0216405074653,0.0217410022428,0.0218377047645,0.0219192382632,0.0219590569487,0.0218509776597,0.0217827170561,0.021907861496,0.0219628492044,0.0219344072863,0.021953368565,0.0218339125088,0.0217978860791,0.021737209987,0.0216158578028,0.0216177539307,0.0217504828821,0.0216215461865,0.021629130698,0.0216386113374,0.0217637557773,0.0218566660433,0.0219400956699,0.0219647453323,0.0221126433067,0.02215435812,0.022093682028,0.022139189097,0.0222302032351,0.0222700219206,0.022201761317,0.022124020074,0.02215435812,0.0223117367339,0.0223022560945,0.0223610360587,0.0224084392556,0.0224596347083,0.0224103353835,0.0224217121508,0.0224596347083,0.0224349850459,0.0224539463247,0.0222984638387,0.022340178652,0.0222908793272,0.0223648283144,0.0224501540689,0.0224937650101,0.0225923636597,0.0226378707288,0.0226909623094,0.0228085222378,0.0229090170153,0.0229867582582,0.0229090170153,0.0228293796444,0.0228710944577,0.0228995363759,0.0229412511892,0.0229677969795,0.0229810698746,0.0228483409232,0.0228388602838,0.0227819764475,0.0228729905856,0.0230360575831,0.0231043181866,0.0231725787902,0.023161202023,0.0231536175115,0.0233166845089,0.0234266599258,0.0235062972967,0.0236655720384,0.0237395210256,0.0236011036905,0.0234323483094,0.0233754644731,0.0234399328209,0.0235328430869,0.0235290508312,0.0236048959463,0.0235404275985,0.023407698647,0.0235518043657,0.0237072868517,0.0239689524988,0.0240220440793,0.0240353169745,0.0240334208466,0.0240599666369,0.0239860176497,0.0239613679872,0.0240087711842,0.0239443028363,0.0239518873479,0.0238172622686,0.0239044841509,0.024073239532,0.0241452923914,0.0241889033325,0.0243349051791,0.0245207257111,0.0246591430461,0.0247748068467,0.0247463649285,0.0248980551587,0.0248354829387,0.0247008578594,0.0247198191382,0.0248184177878,0.0248070410206,0.0249113280538,0.0250592260283,0.0250838756907,0.0252526310718,0.0251805782124,0.0252583194554,0.0252507349439,0.0254612051383,0.0254062174299,0.0254915431843,0.0256147914964,0.0255086083352,0.0256584024376,0.0257494165757,0.0259959131997,0.0261589801972,0.0263751387752,0.0263144626832,0.026378931031,0.0264225419722,0.0264642567855,0.0265666476909,0.0265457902842,0.0266121547599,0.0266045702484,0.0266747269799,0.0267316108162,0.0269136390924,0.0271032518802,0.0272644227497,0.0272720072613,0.0275981412562,0.0276986360337,0.0276114141513,0.0277877540439,0.0277327663355,0.0278218843457,0.0278882488214,0.0279887435989,0.0280247700286,0.0280854461207,0.0281063035273,0.0283091892102,0.0285462051949,0.0285120748931,0.0287756366681,0.0288420011438,0.02902402942,0.029209849952,0.0293918782282,0.0294961652615,0.0294961652615,0.0295928677832,0.0298052341055,0.0301484332513,0.0302337590058,0.0304688788626,0.030448021456,0.0305276588268,0.0306243613486,0.0307362328933,0.0310528862489,0.0311552771543,0.0313316170469,0.0313069673845,0.0314150466735,0.0315989710776,0.0316425820188,0.0318378831901,0.0319042476659,0.0321052372209,0.0320028463155,0.0321659133129,0.032196251359,0.0323706951237,0.0325413466327,0.0325280737375,0.0327707781058,0.0329186760803,0.0331670688322,0.0334382151187,0.0335538789192,0.0336771272313,0.0337946871597,0.0340430799116,0.0340734179576,0.0342895765357,0.0344071364641,0.0345853724846,0.0347351665869,0.034763608505,0.0352319520908,0.035243328858,0.0355410209348,0.0355391248069,0.035785621431,0.0361022747865,0.0362880953185,0.0362293153543,0.0362350037379,0.0362729262955,0.0361212360653,0.0364473700602,0.0365876835231,0.03669765894,0.0367659195436,0.0367545427764,0.0370048316562,0.0372494321524,0.0374845520092,0.0376817493084,0.0378960117586,0.0379756491294,0.0378694659683,0.0381652619172,0.0384667462497,0.0384819152727,0.0383643553443,0.0385293184696,0.0387815034773,0.0388554524646,0.0389976620554,0.0391796903316,0.039374991503,0.0395172010938,0.0396878526028,0.0398831537741,0.040055701411,0.0401884303624,0.040194118746,0.0404804340555,0.0406340204136,0.0406871119942,0.0409867001988,0.0409317124904,0.0409279202346,0.0410625453139,0.0412294045671,0.041231300695,0.0413526528791,0.0414891740863,0.041587772736,0.0416389681886,0.0417735932679,0.0419651021836,0.0422267678307,0.0423329509918,0.0427330339739,0.043150182107,0.043351171662,0.043582499263,0.0437322933653,0.0439598287106,0.0439863745009,0.0441532337541,0.0442802743219,0.0447656830585,0.0448908274985,0.0449059965215,0.0451240512274,0.045252987923,0.0456909934627,0.0460664267825,0.0464551329973,0.0469367494782,0.0473045982864,0.0473994046803,0.0477255386752,0.0480801145883,0.0482697273761,0.0485844846037,0.0487892664145,0.0490717894682,0.0494832492176,0.0496709658775,0.049879539944,0.050359260297,0.0505488730847,0.0509186180208,0.0515519247319,0.0519937225274,0.0524848196476,0.0531162302308,0.0534613255045,0.0540661902974,0.054691912497,0.0549497858883,0.055433298497,0.0560248903948,0.0564458307836,0.0570677607274,0.0575019740113,0.0577446783796,0.0581675148963,0.0583950502416,0.0586396507378,0.0590378375921,0.0595934030601,0.0598380035563,0.0602437749221,0.0605907663237,0.0610268757355,0.0617018972599,0.0624091529582,0.062953341659,0.0636700779967,0.0642559815108,0.0647489747589,0.0653993466209,0.0659985230302,0.0662450196542,0.0667019864727,0.0672006681044,0.067502152437,0.068150628171,0.0687460123246,0.0694760215574,0.0702079269181,0.0707672846419,0.0712394204834,0.0721306005858,0.0726577241357,0.073349810811,0.0740855084274,0.0746391777677,0.0751681974455,0.0758394267141,0.0763456928574,0.0771306897986,0.0777165933127,0.0785395128116,0.0794401735533,0.0798535294306,0.0805152780599,0.0812149492466,0.0818368791904,0.082678759968,0.0834884065717,0.0841444668173,0.0850394391754,0.0854376260297,0.0861316088328,0.0870057237843,0.0878362277947,0.0887463691758,0.0897266672885,0.090337220465,0.0912947650431,0.0921119961583,0.0929500846801,0.0941370607314,0.0951969962149,0.0961128259797,0.0969073035603,0.0978231333252,0.0984393748853,0.0993191782205,0.0997552876323,0.100642675479,0.101266501551,0.10192825018,0.102387113126,0.103010939198,0.103612011735,0.104425450594,0.105576400216,0.106321578472,0.107550269336,0.108327681766,0.109461566237,0.110407734048,0.111352005731,0.112341784483,0.113598917265,0.114516643158,0.115362316191,0.116467758744,0.117396861404,0.118341133087,0.119414341466,0.120322586719,0.12145647119,0.122440561558,0.123487224146,0.124799344638,0.12565449831,0.126572224203,0.127383766934,0.128534716556,0.129880967349,0.131064151145,0.131959123503,0.133409661329,0.134505623242,0.135398699472,0.1368833676,0.138153773278,0.139490543432,0.140778014261,0.141644544701,0.142283539795,0.143936963305,0.144886923371,0.146379176011,0.147748180338,0.149067885341,0.150541176702,0.152224938257,0.15332090017,0.154890894053,0.156944400544,0.158504913787,0.160181090831,0.161697993133,0.163178869005,0.164540288821,0.16581827901,0.167228998151,0.169109957005,0.170558598704,0.172094462285,0.173537415599,0.175196527492,0.176590181482,0.178376333943,0.18004871873,0.181851936342,0.183567932071,0.185448890925,0.187593411555,0.189747412824,0.191632163934,0.193581383392,0.195701254359,0.197716838292,0.200198869684,0.202635394007,0.204772330124,0.206812563721,0.208879343107,0.210932849598,0.213155111471,0.215453218458,0.217794936387,0.219901534459,0.221854546172,0.22415265316,0.226750348352,0.228769724541,0.23135225071,0.233608642885,0.236189272926,0.238902631918,0.241528769029,0.244255400916,0.246765874226,0.249268763024,0.251705287347,0.255144863317,0.257482788989,0.260093757077,0.262564411701,0.264942156059,0.267653618924,0.270160299978,0.273072752398,0.275782319135,0.278617030311,0.281243167422,0.283958422542,0.287058591622,0.290128422655,0.293067420865,0.295803533393,0.29874442773,0.301916649669,0.304654658324,0.307500746269,0.310208416878,0.313441314909,0.316281714469,0.319230193318,0.321841161406,0.324799120894,0.328102175657,0.330737793407,0.333779182522,0.336993119274,