# R script for Peak Model
#  -- generated by MACS
p <- c(0.0143812751642,0.0167435226436,0.0191987289359,0.0215719127462,0.0240818006931,0.0240763325277,0.0239341602257,0.0237974560891,0.0239560328875,0.0240927370241,0.0240435235349,0.0239779055494,0.0237318381036,0.0237099654417,0.0234857706578,0.0235131114851,0.0237209017727,0.023666220118,0.0234474934996,0.0233381301903,0.0232178305502,0.0231303399028,0.0232998530321,0.0233381301903,0.0236388792907,0.0232779803703,0.0231303399028,0.023179553392,0.0232943848667,0.0233326620249,0.0234912388233,0.023534984147,0.0234092163414,0.0232670440393,0.0231522125647,0.0232342350466,0.023250639543,0.0233764073486,0.0233435983558,0.0232834485357,0.022955358608,0.022813186306,0.0228569316297,0.0229881676008,0.022813186306,0.0226546095076,0.0225944596876,0.0224905645438,0.0223210514145,0.0221406019542,0.022244497098,0.0224249465583,0.0225069690402,0.0224686918819,0.0225015008747,0.0227475683205,0.0228295908024,0.0227858454787,0.0231467443992,0.0231467443992,0.0234146845068,0.0235896658016,0.0234912388233,0.023452961665,0.0234092163414,0.0232725122048,0.0233271938594,0.0232342350466,0.0230483174209,0.0232779803703,0.0229936357663,0.0228022499751,0.022824122637,0.0226382050113,0.0225889915221,0.0226874185004,0.0225835233566,0.0228022499751,0.0225780551912,0.0223101150836,0.0225616506948,0.0225397780329,0.0224905645438,0.0227202274932,0.0228077181406,0.0225452461984,0.0225124372056,0.0222773060908,0.0226272686803,0.0226600776731,0.0224468192201,0.0224796282129,0.0224194783928,0.0223812012346,0.0222773060908,0.0225069690402,0.0224905645438,0.0224960327093,0.0223647967382,0.0224850963783,0.0225069690402,0.0225725870257,0.0226053960185,0.022599927853,0.022671014004,0.0227256956586,0.0226491413422,0.0227967818096,0.022742100155,0.0228350589679,0.0228897406225,0.022813186306,0.0228077181406,0.0227038229968,0.0227639728169,0.022813186306,0.022813186306,0.022884272457,0.0229006769534,0.0227803773133,0.0226764821695,0.0227913136442,0.0229006769534,0.022955358608,0.0227639728169,0.0225233735366,0.022955358608,0.0228459952988,0.022884272457,0.0232451713775,0.0232943848667,0.0229389541116,0.0229826994353,0.023026444759,0.0232232987157,0.0234146845068,0.023168617061,0.0231194035719,0.023168617061,0.0227366319896,0.0227038229968,0.0228733361261,0.0227967818096,0.0229061451189,0.0228733361261,0.0229936357663,0.0229991039317,0.0229826994353,0.0229225496153,0.0230920627446,0.0232342350466,0.0232287668811,0.023321725694,0.0234857706578,0.0234310890032,0.0231358080683,0.0231522125647,0.0234474934996,0.0235677931397,0.0235896658016,0.0235513886434,0.0238083924201,0.0238029242546,0.0237919879237,0.0239560328875,0.0241091415204,0.0241310141823,0.0239450965566,0.0241146096859,0.0244262951172,0.0245575310883,0.0243388044698,0.0244044224554,0.0243223999734,0.0242185048297,0.0243333363044,0.0241474186787,0.0242021003333,0.0242677183188,0.0240052463767,0.0241364823478,0.0244973812682,0.0245137857646,0.0245958082465,0.0248200030305,0.0248582801887,0.0249020255124,0.0251535611236,0.0249129618433,0.0251043476345,0.0250387296489,0.0249949843252,0.0247707895413,0.0248254711959,0.0248801528505,0.0250660704762,0.0251207521308,0.0250606023108,0.0252957334256,0.0254324375622,0.0254379057276,0.0254379057276,0.0257933364826,0.0256785050079,0.0257277184971,0.0256456960152,0.0260284675975,0.0259737859429,0.0258753589646,0.0258917634609,0.0260065949356,0.02588082713,0.0260503402593,0.0261597035686,0.0261597035686,0.0261870443959,0.0262526623814,0.026389366518,0.0264331118416,0.0264549845035,0.026449516338,0.0265041979926,0.0264713889999,0.0264057710143,0.0262690668778,0.0263018758706,0.0262581305469,0.026094085583,0.0262581305469,0.0260503402593,0.0259901904393,0.0263237485324,0.0262143852232,0.0266244976328,0.026886969575,0.027029141877,0.0272205276681,0.0274447224521,0.0274337861211,0.0274720632794,0.0277071943942,0.0276197037468,0.027882175689,0.0275158086031,0.0276634490705,0.0274447224521,0.0270510145388,0.0271330370207,0.0272861456537,0.0273736363011,0.0274173816247,0.0273572318047,0.0270564827043,0.0271986550063,0.0268815014095,0.0271767823444,0.0272697411573,0.0273189546464,0.0271494415171,0.027089291697,0.0271439733517,0.0271056961934,0.0272861456537,0.0272095913372,0.0272970819846,0.027231463999,0.0273681681356,0.0273626999701,0.0275704902577,0.0275923629195,0.0273626999701,0.0275759584231,0.0275158086031,0.0276798535669,0.027740003387,0.0278712393581,0.028024347991,0.0278548348617,0.0277454715524,0.0279095165163,0.0280844978111,0.0280516888183,0.0283415015878,0.0286094416954,0.0287625503283,0.0287297413355,0.0288227001484,0.0289976814432,0.0292054717307,0.0292710897162,0.0292984305436,0.0293585803636,0.0294515391765,0.0290632994287,0.0291890672343,0.0291781309034,0.0292984305436,0.0292984305436,0.0294077938528,0.0298561834206,0.029954610399,0.030167868852,0.0302334868375,0.0309443483475,0.0311849476278,0.0319176817997,0.0320981312599,0.0323770076985,0.0325629253242,0.0325519889932,0.0329566332374,0.0331261463667,0.0334706407908,0.0333175321579,0.0331042737049,0.0328089927699,0.0328472699282,0.0329183560792,0.0329566332374,0.0329839740647,0.0330878692085,0.033295659496,0.0332573823378,0.0333612774816,0.033793262553,0.0336401539201,0.0335745359346,0.0337549853948,0.0336729629129,0.033733112733,0.0336784310783,0.0335635996036,0.0334761089563,0.0332027006832,0.0333339366543,0.0336838992438,0.0338807532004,0.0342033749627,0.0342580566173,0.0342525884518,0.0342143112936,0.0343455472647,0.034219779459,0.0348212776598,0.034870491149,0.0351438994221,0.0353188807168,0.0354227758606,0.0356961841337,0.0358438246012,0.0359149107522,0.036150041867,0.0367406037369,0.0366804539168,0.0369101168662,0.0368773078734,0.0371288434846,0.0371233753192,0.0373038247794,0.0379053229802,0.0383263717207,0.0385724391665,0.0385615028356,0.0389442744179,0.0389169335906,0.0390098924035,0.0391630010364,0.0392450235183,0.0396332632661,0.0394145366476,0.0396223269352,0.0397535629062,0.0400433756757,0.0403769337689,0.0404589562508,0.0408964094877,0.040852664164,0.041137008768,0.0412409039118,0.0417221024724,0.0419845744146,0.0424931138025,0.0429633760322,0.0433242749527,0.0439148368226,0.0442593312466,0.0448608294474,0.0455334137992,0.0459708670361,0.0466762603807,0.0472449495887,0.0473269720706,0.0477042754875,0.0480487699116,0.0487377587597,0.0493283206296,0.0498040510248,0.0506406803404,0.050979706599,0.0513898190086,0.0518218040801,0.0526639015612,0.0531396319564,0.0536372350134,0.0539215796174,0.0544301190053,0.0549331902278,0.0548566359113,0.0556659243997,0.0562346136077,0.0568907934631,0.057541505153,0.0586515427417,0.0597834529923,0.0610520673794,0.0622113184573,0.0633979103624,0.0646555884186,0.0664546148555,0.0676740157535,0.0687512443494,0.0699925179092,0.0709002333758,0.0717970125115,0.0726391099926,0.0737054022577,0.0750560391267,0.0763957396648,0.0769644288728,0.0782877249145,0.0797695977546,0.0811257027891,0.0825802348019,0.0840128941529,0.0854455535038,0.0867141678909,0.0884038310186,0.0898310222041,0.0912418088932,0.0926143184241,0.0942383635662,0.0959334948593,0.0975247310086,0.0994987387403,0.10151102363,0.103649076326,0.105546529741,0.107936118048,0.11033117452,0.112720762827,0.114853347357,0.117215594836,0.119463010841,0.121890876306,0.124176569469,0.126773948063,0.128829978277,0.13105552162,0.133445109926,0.135725334924,0.138672676108,0.141286459198,0.144118968907,0.146989755775,0.150123014584,0.153135973754,0.156783240117,0.160714851084,0.164017623022,0.167375076616,0.170612230569,0.174264965098,0.177917699626,0.181187662572,0.184731033791,0.188536876952,0.191664667597,0.194704967593,0.198538151582,0.202677552836,0.206838826753,0.210207216677,0.213679501745,0.217698603359,0.222302798678,0.225742274754,0.230455833381,0.234824897585,0.2394454974,0.244186396856,0.24926632257,0.254597783895,0.25957928263,0.264675612841,0.26953134377,0.275579134771,0.28065359232,0.285875690335,0.291059511193,0.295937114785,0.300300710823,0.305659512976,0.311466704696,