# R script for Peak Model
#  -- generated by MACS
p <- c(0.0407734937931,0.047931761664,0.0549754972491,0.0622626139417,0.0691775007051,0.0690486518834,0.0697501621348,0.0698074282777,0.0705375716006,0.0714824629595,0.0711961322447,0.0705805212078,0.0705662046721,0.0694208818127,0.0695354140986,0.0692777164553,0.0685762062039,0.0685475731324,0.0682612424176,0.0679176455598,0.0679892282385,0.0682755589533,0.0681896597389,0.0688911699903,0.0687193715613,0.0688768534545,0.068404407775,0.0677172140594,0.0674022502731,0.0665575746643,0.0675310990948,0.0673736172016,0.0674022502731,0.0671159195582,0.0665003085213,0.0663141935567,0.0667580061647,0.0673736172016,0.0678746959526,0.0682039762746,0.0676599479164,0.0677887967381,0.0677458471309,0.067631314845,0.0679319620955,0.0687050550256,0.0686477888826,0.0683328250963,0.0683041920248,0.0683900912393,0.0677028975237,0.0677601636666,0.0679462786313,0.0687480046328,0.0688768534545,0.068905486526,0.0692633999195,0.0693636156697,0.068962752669,0.0692204503123,0.0689913857404,0.0685046235252,0.0683471416321,0.0676169983092,0.0686048392754,0.0680608109172,0.0677172140594,0.0675310990948,0.0678746959526,0.0685046235252,0.069292032991,0.0700651259211,0.0695354140986,0.0692633999195,0.0686334723469,0.0685905227397,0.0688052707758,0.069292032991,0.0694781479557,0.0687623211686,0.0683328250963,0.0683471416321,0.0682898754891,0.0684903069895,0.0686764219541,0.0688339038473,0.0690057022762,0.0683757747035,0.0676885809879,0.0678031132739,0.0674022502731,0.0672304518442,0.0680321778457,0.0687480046328,0.0680464943815,0.067631314845,0.0674738329518,0.0668725384506,0.0672734014514,0.0676169983092,0.06801786131,0.067516782559,0.0668295888434,0.0673020345229,0.0676456313807,0.0677887967381,0.0676169983092,0.0684759904537,0.0684473573823,0.0683757747035,0.0683614581678,0.0682898754891,0.0689198030617,0.0683614581678,0.0682755589533,0.0688911699903,0.0686764219541,0.0689198030617,0.0685046235252,0.0680035447742,0.0681896597389,0.0686048392754,0.067960595167,0.0673593006659,0.0679319620955,0.0675454156305,0.0678460628811,0.0679749117028,0.0683041920248,0.0680035447742,0.0678890124883,0.0679176455598,0.0682182928104,0.0686907384899,0.0685762062039,0.06801786131,0.0683471416321,0.068461673918,0.0685332565967,0.0693063495268,0.0690200188119,0.0692204503123,0.0689770692047,0.0688625369188,0.0686048392754,0.0691059180264,0.0684759904537,0.0678746959526,0.0675454156305,0.0672734014514,0.067631314845,0.0680608109172,0.0687766377043,0.0686334723469,0.0688768534545,0.0692204503123,0.0695783637059,0.0694351983484,0.0698217448135,0.0696785794561,0.0693636156697,0.0691059180264,0.0683471416321,0.0685905227397,0.0683900912393,0.0683900912393,0.0684187243108,0.0687050550256,0.0685046235252,0.0686477888826,0.0691631841693,0.0690200188119,0.0694638314199,0.0693779322055,0.069292032991,0.0690486518834,0.0692490833838,0.0688195873115,0.0691488676336,0.0691202345621,0.0694781479557,0.069735845599,0.0697215290633,0.0691345510979,0.0689341195975,0.0692204503123,0.0693349825983,0.0697215290633,0.0698074282777,0.0697072125275,0.0693636156697,0.0683328250963,0.0681610266674,0.0683041920248,0.0682182928104,0.0677601636666,0.0674165668088,0.0676599479164,0.0668295888434,0.0669011715221,0.0669870707366,0.0679319620955,0.0678603794168,0.0685618896682,0.068905486526,0.0689913857404,0.0692347668481,0.0694638314199,0.0706377873508,0.0707952692439,0.0703800897074,0.0695210975629,0.0698933274922,0.0695926802416,0.0695926802416,0.0695640471701,0.0691202345621,0.0687909542401,0.0680608109172,0.0682469258819,0.0683900912393,0.068848220383,0.0690057022762,0.0688339038473,0.0692633999195,0.069292032991,0.0690916014906,0.0692777164553,0.0694924644914,0.0694638314199,0.0701080755283,0.0703228235644,0.0697072125275,0.0699649101709,0.0695640471701,0.0699505936352,0.0703371401002,0.0703800897074,0.07023692435,0.070623470815,0.0696928959918,0.0689913857404,0.0695926802416,0.0696642629203,0.0695497306344,0.0696213133131,0.0700794424568,0.0699505936352,0.0702798739572,0.0700651259211,0.0699649101709,0.071067283423,0.0705518881363,0.0706377873508,0.0708525353869,0.0704373558504,0.070179658207,0.0701367085998,0.0704230393146,0.0697072125275,0.0710243338158,0.0702512408857,0.0702798739572,0.0703085070287,0.0700508093853,0.0702226078143,0.0707093700295,0.0706950534937,0.0702798739572,0.0708239023154,0.0704803054576,0.071067283423,0.0716685779242,0.0718260598173,0.0723414551041,0.0730572818912,0.0726707354261,0.072398721247,0.0732147637843,0.073787425214,0.0737444756068,0.0736156267851,0.0742026047505,0.0741023890003,0.0738733244284,0.073286346463,0.0734295118204,0.0741023890003,0.073844691357,0.073730159071,0.0737587921425,0.0739878567144,0.0743600866437,0.0744459858581,0.0750043307521,0.0754481433601,0.0758919559681,0.0767509481126,0.0765791496837,0.0767509481126,0.0781396520795,0.0790415938313,0.0797144710112,0.0814038222287,0.082162598623,0.0838519498406,0.0851261215216,0.0864718758814,0.0881898601704,0.0896358302803,0.0896215137446,0.0905664051036,0.0910531673188,0.0911676996047,0.0918692098561,0.0917546775701,0.09242755475,0.0916258287485,0.0915685626055,0.0915542460698,0.091153383069,0.0912106492119,0.0914540303196,0.0913967641766,0.0914969799268,0.0916544618199,0.0909386350328,0.0915542460698,0.0919694256063,0.0921841736424,0.0928427342865,0.091983742142,0.0920696413565,0.0921841736424,0.0930145327154,0.0927568350721,0.0931290650014,0.0927425185363,0.0925277705002,0.0927425185363,0.0932435972873,0.0939880571459,0.0933581295732,0.0940882728961,0.0935299280021,0.0938448917885,0.0937160429668,0.0938878413957,0.0943173374679,0.0940453232889,0.093816258717,0.0939021579314,0.0940882728961,0.0940310067531,0.0940023736816,0.094202805182,0.094589351647,0.0949329485049,0.0939021579314,0.0937876256455,0.0935442445379,0.0938592083242,0.094145539039,0.0937733091098,0.093758992574,0.0939880571459,0.093701726431,0.0934297122519,0.0943746036109,0.0946323012543,0.0952335957554,0.0947897831474,0.0944748193611,0.094589351647,0.0948327327547,0.0947468335402,0.0945607185756,0.0951906461482,0.0947468335402,0.0946752508615,0.0945177689683,0.0945177689683,0.0945750351113,0.0937733091098,0.0936444602881,0.0930145327154,0.0939307910029,0.0938878413957,0.0955056099345,0.0961784871144,0.0970517957947,0.0978535217962,0.0984404997616,0.0993853911206,0.0993281249776,0.100086901372,0.0993710745849,0.099643088764,0.0990417942628,0.0991706430845,0.0993567580491,0.0991563265487,0.098755463548,0.0994426572636,0.0998005706571,0.0994999234065,0.100144167515,0.100115534443,0.0996860383712,0.0993710745849,0.099142010013,0.0992994919061,0.0999294194788,0.0998005706571,0.0997003549069,0.100315965944,0.100172800586,0.100201433658,0.100129850979,0.0999866856218,0.0996001391567,0.0996144556925,0.0993567580491,0.0991276934772,0.0995571895495,0.0996717218354,0.100301649408,0.100817044695,0.101761936054,0.102520712448,0.102377547091,0.103236539235,0.103666035307,0.103923732951,0.103909416415,0.103608769164,0.104038265237,0.103479920343,0.102463446305,0.101704669911,0.102148482519,0.10207689984,0.102334597483,0.102220065198,0.10284999277,0.103737617986,0.103279488842,0.103966682558,0.104911573917,0.105928047955,0.105426969204,0.105126321953,0.105441285739,0.10594236449,0.105956681026,0.105154955025,0.105355386525,0.105455602275,0.105269487311,0.105112005417,0.10564171724,0.105627400704,0.104954523524,0.104668192809,0.104739775488,0.105498551882,0.105269487311,0.104925890453,0.105154955025,0.105341069989,0.105627400704,0.107059054278,0.108089844852,0.108862937782,0.109278117318,0.109721929926,0.10997962757,0.11085293625,0.110709770892,0.110724087428,0.111182216572,0.109721929926,0.110237325213,0.109793512605,0.11007984332,0.109822145676,0.110008260641,0.109836462212,0.110194375606,0.109922361427,0.1107527205,0.111439914215,0.111711928394,0.112012575645,0.111969626038,0.112685452825,0.113401279612,0.113787826077,0.114918832401,0.115648975723,0.11606415526,0.116393435582,0.116565234011,0.118569549015,0.118583865551,