# R script for Peak Model
#  -- generated by MACS
p <- c(0.0174326692763,0.0203611471275,0.0231053612039,0.0260239677815,0.0289853498782,0.0289030892644,0.0286760499704,0.0288504424716,0.0287352776123,0.0285970797811,0.0286464361494,0.02849507662,0.0287484393105,0.0288010861033,0.0286036606302,0.0286299840266,0.028745148886,0.0286332744512,0.0287352776123,0.0290215445483,0.0292288412951,0.0293012306352,0.0291729040777,0.0291696136532,0.0293341348808,0.0292650359652,0.0294065242209,0.0295216890802,0.0294756231365,0.0292387125687,0.0291761945023,0.029317682758,0.0293505870035,0.0291235477094,0.0290281253974,0.0290116732747,0.0287945052542,0.0287616010087,0.0286925020931,0.0288570233207,0.0287352776123,0.0286365648757,0.0287385680368,0.0289688977555,0.0290643200675,0.0291597423795,0.0290709009166,0.0290050924256,0.0288636041698,0.0289195413872,0.0290248349729,0.0289392839345,0.0289656073309,0.0288734754435,0.0289261222363,0.0289820594537,0.0292387125687,0.0293703295508,0.0295611741748,0.0295874975713,0.0295151082311,0.0297224049779,0.029603949694,0.0296401443641,0.0295776262976,0.02941310507,0.0294361380419,0.0294328476173,0.0294591710137,0.0293111019089,0.0293111019089,0.0291696136532,0.0294196859191,0.0294032337963,0.0295809167222,0.0298079560162,0.0298112464408,0.0297915038935,0.0299560251211,0.0300975133768,0.0299724772438,0.0301139654996,0.0300349953103,0.0303377143691,0.0301929356888,0.0301567410187,0.030169902717,0.0303903611619,0.0303442952182,0.0301929356888,0.0305450111159,0.0305581728141,0.0304397175302,0.0302291303589,0.0303574569164,0.0305088164458,0.0302817771517,0.0300349953103,0.0300678995558,0.0301139654996,0.0298869262055,0.0299626059702,0.030169902717,0.0302982292745,0.0303048101236,0.0302587441799,0.0305976579087,0.0308872152693,0.0308181163537,0.0309563141849,0.0311669013562,0.031153739658,0.0310714790442,0.031087931167,0.0310484460723,0.0310385747987,0.0310780598933,0.0309826375813,0.0311438683843,0.0313478747066,0.0314597491413,0.0315880756988,0.0317065309827,0.0317361448037,0.0319401511259,0.0319730553714,0.0319500223996,0.0322066755146,0.032262612732,0.0323053882512,0.0323185499494,0.0324172626859,0.0325159754225,0.0325225562716,0.032387648865,0.0322889361284,0.0324633286297,0.0324073914123,0.0326410115555,0.0326146881591,0.0326772062255,0.0325817839135,0.0326278498573,0.0326772062255,0.0330917997191,0.0332925156168,0.0332365783994,0.0331872220311,0.0329503114634,0.0329634731616,0.033210255003,0.0333254198623,0.0332925156168,0.0335689112791,0.0335590400055,0.0337893697241,0.0339835047727,0.0341546068494,0.0342171249159,0.0344244216626,0.0343980982662,0.0345198439746,0.0344935205782,0.0345659099184,0.0345922333148,0.0345001014273,0.0344836493046,0.0346843652022,0.0348094013352,0.0349739225628,0.0349179853454,0.0349311470436,0.0351976714324,0.0351713480359,0.0352272852533,0.0355201330384,0.035743881908,0.0357471723325,0.0358524659182,0.0360104062967,0.0363065445064,0.0363295774782,0.0362966732327,0.0365434550741,0.0366125539897,0.0368033986137,0.0368066890383,0.0368692071048,0.0373430282402,0.0371949591354,0.0373397378157,0.0378267206494,0.0382314428693,0.0381952481992,0.0385242906544,0.0383992545214,0.0383926736723,0.0383367364549,0.0383531885777,0.0385539044754,0.0385506140508,0.0383959640969,0.0383762215495,0.038563775749,0.0384848055598,0.0385769374472,0.0388763660814,0.039261345754,0.0392054085366,0.0393436063678,0.0397121339176,0.0399128498153,0.0400806614675,0.0401004040148,0.0404228656209,0.0410085611911,0.0410776601067,0.0411961153906,0.0413573461936,0.0413902504391,0.041317861099,0.0413441844954,0.0414363163829,0.0416501939788,0.0415580620913,0.0413277323727,0.0414856727512,0.0415251578458,0.0416469035542,0.0416469035542,0.0418509098764,0.0421141438406,0.0424958330886,0.0425978362497,0.0428544893648,0.0429071361576,0.0434105711141,0.043499412577,0.0436672242291,0.0438350358813,0.043690257201,0.043631029559,0.0434895413033,0.0435685114925,0.0437429039938,0.043946910316,0.0437067093237,0.0438087124848,0.0439896858352,0.0444207314515,0.0446017048019,0.0447892590013,0.0448682291906,0.0451051397583,0.0453585024488,0.0455230236764,0.0460856862748,0.0463456298144,0.0464278904282,0.0464739563719,0.0466253159013,0.0469839721775,0.0471978497734,0.047266948689,0.0470300381212,0.0471452029805,0.047082684914,0.0472965625099,0.0474018560956,0.0474314699166,0.047905291052,0.0481125877988,0.0485732472361,0.0488759662949,0.0493761108268,0.0495932788472,0.049770961773,0.0498038660185,0.0502612350312,0.0504487892307,0.0503467860696,0.0505014360235,0.0506264721565,0.0507942838087,0.0509127390925,0.0513437847088,0.0517583782024,0.0524230439619,0.0525118854248,0.0530284820794,0.0537490850563,0.0542755529846,0.0545256252506,0.0547789879411,0.0550619644526,0.0550553836035,0.0552100335574,0.0552199048311,0.0556246270509,0.0560260588463,0.0560260588463,0.0562563885649,0.0569638298436,0.0577041753678,0.058194448626,0.0592769983036,0.0598462417511,0.0607083329837,0.0612907381294,0.062152829362,0.0630807290857,0.0635479693721,0.0639823054129,0.0642554106507,0.0650352412696,0.065061564666,0.0656077751416,0.0660256590597,0.0666409684509,0.0669206545378,0.0672464065685,0.0679637191208,0.0683355370952,0.0690034932792,0.0693489878572,0.0697339675298,0.0702012078161,0.0706914810744,0.0708889065475,0.0711817543326,0.0717608690538,0.0722972082557,0.072662445381,0.0729520027416,0.0732613026495,0.0742023640713,0.0746827660559,0.0751862010124,0.0757554444599,0.0764464336158,0.0769696111195,0.0774039471604,0.0778678970222,0.0784437213188,0.0791083870783,0.0797039539222,0.0801119665667,0.0802139697278,0.0807108238351,0.0810365758658,0.0812899385563,0.0817966639373,0.0824481679985,0.0833365826276,0.0837643378193,0.0840802185763,0.0848337257987,0.0859031137781,0.0870251485503,0.0876602004889,0.0884860970514,0.0893975446523,0.0902234412148,0.0907597804168,0.0915856769794,0.092293118258,0.0929873978385,0.093622449777,0.0940798187897,0.0950011376643,0.0957349023394,0.0961264628611,0.0967680956487,0.0975972826358,0.0983606611318,0.0991733959962,0.0999894212851,0.100529050912,0.101025905019,0.101575405919,0.102286137622,0.102996869326,0.103855670134,0.104441365704,0.105415331371,0.106488009775,0.106889441571,0.108106898655,0.108811049509,0.109926503432,0.110995891411,0.112045536843,0.112499615432,0.113101763125,0.114055986245,0.114746975401,0.115967722909,0.11647444829,0.117629387308,0.11838947538,0.119093626234,0.1198931994,0.121317953231,0.122515667768,0.123522537681,0.124206945988,0.125022971276,0.126181200719,0.127168328084,0.128425270263,0.129244585977,0.130057320841,0.130988510989,0.131949314958,0.132656756237,0.134311839787,0.135331871398,0.136236738149,0.137421290988,0.138240606702,0.139573228645,0.14129741111,0.142498416072,0.14405149646,0.145578253453,0.146664093555,0.147562379457,0.149204301309,0.150191428674,0.15191561114,0.153626631907,0.154728924132,0.156091159896,0.156604466126,0.157752824295,0.158493169819,0.160276579926,0.161224222197,0.162849691926,0.164165861747,0.165616938974,0.167183181061,0.168617806165,0.170578899198,0.171911521142,0.174303659791,0.175626410461,0.177603955617,0.179229425345,0.180637727054,0.182180936169,0.1834181358,0.184997539585,0.186382808321,0.188120152485,0.18958439141,0.192035757702,0.193806006111,0.196046785231,0.198139495246,0.199853806437,0.202716475797,0.205286297372,0.208478009188,0.211149833924,0.212617363274,0.214295479796,0.216473740849,0.218704648695,0.22050780135,0.222949296367,0.224647155436,0.226562182525,0.228332430934,0.229961191088,0.232705405164,0.234801405604,0.237292256989,0.239727171158,0.242185118298,0.243853363546,0.246324472385,0.248808742921,0.251013327371,0.253537083002,0.255975287595,0.258860989928,0.260759564894,0.262977311042,0.265530680494,0.269166599624,0.271068465015,0.272960459133,0.275632283869,0.277879643838,0.280956190794,0.2838517644,0.287293548481,0.289935759396,0.293018887201,0.294861524951,0.298181563323,0.301037651835,0.304203040254,0.307513207353,0.309826375813,0.31271536857,