# R script for Peak Model
#  -- generated by MACS
p <- c(0.0153069017193,0.0175979564235,0.0204424059837,0.023010158116,0.0256221818367,0.0255447065568,0.0253454844087,0.0250245153921,0.0248806327295,0.0246814105814,0.0247699537583,0.0249359722152,0.0244268489476,0.0242940341821,0.0240837441368,0.0239509293713,0.0238402504001,0.0238623861943,0.0237959788116,0.0238623861943,0.0233975345152,0.0235414171778,0.0236742319433,0.0235856887663,0.023829182503,0.0239619972684,0.0242054910051,0.0240173367541,0.0240062688569,0.0241612194166,0.0244932563303,0.0242608304907,0.024194423108,0.0242386946965,0.0241169478281,0.0239952009598,0.0238734540915,0.024105879931,0.0243272378735,0.0242386946965,0.0242718983879,0.0244157810504,0.0244600526389,0.0246703426842,0.0245153921245,0.0244489847418,0.0244489847418,0.0244157810504,0.0241280157253,0.024194423108,0.0240616083425,0.02391772568,0.0238181146059,0.0236078245605,0.0238070467087,0.0237849109145,0.023652096149,0.0238845219886,0.0240394725483,0.024194423108,0.0244157810504,0.0243161699763,0.0245928674044,0.0244821884332,0.0242497625936,0.0243936452562,0.0247035463756,0.0244821884332,0.0243825773591,0.0243715094619,0.0243825773591,0.0246371389929,0.0243161699763,0.0244379168447,0.024282966285,0.0242165589022,0.0238955898857,0.0239509293713,0.0241280157253,0.0239398614742,0.0236078245605,0.0238181146059,0.024282966285,0.0242608304907,0.0245928674044,0.0248252932439,0.0253676202029,0.0255336386597,0.0253676202029,0.025467231277,0.0257882002935,0.0256996571165,0.0254229596885,0.0256000460425,0.025555774454,0.0251905338489,0.0250466511864,0.0248695648324,0.024924904318,0.0247920895526,0.0250577190835,0.0248584969353,0.0247256821698,0.0248474290382,0.024736750067,0.0249913117008,0.0245153921245,0.0242497625936,0.0243604415648,0.024282966285,0.0241280157253,0.0239952009598,0.0238623861943,0.023463941898,0.0235192813836,0.0237627751203,0.0239398614742,0.0244932563303,0.024559663713,0.0246703426842,0.0246592747871,0.0248363611411,0.0250577190835,0.0250798548777,0.0252680091288,0.0248363611411,0.0247588858612,0.024559663713,0.0241722873138,0.0243272378735,0.0244932563303,0.0244157810504,0.0247146142727,0.0250023795979,0.0248806327295,0.0254229596885,0.0258103360878,0.0258878113676,0.0262419840755,0.0260759656187,0.0259874224417,0.0262530519726,0.0261866445899,0.0259431508532,0.0263194593554,0.0260538298244,0.0261202372072,0.0261866445899,0.0261645087957,0.0263637309438,0.0263415951496,0.0260427619273,0.0261313051043,0.0263194593554,0.0262530519726,0.0263415951496,0.0260648977216,0.0260538298244,0.0265076136064,0.0265076136064,0.0266072246805,0.0269503294913,0.0269724652855,0.0272934343021,0.0273598416848,0.0275701317301,0.028289545043,0.0285994461624,0.0283891561171,0.028743328825,0.0291528410185,0.0291528410185,0.0292192484012,0.0294074026523,0.0291307052243,0.0292413841955,0.0292192484012,0.0290310941502,0.0291639089156,0.029285655784,0.0287543967221,0.0289425509732,0.0290753657387,0.0289425509732,0.0294848779322,0.0295291495206,0.0295402174178,0.030104680171,0.0303371060105,0.0299497296113,0.0306248713357,0.0307576861012,0.0307576861012,0.0310565193234,0.0311339946033,0.0311671982947,0.0308240934839,0.0306802108213,0.0306580750271,0.0309790440436,0.0307244824098,0.0307134145127,0.0309790440436,0.0307244824098,0.0309126366609,0.0309347724551,0.0312446735745,0.0310233156321,0.0311007909119,0.0314660315169,0.031831272122,0.0320083584759,0.0320858337558,0.0324289385665,0.0325728212291,0.033015537114,0.0333033024391,0.0339009688837,0.034288345283,0.0341223268261,0.0340337836492,0.0345761106081,0.0345871785053,0.0347531969621,0.0348085364477,0.0345871785053,0.0344654316369,0.0339784441636,0.033746018324,0.0343104810772,0.0343326168715,0.0341333947233,0.0344986353283,0.0341887342089,0.034111258929,0.034742129065,0.0348196043448,0.0350963017729,0.0352069807441,0.0347974685506,0.0352401844354,0.0348860117275,0.0350741659786,0.0351848449498,0.0351295054642,0.0346203821966,0.0349966906988,0.0352180486412,0.0351627091556,0.035384067098,0.0352291165383,0.0359817335426,0.035561153452,0.0361145483081,0.0363137704562,0.0367564863411,0.0369114369008,0.0371770664317,0.037387356477,0.0373762885799,0.0373320169914,0.0371659985346,0.0377968686705,0.0374869675511,0.0374537638598,0.0371327948432,0.0374537638598,0.0377083254936,0.0380735660986,0.0385162819835,0.0389811336626,0.0390696768395,0.0385605535719,0.0388704546913,0.0392135595021,0.0396673432841,0.0394570532388,0.0397558864611,0.0397780222553,0.03956773221,0.0395788001071,0.0396120037985,0.0400879233747,0.0403424850085,0.0402871455229,0.0405527750538,0.0404310281855,0.0401432628603,0.0402096702431,0.0403535529057,0.0408184045848,0.0413053920581,0.0418145153257,0.0421797559307,0.0425560644329,0.0426003360214,0.0431537308774,0.0438620762932,0.0441609095155,0.044747508063,0.0449245944169,0.0452676992277,0.0455554645528,0.0464408963226,0.0473816675779,0.0486544757469,0.0491303953231,0.0495509754138,0.0505581540518,0.0510562094223,0.0522183386201,0.0531480419783,0.0539227947768,0.0541662885135,0.0545204612214,0.054299103279,0.054752887061,0.0554280287854,0.0556936583163,0.0561474420983,0.0559150162587,0.0560921026127,0.0567340406457,0.0571546207364,0.057298503399,0.0577965587694,0.0586377189507,0.0586045152593,0.0593128606751,0.0602868356218,0.0606410083297,0.06121653898,0.0614157611282,0.0615153722023,0.0623343965893,0.0631866246677,0.063308371536,0.0640388527461,0.0646475870877,0.0644262291453,0.0656104941373,0.0667062159524,0.0667947591294,0.0675363082365,0.0682557215494,0.0684328079034,0.0692850359817,0.0696945481752,0.070037652986,0.0716314301715,0.071764244937,0.071764244937,0.0721958929247,0.0731920036657,0.0733690900196,0.0741217070239,0.0744426760404,0.0750514103821,0.0754166509871,0.0756601447238,0.076766934436,0.0769440207899,0.0781172178848,0.0783385758273,0.0796003160991,0.0805300194574,0.0816036054782,0.0831752468694,0.0849018388204,0.0854220299851,0.085410962088,0.0861967827837,0.0868387208167,0.0873257082901,0.0876688131008,0.0884435658994,0.0898159851425,0.0891740471094,0.0890855039324,0.0901258862619,0.0913101512539,0.0923616014804,0.0925718915258,0.0932470332502,0.0941324650199,0.0941213971228,0.0946083845961,0.0959254643536,0.096235365473,0.0964788592097,0.0976077847161,0.0981611795722,0.0997881604491,0.101171647589,0.101846789314,0.103927553973,0.104635899388,0.105952979146,0.107768114274,0.109195873003,0.109970625801,0.111298773456,0.112073526254,0.113080704892,0.114442056238,0.114917975814,0.115416031185,0.116876993605,0.117873104346,0.119134844618,0.120363381198,0.12162512147,0.123185694964,0.12477947215,0.12493442271,0.126185095084,0.128000230212,0.12900740885,0.129483328427,0.130247013328,0.131066037715,0.131608364674,0.132349913781,0.133379228213,0.135637079226,0.136909887395,0.137286195897,0.13889104098,0.141016077227,0.142488107545,0.143993341553,0.146417211023,0.148520111476,0.149184185303,0.151375628933,0.152869795045,0.154474640127,0.155459682971,0.156588608478,0.158281996737,0.160274218219,0.161591297977,0.163240414648,0.165675352014,0.166748938035,0.167357672377,0.169958628201,0.171917645991,0.174596077095,0.176754317033,0.179045371737,0.181790210224,0.184734270858,0.186438727015,0.18884046069,0.192249373004,0.194606835091,0.197484488342,0.199166808705,0.200738450096,0.20214407303,0.204988522591,0.206770454027,0.209415681439,0.212071976749,0.213898179774,0.216377388729,0.218059709091,0.220682800709,0.224711515262,0.227445285851,0.228895180374,0.231164099283,0.233765055107,0.236155720885,0.239166188902,0.24275218757,0.246747698431,0.249049821032,0.251473690502,0.253930763663,0.256775213223,0.260925674644,0.264257111677,0.266470691102,0.271252022658,0.272967546712,0.274926564503,0.278412952096,0.281091383199,0.285064758266,0.288783571699,0.291860447099,0.295867025857,0.300360592088,0.302496696233,0.306060559106,0.311218199165,0.315922055441,0.31985115892,0.324909187904,0.32934741465,0.333298653922,0.337327368475,0.341632780455,0.345606155522,0.351361462025,