# R script for Peak Model
#  -- generated by MACS
p <- c(0.0162290036788,0.0188766126476,0.0216386715717,0.0241870905791,0.026872849533,0.0267278795895,0.0266744696103,0.0263616397321,0.0259496198926,0.0259038399105,0.0260793298421,0.0259877698778,0.0259496198926,0.0259725098837,0.0256215300204,0.0255299700561,0.0252781801541,0.0255604900442,0.0257207199818,0.0256901999937,0.0255681200412,0.025514710062,0.0251408402076,0.0250340202492,0.0253773701155,0.025507080065,0.0256749399996,0.0254384100917,0.0254841900739,0.0254460400888,0.0253544801244,0.0257283499788,0.0256978299907,0.0259190999045,0.0258962099134,0.0256901999937,0.025789389955,0.0259725098837,0.0259801398807,0.0262471897767,0.0261403698183,0.0258809499194,0.0259953998748,0.0257664999639,0.0256291600174,0.0256596800056,0.025499450068,0.0252705501571,0.0252858101512,0.0249195702938,0.0251637301987,0.0251561002017,0.0253468501274,0.0254918200709,0.0254689300799,0.025224770175,0.0251332102106,0.0251026902225,0.0250187602552,0.025247660166,0.025247660166,0.0253010701452,0.0250187602552,0.024683040386,0.0244770304662,0.0247746003503,0.0248585303176,0.0250874302284,0.0251332102106,0.0248966803027,0.0245075504543,0.0244541404751,0.0243396905197,0.0245762204276,0.0247746003503,0.0246754103889,0.0247746003503,0.0245380704424,0.024431250484,0.0245533304365,0.0246067404157,0.0245075504543,0.0247211903711,0.0244617704721,0.0243320605227,0.0243320605227,0.0241107906088,0.0241031606118,0.0242481305554,0.0241336805999,0.0243168005286,0.0244388804811,0.0245685904305,0.0249500902819,0.0250416502463,0.0251866201898,0.0253087001423,0.0254078901036,0.0254307800947,0.0253087001423,0.0252095101809,0.0250874302284,0.0247669703533,0.0245838504246,0.0246525203978,0.0246448904008,0.02469830038,0.0247288203681,0.0243396905197,0.0243168005286,0.0243931004989,0.0242328705613,0.0244388804811,0.0242786505435,0.0243931004989,0.0244541404751,0.0245304404454,0.0242481305554,0.0244999204573,0.0246677803919,0.0247288203681,0.0249882402671,0.0250035002611,0.0249348302879,0.0249043102998,0.0248737903117,0.0247669703533,0.0252095101809,0.0248966803027,0.0249500902819,0.0248356403265,0.0246372604038,0.0250111302582,0.0254231500977,0.0255376000531,0.025507080065,0.0254231500977,0.0255452300501,0.0261403698183,0.0259267299015,0.0260335498599,0.0261098498302,0.0258580599283,0.0259114699075,0.0257359799758,0.0258656899253,0.0259953998748,0.0259038399105,0.0257130899848,0.0259190999045,0.0258885799164,0.0258046499491,0.0256367900145,0.0255910100323,0.0257512399699,0.0256291600174,0.025789389955,0.0254765600769,0.0253239601363,0.025224770175,0.0255528600472,0.0257512399699,0.0259801398807,0.0260335498599,0.0257588699669,0.0257664999639,0.0257130899848,0.0258275399402,0.0260106598688,0.0260182898659,0.0259572498897,0.0258504299313,0.0259572498897,0.0261708898064,0.02659816964,0.0267507695806,0.0269033695211,0.0269415195063,0.0271170094379,0.0274908792923,0.027422209319,0.0273535393458,0.0273459093488,0.0270864894498,0.0273459093488,0.0275519192685,0.0275824392566,0.0278876391378,0.0276968892121,0.0277579291883,0.0276663692239,0.0282691389892,0.0281775790248,0.0286735288317,0.0281852090219,0.0280326090813,0.0281928390189,0.0281775790248,0.0283759589476,0.028230989004,0.028230989004,0.0278723791437,0.0281165390486,0.0280707590664,0.0283454389595,0.0284369989238,0.02821572901,0.0280554990724,0.0282462489981,0.0282004690159,0.0286887888257,0.0287421988049,0.0286887888257,0.0282615089921,0.0282462489981,0.0280326090813,0.02821572901,0.0283606989535,0.0282462489981,0.0283835889446,0.0282691389892,0.0285361888852,0.0285361888852,0.0286506388406,0.0289558387217,0.0291465886474,0.0289024287425,0.0290016187039,0.0288642787574,0.028765088796,0.0288032387811,0.0288032387811,0.0286964188227,0.0285514488792,0.0281546890337,0.0282004690159,0.028223359007,0.0282615089921,0.0281775790248,0.0281470590367,0.0278113391675,0.0277960791734,0.0279791991021,0.0284446289208,0.0289024287425,0.0287879787871,0.028772718793,0.0285667088733,0.0289939887068,0.029032138692,0.0292457786088,0.0294441585315,0.0294670485226,0.0293907485523,0.0289939887068,0.029024508695,0.0290626586801,0.0290092487009,0.0289558387217,0.0293525985672,0.029299188588,0.0288490187633,0.028772718793,0.0288032387811,0.0289405787276,0.0290779186742,0.029299188588,0.029566238484,0.0294136385434,0.0289558387217,0.0291465886474,0.029566238484,0.029863808368,0.0299935183175,0.0301461182581,0.0300087783116,0.0300011483146,0.0300545582937,0.0302681982105,0.0304970981214,0.0301842682432,0.0301613782521,0.0302147882313,0.0299553683324,0.0296730584423,0.0295280884988,0.0294136385434,0.0290931786682,0.0292534086058,0.0293907485523,0.0294975685107,0.0295357184958,0.0294365285345,0.029581498478,0.029581498478,0.0298866983591,0.0298943283562,0.0303750181689,0.0299935183175,0.0302834582046,0.0308175579966,0.0309930479282,0.031206687845,0.0315576677083,0.0318018276132,0.0322748874289,0.033114187102,0.0330378871317,0.0337474768554,0.0339077067929,0.0339687467692,0.0344036565998,0.0346172965166,0.0345791465314,0.035273476261,0.035273476261,0.0349606463828,0.0354489661926,0.035548156154,0.0358762460262,0.0357999460559,0.0356473461154,0.0356244561243,0.0358457260381,0.0356931260975,0.0358991360173,0.0363111558568,0.0363111558568,0.0362730058717,0.0362119658954,0.0367765856755,0.036913925622,0.0370131155834,0.0372191255032,0.0372801654794,0.0369749655983,0.0369291856161,0.0369902255923,0.0373869854378,0.0372877954764,0.0368528856458,0.0367231756963,0.0368757756369,0.0369749655983,0.0369749655983,0.0376235153456,0.037440395417,0.0377379653011,0.0372496454913,0.0373946154348,0.0378371552624,0.0382110251168,0.038546744986,0.0385543749831,0.0389282448374,0.0388214248791,0.0387069749236,0.0388595748642,0.0393250046829,0.0394928646175,0.039347894674,0.0397751745076,0.0396683545492,0.0398514744779,0.0400727443917,0.0403550542817,0.0411256839815,0.0410036040291,0.0409120440648,0.0409425640529,0.0414461438567,0.0414537738538,0.0418963136814,0.0421938835655,0.0424838234526,0.0425677534199,0.0423846334912,0.0428576933069,0.043422313087,0.0440098228582,0.0440708628344,0.0445820726353,0.0449635724867,0.0451772124035,0.0452229923856,0.0456044922371,0.0462759319755,0.0465887618537,0.0468100317675,0.0473059815743,0.0479850513098,0.0479011213425,0.0479697913158,0.0487480510126,0.0490303609027,0.0497781006114,0.0502359004331,0.0507700002251,0.0513041000171,0.0516855998685,0.0520365797318,0.0525554195297,0.0531734492889,0.053463389176,0.0538219990363,0.0539593389828,0.0547986386559,0.0555158583766,0.0563780480408,0.0568816278446,0.057812487482,0.0589340970452,0.0597505067272,0.0601396365756,0.0612688761358,0.0621310657999,0.0627948755414,0.0633671253185,0.0646031848371,0.0658392443556,0.0663809741446,0.0672813137939,0.068662343256,0.0702036026557,0.0709894923496,0.0719279819841,0.0723247418295,0.0738736312262,0.0747587108815,0.0756743105249,0.0770858599751,0.0772003099305,0.0777496697165,0.0782608795174,0.0797258389468,0.0810687184237,0.0828846577164,0.0844640671012,0.0859137665366,0.087645775862,0.0893091152141,0.0913615844147,0.0929104738114,0.0954360028277,0.0968628122719,0.0983582916894,0.100273420944,0.101929130299,0.103401719725,0.104828529169,0.107430358156,0.109314967422,0.111252986667,0.113152855927,0.115129025157,0.118394663885,0.121149092812,0.123613581853,0.125841540985,0.128405219986,0.130434799196,0.133799627885,0.136294636913,0.139201665781,0.142505454494,0.144756303617,0.147037672729,0.149906551611,0.153149300348,0.156208929157,0.159184627998,0.162793616592,0.166791735035,0.169752173882,0.173200932538,0.176306341329,0.179709320003,0.183692178452,0.187820006844,0.192184365144,0.195862023712,0.198662232621,0.202667981061,0.206772919462,0.211389067664,0.216012845863,0.221132573869,0.224512662552,0.229311930683,0.233554209031,0.237979607307,0.242763615444,0.247288203681,0.251797531925,0.257291129785,0.262227737862,0.267088045969,0.273489613476,0.277686111841,0.282477749975,0.287544068002,0.293327605749,0.297897973969,