# R script for Peak Model
#  -- generated by MACS
p <- c(0.0364104974953,0.0424490935173,0.049069183971,0.0548841282884,0.0603859602195,0.0609227243104,0.0607438029467,0.0605201512422,0.0607438029467,0.0609227243104,0.0608332636286,0.0605201512422,0.0596702747651,0.0595808140833,0.0602070388559,0.0606543422649,0.0601175781741,0.0598939264696,0.0619067918102,0.0622199041966,0.0627566682874,0.0628013986283,0.0623988255602,0.0624435559011,0.0618173311284,0.0619067918102,0.0625777469238,0.0631592413555,0.0613252973785,0.0602964995377,0.0599833871514,0.0613252973785,0.0623988255602,0.0632039716964,0.0637854661282,0.0634723537418,0.0626224772647,0.0621751738557,0.0616384097648,0.0625777469238,0.0625777469238,0.0622646345375,0.0613252973785,0.0607885332876,0.0614594884012,0.0607438029467,0.0623988255602,0.0626672076056,0.064322230219,0.0646353426053,0.0637854661282,0.0639643874918,0.0649037246508,0.0648589943099,0.0640985785145,0.0642774998781,0.0630697806737,0.0628908593101,0.0626224772647,0.0613252973785,0.061101645674,0.0600728478332,0.0601175781741,0.0606543422649,0.0613252973785,0.0609674546513,0.0606990726058,0.0606990726058,0.0594466230605,0.0595808140833,0.060162308515,0.061101645674,0.0610569153331,0.0607885332876,0.0605201512422,0.0603412298786,0.0606543422649,0.0609227243104,0.0615936794239,0.061548949083,0.0608779939695,0.0605648815831,0.0603859602195,0.0603859602195,0.0602070388559,0.0617726007875,0.061996252492,0.0621751738557,0.0617726007875,0.0627566682874,0.0635170840828,0.0634723537418,0.0632039716964,0.0631592413555,0.0622646345375,0.0615042187421,0.0619515221511,0.0623093648784,0.0623093648784,0.0614147580603,0.061101645674,0.0604754209013,0.0612805670376,0.0605648815831,0.0619067918102,0.061548949083,0.0614594884012,0.0605648815831,0.0603859602195,0.0614594884012,0.0628908593101,0.061996252492,0.061548949083,0.0632487020373,0.0628908593101,0.0627566682874,0.0621751738557,0.0625777469238,0.0628013986283,0.0614594884012,0.0602964995377,0.0616831401057,0.0606990726058,0.0594913534015,0.0582836341971,0.0588203982879,0.0591782410151,0.0597597354469,0.0602517691968,0.0606990726058,0.0614147580603,0.0612358366967,0.0613252973785,0.0627119379465,0.0641433088554,0.0640538481736,0.0630697806737,0.0615936794239,0.0621304435147,0.0625330165829,0.0620409828329,0.0613700277194,0.0625330165829,0.0615936794239,0.0609674546513,0.061548949083,0.0625777469238,0.0632934323782,0.0622199041966,0.0616384097648,0.0618173311284,0.0631145110146,0.0626672076056,0.0632039716964,0.0623540952193,0.0621304435147,0.0612358366967,0.0619515221511,0.0623540952193,0.0631592413555,0.0627119379465,0.0628908593101,0.0628908593101,0.0619515221511,0.06338289306,0.0629803199919,0.0632039716964,0.0626672076056,0.0625330165829,0.061548949083,0.0615936794239,0.0605201512422,0.0602070388559,0.0601175781741,0.0590887803333,0.0602070388559,0.0607438029467,0.0616384097648,0.0618620614693,0.0622199041966,0.0628908593101,0.0632487020373,0.0638301964691,0.0634723537418,0.0653062977189,0.0641433088554,0.0644564212417,0.0645458819235,0.064769533628,0.0659772528324,0.0663350955597,0.0661114438551,0.066200904537,0.0670060506732,0.0661561741961,0.0672744327186,0.0669165899914,0.065708870787,0.065708870787,0.0644116909008,0.0633381627191,0.0634723537418,0.0634276234009,0.0644564212417,0.0642774998781,0.0644116909008,0.0639196571509,0.0648142639689,0.0641433088554,0.0647248032871,0.0657536011279,0.0651273763553,0.0654404887416,0.0644116909008,0.064322230219,0.0636512751055,0.0648589943099,0.0649931853326,0.0652168370371,0.0657536011279,0.0663350955597,0.0676770057868,0.0671402416959,0.0675428147641,0.068482151923,0.0688399946503,0.0686163429457,0.067587545105,0.0677664664686,0.0666034776051,0.0649931853326,0.0653957584007,0.065261567378,0.0661561741961,0.0651273763553,0.0650826460144,0.0653957584007,0.0657983314688,0.0672744327186,0.0671849720368,0.0677664664686,0.067587545105,0.0676770057868,0.0662456348779,0.0669613203323,0.0670507810141,0.067095511355,0.0669165899914,0.0666034776051,0.0673191630595,0.0672744327186,0.0674980844232,0.0687058036275,0.0691083766957,0.0696898711274,0.0699135228319,0.0691978373775,0.0699135228319,0.0687952643093,0.0686163429457,0.0678559271504,0.0662456348779,0.0656194101052,0.0657536011279,0.0654404887416,0.0654852190825,0.0665140169233,0.0678559271504,0.0685268822639,0.069421489082,0.0699135228319,0.0715685454454,0.0719711185135,0.0726868039679,0.0729999163543,0.0725526129452,0.0724631522634,0.0720605791953,0.072194770218,0.0723736915816,0.0720605791953,0.0729551860134,0.0733577590815,0.0725526129452,0.0725078826043,0.072642073627,0.0723289612407,0.0705844779455,0.0706739386273,0.0695556801047,0.0697793318092,0.0691083766957,0.0681243091958,0.0679453878322,0.0679453878322,0.0679901181731,0.0674980844232,0.0691531070366,0.0683926912412,0.0696004104456,0.0713896240817,0.0741629052177,0.077294029081,0.0811408383987,0.0833326251029,0.088879187375,0.0974226824875,0.105295222486,0.113659796235,0.122605864416,0.129494336915,0.134504135096,0.140184888391,0.144747383163,0.149891372367,0.152217350094,0.153738181685,0.154319676117,0.155572125662,0.153290878276,0.153827642367,0.152709383844,0.152619923162,0.152888305208,0.15253046248,0.152396271458,0.150472866799,0.149578259981,0.149488799299,0.150964900549,0.151233282594,0.153335608617,0.15302249623,0.151635855662,0.152396271458,0.152843574867,0.153380338958,0.152441001799,0.151859507367,0.152754114185,0.154140754753,0.153335608617,0.155035361571,0.156332541457,0.156243080775,0.155616856003,0.156153620094,0.156914035889,0.157629721343,0.156914035889,0.15597469873,0.155169552594,0.154096024412,0.15449859748,0.154274945776,0.156332541457,0.154588058162,0.154140754753,0.154364406457,0.154140754753,0.153559260321,0.153603990662,0.15449859748,0.154588058162,0.154722249185,0.154766979526,0.155661586344,0.156511462821,0.155080091912,0.155303743616,0.155348473957,0.156869305548,0.156019429071,0.156064159412,0.157584991002,0.156511462821,0.157629721343,0.15843486748,0.158613788843,0.158882170889,0.157898103389,0.157048226912,0.157227148275,0.156332541457,0.154901170548,0.156243080775,0.154677518844,0.154274945776,0.15449859748,0.153738181685,0.154364406457,0.154677518844,0.154588058162,0.154543327821,0.155572125662,0.153872372708,0.155080091912,0.153469799639,0.153246147935,0.154409136798,0.154185485094,0.154096024412,0.15351452998,0.153693451344,0.153961833389,0.154140754753,0.154453867139,0.156332541457,0.157495530321,0.157092957253,0.158255946116,0.15843486748,0.157763912366,0.15794283373,0.15695876623,0.15695876623,0.157584991002,0.157361339298,0.155751047025,0.155035361571,0.155795777366,0.155616856003,0.156422002139,0.157674451684,0.159866238389,0.158837440548,0.156332541457,0.156377271798,0.157137687593,0.157316608957,0.156690384184,0.156735114525,0.156511462821,0.157137687593,0.156243080775,0.158479597821,0.160760845207,0.160179350775,0.160537193502,0.160179350775,0.160000429411,0.160268811457,0.160537193502,0.16093976657,0.160805575548,0.159597856343,0.159687317025,0.158747979866,0.157406069639,0.158300676457,0.158524328161,0.158569058502,0.160000429411,0.158479597821,0.158792710207,0.160045159752,0.160492463161,0.162460598161,0.165681182706,0.166083755774,0.167470396342,0.167828239069,0.16738093566,0.167828239069,0.167694048047,0.167694048047,0.16688890191,0.16738093566,0.166709980547,0.165949564751,0.164026160093,0.16389196907,0.162326407138,0.164339272479,0.16487603657,0.164965497252,0.165994295092,0.166665250206,0.166262677138,0.166844171569,0.168454463842,0.16885703691,0.16984110441,0.169259609978,0.169214879637,0.169170149296,0.169706913387,0.168991227933,0.170020025774,0.17180923941,0.173732644069,0.175029823955,0.17775837475,0.176684846568,0.175477127364,0.176327003841,0.176684846568,0.177221610659,0.178116217477,0.178518790545,0.178518790545,0.179145015318,0.179010824295,0.179055554636,0.180844768272,0.181649914408,0.181784105431,0.183394397704,0.183126015658,0.182947094295,0.180934228954,0.181157880659,