# R script for Peak Model
#  -- generated by MACS
p <- c(0.0151674063477,0.0177053070143,0.0203572032191,0.0227511095216,0.0252710108926,0.0251270165286,0.0251330162937,0.0251990137106,0.0252050134758,0.0252710108926,0.0254510038477,0.0255769989163,0.025427004787,0.0255589996208,0.0256309968028,0.0256309968028,0.0257749911668,0.0257329928107,0.0255350005601,0.0254690031432,0.0253670071353,0.025037020051,0.024929024278,0.0248210285049,0.0245570388375,0.0245630386027,0.0244850416555,0.0244610425948,0.0244910414206,0.0245690383678,0.0245150404813,0.0244970411858,0.0245630386027,0.024647035315,0.0248510273308,0.0247850299139,0.0247970294443,0.024893025687,0.0250970177027,0.0252110132409,0.0252230127713,0.0251570153544,0.0253070094836,0.025247011832,0.0253130092488,0.0252650111275,0.0250730186421,0.0251510155892,0.0250250205207,0.0249770223993,0.0248510273308,0.0248990254521,0.0247670306184,0.0246830339061,0.0246050369589,0.0247430315577,0.0248210285049,0.0248390278005,0.0248990254521,0.0246890336712,0.0249830221645,0.0249950216949,0.0249770223993,0.0248690266263,0.0249230245128,0.0248450275656,0.0248210285049,0.024503040951,0.0243050487004,0.0242390512835,0.0239390630251,0.0242750498745,0.0243290477611,0.0245330397768,0.0247070329667,0.0247430315577,0.0249350240432,0.024965022869,0.0250430198162,0.0252950099533,0.0252950099533,0.0249170247477,0.0249050252173,0.024929024278,0.0246230362544,0.0245570388375,0.0246530350802,0.0248090289746,0.0247790301488,0.0247970294443,0.0248030292094,0.0248750263915,0.0248390278005,0.0247850299139,0.0248690266263,0.0248510273308,0.0246710343757,0.0246170364892,0.0246170364892,0.0246350357847,0.024503040951,0.0246950334364,0.0247430315577,0.0249050252173,0.0247430315577,0.0249410238083,0.0248990254521,0.0248990254521,0.0250070212252,0.0251150169982,0.0252650111275,0.0253490078398,0.0255649993859,0.0256069977421,0.0259129857657,0.0259609838871,0.0259609838871,0.0259609838871,0.025816989523,0.0257149935152,0.0258469883489,0.0258829869399,0.025636996568,0.0255889984466,0.0255889984466,0.0254090054915,0.0255410003252,0.0255589996208,0.0258289890534,0.0260509803646,0.0259489843568,0.0259009862354,0.0260509803646,0.0261169777815,0.0262129740242,0.0264409651006,0.0263329693276,0.0265489608737,0.026452964631,0.0259189855309,0.0260149817736,0.0260389808343,0.0258589878792,0.0257989902275,0.0256969942196,0.0257989902275,0.0262729716759,0.0260809791905,0.026452964631,0.0268189503063,0.0268549488973,0.0269749442007,0.0271009392692,0.0271969355119,0.0270829399737,0.0270409416175,0.0268069507759,0.0269089467838,0.0266269578209,0.0267589526546,0.0269389456097,0.0266569566467,0.0266389573512,0.0268009510108,0.0268129505411,0.0269209463142,0.0270109427917,0.0269689444355,0.0271429376254,0.0270949395041,0.026914946549,0.0270169425569,0.0273229305805,0.0272749324591,0.0273949277625,0.0272749324591,0.0271369378603,0.0272869319895,0.0272809322243,0.0273229305805,0.0273949277625,0.0274729247097,0.0273289303457,0.0273349301108,0.0273289303457,0.0274069272929,0.027622918839,0.0276289186041,0.0276409181345,0.027730914612,0.0280969002873,0.0284088880761,0.0284928847885,0.0285228836143,0.0286428789177,0.028828871638,0.0290148643582,0.0291888575481,0.0290988610706,0.0290328636537,0.028936867411,0.0291648584874,0.0292248561391,0.0292128566088,0.0292068568436,0.0292068568436,0.0292488551998,0.028972866002,0.0293568509729,0.0296148408751,0.0294648467459,0.0292728542605,0.0293808500335,0.0296268404055,0.0297108371178,0.0296508394661,0.0296508394661,0.030034824437,0.0297948338302,0.0297288364133,0.0298548314819,0.0298428319516,0.0298488317167,0.0297708347695,0.0298848303077,0.029788834065,0.0297648350044,0.0297948338302,0.0299268286639,0.0301128213842,0.0302688152786,0.0302868145741,0.0302328166876,0.0302508159831,0.0305448044764,0.0308507925,0.0308687917955,0.0308207936741,0.0307067981359,0.0308027943786,0.0309167899168,0.0310127861595,0.0312887753573,0.031666760563,0.0315047669034,0.0313187741832,0.0313187741832,0.0314867676079,0.0318167546922,0.0317087589192,0.0315467652596,0.0316607607978,0.0318587530484,0.0315887636158,0.0319547492911,0.0321107431855,0.0323087354361,0.032374732853,0.0325067276867,0.0326387225204,0.0330527063171,0.0329987084306,0.0327887166496,0.0327767171193,0.0329327110137,0.0331487025598,0.0332506985677,0.0333826934014,0.0333946929317,0.0333646941059,0.0334906891744,0.0335506868261,0.0336406833037,0.0338086767284,0.033370693871,0.0336466830688,0.0335266877654,0.033370693871,0.0334846894093,0.0338146764936,0.0338086767284,0.0340246682745,0.0344146530105,0.0347326405644,0.0350206292926,0.0348826346937,0.0351046260049,0.035248620369,0.0352966184904,0.0353986144982,0.0353986144982,0.0354286133241,0.0351526241263,0.0351346248308,0.0356806034612,0.0360225900758,0.0361965832657,0.0365985675321,0.0369945520332,0.0369885522681,0.0373785370041,0.0378285193918,0.038368498257,0.0386804860458,0.0387644827581,0.0389324761829,0.039328460684,0.0397724433066,0.0399704355572,0.0407024069078,0.0410623928179,0.0414283784933,0.0414823763798,0.0420763531315,0.0424783373979,0.0431323118013,0.0435642948935,0.0437382880834,0.0440502758722,0.0440562756374,0.0443862627217,0.0444882587296,0.0451182340723,0.0452202300802,0.0454182223308,0.0454482211566,0.0456162145814,0.0459462016657,0.0462341903938,0.0463181871062,0.0462641892196,0.0468341669107,0.0470501584568,0.0473261476546,0.0476201361479,0.0481661147783,0.0484781025671,0.0491320769705,0.049432065229,0.0498880473818,0.0504280262471,0.0503740283605,0.0509440060516,0.051207995719,0.0516699776371,0.051525983273,0.051843970827,0.0521199600248,0.0526899377158,0.0534279088316,0.0538118938025,0.0546338616307,0.0548018550554,0.0553658329813,0.0553958318071,0.056349794469,0.0569137723949,0.05709376535,0.057447751495,0.0576817423366,0.0585397087558,0.0588396970143,0.0596796641379,0.0602016437077,0.0614135962718,0.0620015732584,0.062481554472,0.0631175295799,0.0635915110283,0.0645154748643,0.0648214628879,0.065637430951,0.066207408642,0.0668973816365,0.0672093694253,0.0674013619107,0.0682053304434,0.0687333097783,0.0696392743188,0.0704132440256,0.0713792062179,0.0716791944763,0.0721411763944,0.0731251378821,0.0737911118159,0.0747630737733,0.0754830455936,0.0767069976881,0.0773909709174,0.0778949511916,0.0786209227771,0.0795628859086,0.0807868380032,0.0818727954988,0.0828027591,0.08404471049,0.0850166724474,0.0853886578879,0.0864626158532,0.0876925677129,0.0886585299051,0.0894744979681,0.0900624749547,0.0904764587514,0.0910104378515,0.0919644005134,0.0929123634101,0.0939263237237,0.0948502875597,0.0956422565621,0.0965722201633,0.0983481506534,0.0990561229433,0.100604062357,0.10249998815,0.103315956213,0.104689902437,0.106087847722,0.107659786196,0.109123728897,0.110557672773,0.111781624867,0.113935540563,0.114901502755,0.11577746847,0.117091417042,0.118441364205,0.120319290703,0.121501244441,0.122299213209,0.123103181741,0.125047105656,0.126415052115,0.128448972507,0.130050909807,0.131694845464,0.133740765386,0.134724726874,0.136548655486,0.138636573765,0.141156475136,0.142068439441,0.144336350675,0.14682625322,0.149202160227,0.151932053379,0.153983973067,0.156239884771,0.158537794831,0.160781707004,0.163781589589,0.166289491429,0.168041422859,0.169259375188,0.171035305678,0.172571245561,0.174143184036,0.176735082589,0.179446976445,0.182308864431,0.184228789285,0.186634695118,0.189166596019,0.19148850514,0.195322355083,0.198544228979,0.201706105223,0.204687988512,0.207045896224,0.21027976965,0.2127516729,0.21559556159,0.219027427266,0.222393295526,0.224673206291,0.227793084179,0.230570975452,0.233492861089,0.237116719252,0.239822613343,0.243434471975,0.246848338356,0.249956216714,0.253628072997,0.256891945249,0.260365809282,0.264265656642,0.267991510812,0.271351379307,0.274957238174,0.278839086238,0.282822930311,0.287202758884,0.291396594737,0.296232405464,0.299316284761,0.302928143392,0.306564001085,0.310721838347,0.314711682185,0.317981554202,0.321857402501,0.32483928579,0.329129117886,0.333178959376,