# R script for Peak Model
#  -- generated by MACS
p <- c(0.0161814945128,0.0187289138263,0.0215346629858,0.0241968955641,0.0266438532709,0.0265290400061,0.0265218641771,0.0265362158352,0.0262635343312,0.0265362158352,0.0264142267413,0.0266869082453,0.0266079741257,0.0267658423648,0.027067227185,0.0271605129627,0.0274618977829,0.0274977769282,0.0276412935092,0.0275336560734,0.0275695352187,0.0273542603471,0.0273973153214,0.0272753262275,0.027339908689,0.0273255570309,0.0271820404499,0.0271892162789,0.0272394470823,0.0269380622621,0.027067227185,0.0270313480398,0.0268519523135,0.0267156115615,0.0267084357324,0.0266438532709,0.026923710604,0.026930886433,0.0268160731682,0.0269524139202,0.0267586665358,0.0267227873905,0.0269093589459,0.0270169963817,0.0269380622621,0.0269165347749,0.026658204929,0.0267514907067,0.0268878314587,0.0267371390486,0.0267658423648,0.0272466229113,0.0272609745694,0.0273757878343,0.0273757878343,0.027619766022,0.0275910627058,0.0275408319025,0.0275480077315,0.0274260186376,0.0277417551159,0.0275767110477,0.0273255570309,0.0273183812019,0.0275767110477,0.0273614361762,0.0275336560734,0.0274834252701,0.0275336560734,0.0277919859193,0.0274260186376,0.0271389854755,0.0271031063303,0.0269667655783,0.0267514907067,0.026787369852,0.0269452380911,0.0269380622621,0.0270456996979,0.027203567937,0.02733273286,0.0274260186376,0.0276269418511,0.027748930945,0.0280359641071,0.0281292498848,0.027885271697,0.0280072607909,0.0279498541585,0.0279426783294,0.0277058759707,0.0278206892355,0.0278422167227,0.0275982385349,0.0273542603471,0.0273542603471,0.0275767110477,0.0276412935092,0.0276699968254,0.0275336560734,0.0277058759707,0.0281292498848,0.0282225356624,0.0285095688245,0.0286028546022,0.0287894261576,0.0289616460548,0.0290836351487,0.0288970635933,0.0290836351487,0.0294424266013,0.0292271517297,0.0294998332337,0.0297007564472,0.0298012180539,0.0298299213701,0.0296648773019,0.0295787673533,0.0296361739857,0.0299088554897,0.0298586246863,0.0298801521735,0.0299375588059,0.0300164929255,0.0300667237289,0.0300738995579,0.030224591968,0.0301958886518,0.0302030644809,0.0300021412674,0.0299016796607,0.0299734379512,0.0300451962417,0.0301743611646,0.030497273472,0.0304542184977,0.0305116251301,0.0306264383949,0.0308273616084,0.0308201857793,0.030913471557,0.0307843066341,0.0307269000017,0.030640790053,0.0304183393524,0.0305833834206,0.0306264383949,0.0307484274888,0.0308417132665,0.0312005047191,0.0312650871806,0.0314731862231,0.0314086037616,0.0313009663258,0.0313153179839,0.0316669336075,0.0320903075216,0.0323558131965,0.0325854397262,0.032700252991,0.0333532534348,0.0335613524773,0.0338340339813,0.0344081003055,0.0343865728183,0.0345229135703,0.0346018476899,0.0347955950743,0.035025221604,0.0353840130566,0.035175914014,0.0354557713471,0.0353840130566,0.0355203538086,0.0358791452612,0.0356710462187,0.0355131779795,0.0353481339113,0.0354342438599,0.0354270680309,0.0358360902869,0.0361015959618,0.0365034423887,0.03626664003,0.0364819149016,0.0367258930893,0.0370416295676,0.0373501902169,0.0375582892594,0.0374291243365,0.0372856077554,0.0376515750371,0.0376300475499,0.0379816631735,0.0379457840282,0.0384983228652,0.0388140593435,0.0387781801983,0.0383906854295,0.0385485536686,0.0385700811558,0.038060597293,0.0384193887457,0.0385413778395,0.0386848944206,0.0385629053267,0.0384767953781,0.0389288726084,0.0395172905907,0.0400483019405,0.0403138076154,0.0407443573586,0.0407515331876,0.0406941265552,0.0409309289139,0.0408735222815,0.0408448189653,0.0408376431363,0.0407802365038,0.0407084782133,0.0410887971531,0.0410600938369,0.0412466653922,0.0417202701097,0.0417848525712,0.0420575340751,0.0423732705534,0.0427177103479,0.0429760401938,0.0432558975269,0.0427392378351,0.043270249185,0.043413765766,0.0432630733559,0.0433491833045,0.0437869088767,0.0439950079192,0.044102645355,0.0444470851495,0.0445690742434,0.0452866571486,0.0451431405676,0.045466052875,0.0459181301052,0.0462338665835,0.0458248443276,0.0457674376951,0.0456813277465,0.0459181301052,0.0460042400539,0.0458535476438,0.0458750751309,0.0459827125667,0.0457889651823,0.0456956794046,0.0462769215579,0.046578306378,0.0470447352664,0.0469658011469,0.0468294603949,0.0476188015906,0.0478914830946,0.0480206480175,0.0481282854533,0.0487884617261,0.0489893849396,0.0491687806659,0.0491544290078,0.0494916929733,0.0500872867846,0.050001176836,0.0502595066818,0.0503743199467,0.0510703753647,0.0511277819972,0.0513287052106,0.0511493094843,0.0514004635012,0.0515655075694,0.0517449032957,0.0519099473639,0.0517305516376,0.0520462881159,0.0523117937908,0.0527925743373,0.052756695192,0.0532374757385,0.0538761245242,0.0539765861309,0.0538617728661,0.053847421208,0.0543210259254,0.0544286633612,0.0548520372753,0.0547587514976,0.0551821254117,0.0556772576163,0.0558423016845,0.0563589613762,0.0575357973408,0.0581600944684,0.0588417982283,0.0595665569626,0.0599325242443,0.0608940853373,0.0620422179856,0.0631544714887,0.0637357136419,0.0645250548377,0.0650058353842,0.0660463305968,0.0671011774674,0.0676752437916,0.0681775518253,0.0685650465941,0.0686583323718,0.0685865740812,0.0686583323718,0.0691391129183,0.0694763768837,0.0697992891911,0.0698925749688,0.0707034436517,0.0713205649502,0.0714138507278,0.0719448620777,0.07253328006,0.0734876653239,0.0739899733576,0.0742124240582,0.0751165785188,0.0759633263469,0.0764656343806,0.0768674808075,0.0775778878837,0.0784820423443,0.0794292517792,0.0802401204621,0.0806634943762,0.0815174180334,0.0814026047685,0.0817542203921,0.0822995834001,0.0829956388181,0.0840935406631,0.084351870509,0.0844810354319,0.0852990799439,0.086131476114,0.0867270699253,0.0874805319758,0.088341631462,0.0894682366233,0.0905804901263,0.0906235451007,0.0909679848952,0.0920945900564,0.0921950516631,0.0932283710466,0.094383679524,0.0955031088562,0.0961202301547,0.0962135159323,0.0963857358296,0.0976415059137,0.0989905617756,0.100160221911,0.101243772098,0.101487750286,0.101896772542,0.102449311379,0.103224300916,0.10417868618,0.105420104606,0.105994170931,0.106812215442,0.107278644331,0.107465215886,0.108835799235,0.109804536157,0.110794800566,0.111419097694,0.111942933215,0.112337603813,0.11372253882,0.114346835947,0.115279693724,0.116399123056,0.116585694612,0.117389387465,0.118078267055,0.118745619156,0.119908103463,0.121501137512,0.121687709068,0.122663621819,0.12288607252,0.124213600894,0.125871217405,0.126732316891,0.127830218736,0.128798955659,0.130083429059,0.131159803417,0.132236177775,0.132709782492,0.134898410353,0.135077806079,0.135716454865,0.137065510727,0.137381247205,0.139189556126,0.139971721493,0.140466853697,0.142224931815,0.14363139431,0.143868196668,0.145805670512,0.146566308392,0.147391528733,0.149171134338,0.149931772217,0.151259300592,0.152163455053,0.153569917547,0.154646291905,0.155679611288,0.157057370466,0.158901558533,0.159475624857,0.160688339967,0.161585318598,0.162381835623,0.163924638869,0.163709363998,0.165639662013,0.167369036814,0.168789850967,0.170016917735,0.171724765049,0.172514106245,0.174193250243,0.175743229318,0.177006175231,0.179173275605,0.18027117745,0.181763749893,0.18352900384,0.185157917035,0.187023632588,0.189750447628,0.19186014137,0.193855021846,0.196151287143,0.198361442491,0.200341971309,0.202100049427,0.203384522827,0.205121073458,0.207661316943,0.209692076564,0.212167737587,0.21388993656,0.215734124626,0.218260016453,0.220563457579,0.223039118602,0.225155988172,0.226942769606,0.228772606014,0.230573739106,0.231980201601,0.234534796743,0.236759303749,0.238983810756,0.241237021078,0.242987923367,0.245226782031,0.248298036865,0.251469753306,0.253385699663,0.256621998566,0.259334461948,0.262233496885,0.264034629977,0.266926489085,0.270026447236,0.271841931986,0.274575922855,0.277001353074,0.280345289413,0.283179741888,0.286136183458,0.289006515079,0.291912725845,0.294280749432,0.297395059241,0.301671853356,0.305216712908,0.308840506579,0.311775420661,0.314215202539,0.316848731801,0.320178316482,0.324146549948,0.328028673465,0.331523302213,0.334451040467,