# R script for Peak Model
#  -- generated by MACS
p <- c(0.0145708579908,0.0168068890283,0.0191712169287,0.0215355448291,0.0239640211609,0.0240556617772,0.0241931227017,0.0240281695923,0.0238815446063,0.0237990680516,0.0235608024492,0.0239090367911,0.0239640211609,0.0238907086679,0.0242572711331,0.0240006774074,0.0243030914412,0.0245413570436,0.0248987554471,0.0247796226459,0.0250637085564,0.0249537398169,0.024852935139,0.0250820366797,0.0247154742145,0.025100364803,0.0249629038785,0.0249170835704,0.0249812320018,0.0254027788367,0.0252836460356,0.0253386304053,0.0256502085007,0.0255494038228,0.0256593725624,0.0254852553914,0.0256318803775,0.0256043881926,0.0254577632065,0.0253844507135,0.0250178882483,0.0250545444948,0.0249629038785,0.024752130461,0.024926247632,0.0249720679402,0.024926247632,0.024852935139,0.0250820366797,0.0248987554471,0.0250453804332,0.0253294663437,0.0254669272681,0.0256960288089,0.0256318803775,0.0256502085007,0.0255402397612,0.0256502085007,0.0253661225902,0.025347794467,0.0255585678844,0.0250912007413,0.0246238335982,0.0246879820296,0.0244955367354,0.0245596851668,0.0245138648587,0.0244863726738,0.0247429663994,0.0250545444948,0.025100364803,0.0251553491727,0.0253844507135,0.0252561538507,0.0253661225902,0.0251553491727,0.0253752866518,0.0253569585286,0.0254302710216,0.0252561538507,0.0250178882483,0.0250637085564,0.025173677296,0.0250912007413,0.0252744819739,0.0253569585286,0.0249445757553,0.0255035835147,0.0253386304053,0.0249720679402,0.0251645132344,0.024752130461,0.0246238335982,0.0248162788925,0.0247063101529,0.0245780132901,0.0250270523099,0.024358075811,0.0241564664551,0.0243672398726,0.0242755992563,0.0247154742145,0.0246238335982,0.0245780132901,0.0244680445505,0.0244038961191,0.0241014820854,0.0243855679959,0.0246329976599,0.0246513257831,0.0248071148308,0.0250637085564,0.0252286616658,0.0253752866518,0.0254577632065,0.0255035835147,0.0255310756995,0.0255035835147,0.0251370210495,0.0252653179123,0.0253386304053,0.0252011694809,0.0254577632065,0.0254394350833,0.0252194976041,0.0255035835147,0.0253844507135,0.0252286616658,0.0256502085007,0.0254394350833,0.0251461851111,0.0247704585843,0.0245505211052,0.0248895913855,0.0253111382204,0.025246989789,0.0252286616658,0.0252744819739,0.0249079195087,0.0249537398169,0.0250728726181,0.0252836460356,0.025246989789,0.0249903960634,0.024852935139,0.0248620992006,0.0253294663437,0.0254302710216,0.0258151616101,0.0262458725066,0.0265299584172,0.0268690286974,0.0272814114708,0.0274463645801,0.0276113176894,0.0276388098743,0.0275105130115,0.0274921848882,0.0275563333196,0.0274005442719,0.0274463645801,0.0275563333196,0.0275196770731,0.0273730520871,0.0271622786696,0.0272722474091,0.027473856765,0.0275838255045,0.0275654973813,0.0279412239081,0.0281886535721,0.0283536066814,0.0284819035442,0.0286560207152,0.029105059735,0.0296182471863,0.0296915596793,0.0298106924805,0.0301131065143,0.0300856143294,0.0301039424526,0.030168090884,0.0304430127329,0.0309012158144,0.0312127939098,0.0308920517528,0.0310570048621,0.0314968798203,0.0315610282517,0.0316068485598,0.0314693876354,0.0318726063471,0.0320467235181,0.0318176219773,0.0314418954505,0.0319092625936,0.0321841844425,0.0324957625379,0.0326332234623,0.0329264734345,0.0332013952834,0.0330456062357,0.0328348328182,0.0330914265438,0.0337329108579,0.0340994733231,0.0342460983091,0.0340903092614,0.0347959420069,0.0349608951162,0.0349700591778,0.0352541450884,0.0355748872454,0.0358223169094,0.0357306762931,0.0358498090943,0.0358773012792,0.0360147622036,0.0359231215873,0.0358773012792,0.0364546371618,0.0360880746966,0.0363813246688,0.0361247309432,0.0360422543885,0.0361705512513,0.0364363090386,0.0369220043049,0.0369494964898,0.0372244183387,0.0372610745852,0.0376459651736,0.0377650979748,0.0379208870225,0.0380491838853,0.0379025588993,0.0378567385911,0.0374076995713,0.037141941784,0.0369036761817,0.0370228089828,0.0369678246131,0.0368578558735,0.0370503011677,0.03689451212,0.0369036761817,0.0368395277502,0.0370503011677,0.0371602699073,0.0373435511399,0.0373802073864,0.0375818167422,0.0373435511399,0.037141941784,0.0371511058456,0.0370777933526,0.0373710433248,0.0372519105236,0.0370044808596,0.0368853480584,0.03689451212,0.0369586605514,0.0369403324282,0.0369403324282,0.0372427464619,0.0371511058456,0.0367203949491,0.0364179809153,0.0366745746409,0.0366104262095,0.036152223128,0.0356940200466,0.0358864653408,0.0357673325396,0.0356940200466,0.035584051307,0.0354099341361,0.0356481997384,0.0353182935198,0.0352541450884,0.0350525357325,0.0349608951162,0.0344843639115,0.0345668404662,0.0343194108022,0.0342552623708,0.0342277701859,0.0342460983091,0.0342094420626,0.0341911139393,0.0342827545556,0.0341178014463,0.0339711764602,0.0340536530149,0.0341178014463,0.0339711764602,0.0340811451998,0.0338886999056,0.0340994733231,0.0341911139393,0.0343927232952,0.0346034967127,0.0349792232395,0.0349150748081,0.0351258482255,0.0358681372175,0.0358131528478,0.0362346996827,0.0361705512513,0.0362805199909,0.0364363090386,0.0365279496548,0.0370319730445,0.0373527152015,0.0374260276945,0.0370961214759,0.0376001448655,0.0375818167422,0.0379850354539,0.0381041682551,0.0378750667144,0.0381683166865,0.0379208870225,0.0381499885633,0.0382507932412,0.0380125276388,0.0379117229609,0.037710113605,0.0376734573585,0.0374810120643,0.0379117229609,0.0380308557621,0.0382691213644,0.0379758713923,0.0378567385911,0.0384340744738,0.0385348791517,0.0390480666029,0.0388372931855,0.0391763634657,0.0392954962669,0.03936880876,0.0390755587878,0.0393871368832,0.0396437306088,0.0395704181158,0.0395704181158,0.039194691589,0.0392588400204,0.0396070743623,0.0396528946705,0.0397353712251,0.0402760508613,0.0406701055113,0.0407434180044,0.0410824882847,0.0415223632429,0.0418064491534,0.0424204412826,0.0421638475569,0.0423013084814,0.0426128865768,0.0429336287338,0.0431718943362,0.0438500348967,0.0442990739166,0.0443998785945,0.0448397535527,0.0449680504155,0.0454445816203,0.0455270581749,0.0460860659343,0.046095229996,0.0460585737494,0.0459394409483,0.0464343002762,0.0469291596042,0.0475614798567,0.0479372063835,0.0482854407254,0.0489544172243,0.0491926828267,0.0502557139757,0.0508605420432,0.0511904482619,0.0510071670293,0.051337073248,0.0515753388503,0.0523451200272,0.0535547761623,0.0541504401682,0.054773596359,0.0549202213451,0.0551309947626,0.0562031899732,0.0572937133071,0.0582467757166,0.0592639865574,0.0598229943168,0.0599512911796,0.0602262130285,0.0605836114321,0.0609593379589,0.0618390878753,0.0622331425254,0.0625447206208,0.0632595174278,0.0633969783523,0.0639743142349,0.064689111042,0.0659629156085,0.0667326967854,0.0676857591949,0.0687579544055,0.0693811105963,0.0704166495604,0.0709664932582,0.0715713213257,0.0725702040433,0.0732758367888,0.0734132977132,0.0740272898424,0.0747237585262,0.0752369459775,0.0765748989754,0.0775646176314,0.0784260394245,0.0797181721143,0.0803779845516,0.0815326563169,0.083136367102,0.0841810701278,0.0856748121734,0.0871410620341,0.0881124525668,0.0890288587298,0.0900918898788,0.0919980146977,0.0936200536061,0.0951229597133,0.0966441939438,0.0990360140291,0.100117373301,0.102005169997,0.103278974563,0.105111786889,0.107301997619,0.108557474062,0.110316973895,0.111911520618,0.113625200143,0.114724887539,0.117034231069,0.118601285608,0.121414652528,0.123210808607,0.124906160009,0.126674823903,0.128773394017,0.131247690656,0.133886940406,0.135994674581,0.138450643097,0.141199861586,0.143610009795,0.146753282933,0.150143985736,0.153571344786,0.156833750726,0.159793742632,0.162891195463,0.166996695073,0.170698975971,0.174162991267,0.177911092473,0.181246810907,0.184426740292,0.188174841498,0.19155638024,0.195762684528,0.200152270048,0.20426693372,0.208299120837,0.211854776749,0.216345166947,0.221128807118,0.226086564459,0.230512806226,0.235452235445,0.240437484971,0.244277226794,0.248932570101,0.252405749459,0.2573635068,0.261789748567,0.266481748122,0.271118763306,0.276809645578,0.282473035665,0.288063113259,0.293854800209,0.298803393489,