# R script for Peak Model
#  -- generated by MACS
p <- c(0.0169790987323,0.0198171286684,0.0226522714936,0.0255538178677,0.0285823971179,0.02866034911,0.0288018175402,0.0288480113133,0.0291598192819,0.029462965918,0.0296621765646,0.029751677,0.0299451134249,0.0300981302984,0.0300490494144,0.0299826458656,0.0299451134249,0.0301443240715,0.030216501842,0.0301905178446,0.0301587596256,0.030184743623,0.0301991791771,0.0303204378315,0.0304041640453,0.0304878902591,0.0305023258132,0.0303666316046,0.0303060022774,0.0303031151666,0.0304907773699,0.0307419560112,0.0307708271194,0.0307592786761,0.0309122955496,0.031082635088,0.031290507067,0.0314435239405,0.0313511363942,0.0315070403785,0.0314608466054,0.0314550723838,0.0315907665923,0.0315994279248,0.0315561212625,0.0313886688349,0.0313540235051,0.0313626848375,0.0315907665923,0.0314521852729,0.0315647825949,0.0315099274893,0.0313828946133,0.0313424750618,0.0313511363942,0.0314550723838,0.0313049426211,0.0312731844021,0.0311663613018,0.0313944430565,0.0314204270539,0.0316485088087,0.0316196377005,0.0316196377005,0.0317091381359,0.0317120252467,0.0319401070015,0.0320411558802,0.0321710758671,0.0320729140992,0.032061365656,0.0318275096795,0.0319949621071,0.0321017852074,0.0320758012101,0.0321970598645,0.0320382687694,0.0319545425556,0.0318621550094,0.0319776394422,0.0320758012101,0.0320065105504,0.0320209461045,0.0320267203261,0.0317524447982,0.0316716056953,0.0317062510251,0.0316658314736,0.0317784287956,0.0316658314736,0.0315503470408,0.0316167505897,0.0315705568166,0.0316485088087,0.032012284772,0.0320382687694,0.0321537532022,0.032188398532,0.032205721197,0.032269237635,0.0323876091786,0.0325030936114,0.0326359007091,0.0325406260521,0.0323443025163,0.0324309158409,0.0323702865137,0.0324482385058,0.0323933834003,0.0325694971603,0.0326561104849,0.0326532233741,0.032526190498,0.0325204162763,0.0327196269229,0.0327196269229,0.0326474491524,0.0327860304718,0.0327398366987,0.0326994171472,0.032765820696,0.0327975789151,0.0328379984665,0.0330169993374,0.0329621442318,0.0330429833348,0.0332941619761,0.0333143717518,0.0335828730581,0.0336406152745,0.033793632148,0.0338600356968,0.0340072783486,0.0339004552483,0.0340563592326,0.0343104249847,0.0346626525048,0.0349831218058,0.0350870577953,0.0352025422281,0.0351274773468,0.0354363982045,0.0358521421626,0.0362880958964,0.0366085651974,0.0365450487594,0.0364930807646,0.036712501187,0.0367933402899,0.0370387447096,0.0373130202375,0.03749779533,0.0376219410953,0.0376998930874,0.0378009419661,0.038156056597,0.038332170357,0.0383985739058,0.0388576245262,0.0388258663072,0.0389933187348,0.0391780938272,0.0395794022312,0.0400326786299,0.0403502608201,0.0407717789999,0.041170200293,0.0414300402668,0.0413376527206,0.0419035264413,0.0423337059535,0.0426830463627,0.0427350143575,0.0428129663496,0.0429630961122,0.043159419648,0.043335533408,0.043528969833,0.0440053431183,0.0442103279865,0.044395103079,0.0445596683957,0.0447588790423,0.0452006069977,0.0453709465361,0.04524391366,0.0455153020771,0.0458126744916,0.0461735633441,0.0464824842018,0.0468116148353,0.0471956005743,0.047458327659,0.0475680378701,0.0481454600341,0.0486420430952,0.0490202546126,0.0493782563542,0.0493782563542,0.0495226118952,0.0496987256553,0.0497478065392,0.0499094847451,0.0502010829379,0.0503252287032,0.0504869069091,0.0502761478193,0.0503338900357,0.0505244393498,0.05084202154,0.0510527806298,0.0513010721604,0.0515176054719,0.051676396567,0.0516504125696,0.0518756072135,0.0522942382824,0.0524819004857,0.0525916106969,0.05246169071,0.052493448929,0.0524559164884,0.0524068356044,0.0524674649316,0.0524588035992,0.0523577547205,0.0524068356044,0.0524443680451,0.0524414809343,0.0526435786917,0.05263780447,0.0527446275704,0.0532210008557,0.0530131288766,0.0531401617527,0.0532354364098,0.0532123395232,0.0531112906445,0.0532238879665,0.0532181137448,0.0531748070825,0.0531690328609,0.0527763857894,0.0526666755782,0.0526118204726,0.052493448929,0.0524068356044,0.0524385938234,0.0523288836123,0.0521441085198,0.0518438489945,0.0517428001158,0.051627315683,0.0515868961315,0.0515349281368,0.0515291539151,0.0514338792581,0.0511162970679,0.0511480552869,0.050873779759,0.0510932001813,0.0510585548515,0.0511336197328,0.0511162970679,0.0507958277669,0.0507236499964,0.0506254882285,0.0505995042311,0.0504609229117,0.0505735202337,0.0503512127006,0.0501953087163,0.0499932109589,0.0499614527399,0.0498344198638,0.0496900643228,0.0495976767766,0.0494504341247,0.0492800945864,0.0489538510637,0.0489134315122,0.0488383666309,0.0487199950873,0.0484976875542,0.0485814137679,0.0484428324486,0.0481887666964,0.0482176378046,0.0479116040577,0.0480328627121,0.0478509747305,0.047697957857,0.047585360535,0.0475593765377,0.0474150209967,0.0470339223684,0.0471118743606,0.047088777474,0.0475016343213,0.0477614742951,0.0480011044931,0.0481223631476,0.0481656698099,0.048613171987,0.0489365283988,0.0495890154441,0.049863290972,0.0501722118297,0.0500913727268,0.0499094847451,0.0499787754048,0.0501231309458,0.050215518492,0.0499845496264,0.0498806136369,0.0500422918428,0.0500163078455,0.0500105336238,0.0503425513681,0.0506947788882,0.0507005531098,0.050905537978,0.051387685485,0.051771671224,0.0520315111978,0.0519420107624,0.0522451573985,0.0525944978077,0.0524703520425,0.0524963360398,0.0526204818051,0.0527561760136,0.0529813706576,0.0532007910799,0.0536367448137,0.0538879234551,0.0540842469908,0.0544249260676,0.0548724282447,0.0551842362132,0.0556779321635,0.056038821016,0.0563535160953,0.0566682111747,0.056855873378,0.0573495693282,0.057722006624,0.0578259426135,0.0583427354503,0.0586401078648,0.0590096580497,0.0592608366911,0.0593128046858,0.059373434013,0.0597920650819,0.0600345823908,0.0604474392381,0.0612356204919,0.0615676382362,0.0622028026166,0.0625377074718,0.0631873074063,0.0637243100188,0.0644374263913,0.0648878156792,0.0654017214052,0.06580591692,0.0659242884636,0.0665623399548,0.0670877941241,0.0676709905097,0.067922169151,0.0686179628586,0.0690539165925,0.0693888214476,0.0700008889414,0.0705494399972,0.0710748941665,0.0711874914884,0.0714848639029,0.0718573011987,0.0727032246689,0.0732257917273,0.0738349721104,0.0743431036147,0.0748194769,0.0754373186155,0.0760898056608,0.0764449202916,0.0769010838012,0.0773716828649,0.0776517326144,0.0780010730236,0.0785756080768,0.0792223209005,0.0796351777477,0.0800769057032,0.0805792629859,0.0813558957964,0.0820921090555,0.0829264840825,0.0833220182648,0.0837781817744,0.0840380217482,0.0847424767883,0.0851697691896,0.0857616269077,0.0859925957733,0.0864025655098,0.0869135841249,0.0875314258404,0.0887440123848,0.0892839021081,0.0899392762643,0.0902828424518,0.0911893952493,0.092075738271,0.0931122110554,0.0940187638529,0.0945442180221,0.0950898819671,0.0954218997114,0.0962389520735,0.0971195208736,0.0981733163229,0.0989903686849,0.0994580806378,0.100379068989,0.101334702671,0.102313433239,0.103341244691,0.104415249916,0.105616288017,0.106418904825,0.107426506501,0.108650641489,0.109773727598,0.110489731081,0.1114020581,0.112969759275,0.114208329817,0.115247689712,0.116327469159,0.117947138329,0.119015369332,0.120253939874,0.121636865957,0.123438423109,0.125589320669,0.126637341897,0.128023155091,0.129839147796,0.131692672943,0.133551972311,0.135532530334,0.137365845704,0.139381049057,0.141393365298,0.143166051342,0.145351594232,0.147438975355,0.149592760027,0.151810061137,0.153735764054,0.155808709622,0.158179027605,0.160650394467,0.162942760458,0.165529611753,0.168009639948,0.171179687628,0.173269955862,0.17622347023,0.179093258385,0.182399000274,0.185427579525,0.188646708089,0.191822529991,0.194345864847,0.197824833386,0.200688847319,0.204358365171,0.207222379105,0.211091107603,0.214861674334,0.21797975402,0.221473158112,0.224689399566,0.228497498737,0.232031322381,0.235911599323,0.240005522466,0.244018606505,0.247151121745,0.250540589848,0.255177289825,0.259025808548,0.263598992087,0.2679787392,0.272329615206,0.276556345447,0.281279658748,0.285748906297,0.290714736908,0.29523017823,