# R script for Peak Model
#  -- generated by MACS
p <- c(0.0147293179978,0.0170416423293,0.0193727660456,0.0216756906847,0.0238470196301,0.0239034177846,0.0242324070187,0.0241102110175,0.0243922017896,0.0243076045579,0.024448599944,0.0245989950225,0.024495598406,0.0245331971757,0.0245895953301,0.0242700057883,0.0238282202453,0.0238376199377,0.0237060242441,0.0237906214757,0.0234804316264,0.0232736383935,0.0234240334719,0.023518030396,0.0237248236289,0.023959815939,0.0242606060959,0.0242230073263,0.0242418067111,0.0246553931769,0.0246365937921,0.0246929919465,0.024796388563,0.0250125814883,0.0246741925617,0.0245519965605,0.0241760088643,0.0243640027124,0.0245895953301,0.0241102110175,0.0241572094795,0.02435460302,0.0242136076339,0.0239034177846,0.0243264039428,0.0241008113251,0.0242606060959,0.0239410165542,0.0234992310112,0.0232830380859,0.0232642387011,0.0231514423922,0.0231984408542,0.0231890411618,0.0231044439302,0.0234146337795,0.0237060242441,0.0238752187073,0.0240444131706,0.0242230073263,0.0241854085567,0.0241384100947,0.0241854085567,0.0243264039428,0.023912817477,0.0237718220909,0.023659025782,0.0235744285504,0.0233676353175,0.0233582356251,0.0231420426998,0.0230104470061,0.0228882510049,0.0226156599251,0.0230668451606,0.0231326430074,0.0230856445454,0.0230856445454,0.0230574454682,0.0230386460833,0.02361202732,0.0239034177846,0.0238846183997,0.0239504162466,0.0238094208605,0.02361202732,0.0234240334719,0.0236402263972,0.0237718220909,0.0237906214757,0.0233958343947,0.0231984408542,0.0232454393162,0.0233582356251,0.0232266399314,0.0234240334719,0.023471031934,0.0232266399314,0.0233112371631,0.0233018374707,0.0234334331643,0.023471031934,0.0235744285504,0.0236872248593,0.0235838282428,0.0233864347023,0.0236402263972,0.0237624223985,0.0236778251668,0.0235368297808,0.0234898313188,0.0236966245517,0.0237342233213,0.0234616322415,0.0239222171694,0.0239974147086,0.0236026276276,0.0235462294732,0.0237342233213,0.0238564193225,0.0239504162466,0.0236872248593,0.0234522325491,0.0234804316264,0.0233206368555,0.0233300365479,0.023471031934,0.0232830380859,0.023123243315,0.0232454393162,0.0232360396238,0.0234522325491,0.0236778251668,0.0237154239365,0.0237624223985,0.0242324070187,0.0241854085567,0.0243922017896,0.0245801956377,0.0247869888706,0.0250595799503,0.0250125814883,0.0248997851794,0.0251723762592,0.0250125814883,0.0246083947149,0.0250501802579,0.0251065784123,0.0253039719528,0.0252945722604,0.0251629765668,0.0253133716452,0.0253603701072,0.0252005753364,0.0255389642629,0.025632961187,0.0254919658009,0.0255107651857,0.0251629765668,0.0251535768744,0.0249185845642,0.0250219811807,0.0251441771819,0.0250877790275,0.0254167682617,0.0255577636477,0.0256705599566,0.0259055522667,0.0262627405781,0.0262063424237,0.0267515245831,0.0269959165856,0.0272309088957,0.0275786975147,0.0274659012058,0.0277102932084,0.0279828842881,0.0280110833653,0.0282460756754,0.02853746614,0.0284058704463,0.0281050802894,0.0281332793666,0.0281520787514,0.0279358858261,0.0283776713691,0.0283870710615,0.0286690618336,0.0287630587577,0.0287442593729,0.0289040541437,0.0290638489146,0.029468035688,0.0299286206158,0.0300884153867,0.0297500264601,0.0298722224614,0.0298252239994,0.0301166144639,0.0304362040057,0.0305302009297,0.0309625867803,0.0311223815512,0.0312163784752,0.0316393646334,0.0318837566359,0.0317803600195,0.031930755098,0.0317615606347,0.0317991594043,0.0320435514068,0.0321281486385,0.0321845467929,0.0322503446397,0.0318931563284,0.0318179587891,0.0318743569435,0.0317897597119,0.0317521609423,0.0315923661714,0.0313479741689,0.0313103753993,0.031141180936,0.0308215913942,0.0314701701702,0.0317333615575,0.0322033461777,0.0324007397182,0.0325511347967,0.0326075329511,0.0330869172637,0.0332843108042,0.0330869172637,0.0330775175713,0.0326451317207,0.0325323354119,0.03197775356,0.0321375483309,0.0319683538676,0.0323161424866,0.0322221455625,0.032024752022,0.032325542179,0.0327109295675,0.0330869172637,0.0328801240308,0.0330681178789,0.0330587181865,0.0329553215701,0.0328895237232,0.0324477381802,0.0322033461777,0.0321187489461,0.0319495544828,0.031676963403,0.031629964941,0.0319683538676,0.0316017658638,0.0318649572511,0.0318085590967,0.0319401547904,0.0317521609423,0.0317803600195,0.031629964941,0.031582966479,0.0315735667866,0.031094182474,0.031188179398,0.0310753830892,0.0308685898563,0.0308121917018,0.0312915760145,0.0313573738613,0.0313667735537,0.0315171686322,0.0317333615575,0.0320999495613,0.0320341517144,0.0321657474081,0.0322879434093,0.0321845467929,0.0320435514068,0.0317051624803,0.0317897597119,0.0315171686322,0.0313479741689,0.0310565837044,0.0310565837044,0.0312727766297,0.0306899957006,0.0309155883183,0.0308591901639,0.0309719864727,0.0313291747841,0.0314325714005,0.0312257781676,0.0312445775524,0.0313761732461,0.0310189849347,0.0312915760145,0.03123517786,0.0315453677094,0.0322033461777,0.0320905498688,0.0322315452549,0.0325793338739,0.0327485283372,0.0327109295675,0.033303110189,0.0342994775839,0.034534469894,0.0344968711244,0.034186681275,0.0340080871194,0.0342242800447,0.0340644852738,0.034092684351,0.0343558757383,0.0340080871194,0.0337072969624,0.0336226997308,0.0335099034219,0.0335757012688,0.0336696981928,0.0334911040371,0.0337072969624,0.0336790978852,0.0335287028067,0.0335099034219,0.0332373123422,0.0334347058827,0.0336320994232,0.0337730948092,0.0339140901953,0.033998687427,0.0343464760459,0.0344310732776,0.0345908680484,0.03444047297,0.0348258603585,0.034882258513,0.0348634591282,0.0343746751231,0.0343182769687,0.0344310732776,0.0339234898877,0.0338012938865,0.034045685889,0.0338388926561,0.0334441055751,0.0331433154181,0.0332655114194,0.033162114803,0.0332843108042,0.0335569018839,0.0337730948092,0.0340268865042,0.033650898808,0.0338482923485,0.0338764914257,0.034139682813,0.0338012938865,0.034045685889,0.0337824945016,0.0332937104966,0.033256111727,0.0334629049599,0.0336414991156,0.0343182769687,0.0342712785067,0.0340644852738,0.0345438695864,0.0349950548218,0.0352676459016,0.0354838388269,0.0355872354433,0.0352958449788,0.0350796520535,0.0347318634345,0.0350044545142,0.034929256975,0.0347224637421,0.0341584821978,0.0343934745079,0.0345250702016,0.0346002677408,0.0348070609737,0.0350044545142,0.0349480563598,0.035023253899,0.0354932385193,0.0355496366737,0.0360478203711,0.0358034283686,0.0358410271382,0.0358880256003,0.0361042185256,0.0363392108357,0.0363392108357,0.036301612066,0.0363298111433,0.0364614068369,0.0364426074521,0.0370065889964,0.0371663837673,0.0376081693103,0.0374483745394,0.037833761928,0.0380405551609,0.0383977434722,0.038811329938,0.0388019302456,0.0389241262469,0.0388677280925,0.0393659117899,0.0394129102519,0.039506907176,0.0394881077912,0.0403716788772,0.0405314736481,0.040738266881,0.041621837967,0.0423644136669,0.0427592007479,0.0427404013631,0.0431257887517,0.0439529616833,0.0446109401516,0.0449869278478,0.0455697087768,0.0461618893983,0.0465754758641,0.0469044650983,0.0477880361843,0.0484648140374,0.0495363789715,0.050128559593,0.0511343266803,0.0519614996119,0.0532022590093,0.0541140291725,0.0548190061028,0.0560597655002,0.0568587393546,0.0585224849102,0.059678647076,0.0611731981683,0.0621131674087,0.0632035317276,0.0646416846655,0.0659388422173,0.0679973748539,0.0696611204095,0.0713248659651,0.0724434293612,0.0743045684573,0.076109309399,0.0782900380368,0.0805741632911,0.0821157128454,0.084616031025,0.0871633476666,0.0898892584639,0.0924647741827,0.0951812852876,0.0978789970077,0.100322917033,0.102804435828,0.105699541088,0.109036431892,0.111997334999,0.114460054409,0.117402158132,0.121387627711,0.125626888986,0.128879182558,0.133513230913,0.138260075577,0.142170347618,0.146372010122,0.150836864014,0.156091292069,0.160838136733,0.164739009081,0.168574083582,0.173038937474,0.178086572295,0.182589024957,0.187063278541,0.192787691216,0.197713130036,0.202553971624,0.207761401216,0.213645608661,0.220347589345,0.227209364801,0.233065373169,0.239306768925,0.246337738844,0.251582767206,0.258209550351,0.265757503351,