# R script for Peak Model
#  -- generated by MACS
p <- c(0.01431100023,0.0167211306208,0.01930146796,0.0218341473537,0.0242102363548,0.0241217287416,0.0239310969593,0.0242510860225,0.0247208572003,0.0247344737562,0.0247685151459,0.024870639315,0.0246323495871,0.0244757591945,0.0246731992547,0.0245846916415,0.0247004323665,0.0243940598592,0.0243804433033,0.0242715108563,0.024421292971,0.0246663909768,0.0247821317018,0.0249727634841,0.0247208572003,0.0251702035444,0.0255378505531,0.0254016849943,0.0251838201002,0.0254221098281,0.0252042449341,0.0247344737562,0.0247276654783,0.0247344737562,0.0249182972606,0.0246595826989,0.0244553343607,0.0247753234238,0.0247208572003,0.0246731992547,0.0249591469282,0.0251838201002,0.0252995608252,0.0253336022149,0.0254016849943,0.0252723277135,0.0253131773811,0.0253131773811,0.0256059333325,0.0257216740575,0.0260144300089,0.026007621731,0.0260825127883,0.026000813453,0.025891881006,0.0259667720633,0.0258169899487,0.0259735803413,0.0257284823354,0.0256263581663,0.0252314780458,0.025102120765,0.0249182972606,0.0246527744209,0.0245370336959,0.0243736350254,0.0243327853577,0.0239242886813,0.0241149204637,0.0237745065667,0.0235974913402,0.0236451492858,0.0236791906755,0.0237608900108,0.0238085479564,0.023849397624,0.023740465177,0.0238221645122,0.0235702582285,0.0237064237873,0.023624724452,0.0235498333946,0.0234340926696,0.0235838747843,0.0235021754491,0.0233796264461,0.0234409009476,0.0233251602226,0.0232094194976,0.0231889946638,0.023277502277,0.0231753781079,0.0232979271108,0.0229166635462,0.0228894304344,0.0229030469903,0.0228349642109,0.0229234718241,0.0229711297697,0.0228894304344,0.022943896658,0.0228826221565,0.022596674483,0.0229507049359,0.0226375241507,0.0227804979874,0.0226783738183,0.0228690056006,0.0229507049359,0.0228145393771,0.0229643214918,0.0231958029417,0.0233387767785,0.0232026112197,0.0234204761138,0.0233319685005,0.0234681340593,0.0231889946638,0.0230051711594,0.0234885588932,0.0231958029417,0.0231481449962,0.0230187877153,0.0228690056006,0.0227873062653,0.0228145393771,0.0228690056006,0.0229643214918,0.0231549532741,0.0229234718241,0.0232434608873,0.0234885588932,0.0236315327299,0.0237949314005,0.0241489618534,0.0241557701313,0.0242238529107,0.0241353452975,0.0240127962946,0.0241013039078,0.0237745065667,0.0237268486211,0.0236587658417,0.0235906830623,0.0234681340593,0.0235702582285,0.0235430251167,0.0235294085608,0.0236859989534,0.0236383410079,0.0240400294063,0.0238698224578,0.0241013039078,0.0241285370195,0.0242783191342,0.0244553343607,0.0244689509165,0.0246731992547,0.0249387220944,0.0250544628194,0.0249591469282,0.0250068048738,0.0252587111576,0.0256467830002,0.0257897568369,0.0257489071693,0.0258646478942,0.0261097459001,0.0260280465648,0.0261029376221,0.0261369790118,0.026463776353,0.0264501597971,0.0267429157485,0.0270356716999,0.0272807697058,0.0276279918807,0.0277641574395,0.0279003229983,0.0285266845688,0.0290100723026,0.0293504861996,0.029418568979,0.029636433873,0.0297113249304,0.0298406822112,0.0297453663201,0.0300108891597,0.0302559871656,0.0301947126641,0.0302627954435,0.0303989610023,0.0306440590082,0.0305827845067,0.0307393748993,0.030998089461,0.0314882854727,0.031678917255,0.0318218910918,0.0319580566506,0.0323393202152,0.032366553327,0.0325571851093,0.0328431327828,0.0329248321181,0.0330065314534,0.0329929148975,0.033163121846,0.0336873592474,0.0338643744738,0.0339052241414,0.0343341456517,0.0345452022678,0.0348243416634,0.0353485790647,0.0357026095176,0.0363289710881,0.0364447118131,0.0364651366469,0.0364787532028,0.0364447118131,0.0362472717528,0.0362949296984,0.0363630124778,0.0359272826896,0.0358115419647,0.0354779363456,0.0352328383398,0.0351783721162,0.0352804962853,0.0354983611794,0.0356072936265,0.0355800605147,0.0356413350162,0.0359000495779,0.0362472717528,0.0364242869793,0.0366149187616,0.0368532084895,0.0368327836557,0.0367783174321,0.0368736333233,0.0369961823262,0.0367238512086,0.0366966180969,0.0364174787013,0.0363153545322,0.0367851257101,0.0363017379763,0.0360974896381,0.0360157903029,0.0359408992455,0.036002173747,0.0359068578558,0.0363085462543,0.0364106704234,0.0365059863145,0.0360225985808,0.0365059863145,0.0369008664351,0.0368191670998,0.0367102346527,0.036798742266,0.0370983064953,0.0366693849851,0.0364719449248,0.0361723806955,0.0361996138072,0.0358591999102,0.0354915529015,0.0354915529015,0.0352668797295,0.034756258884,0.0345860519355,0.0347086009384,0.0343886118752,0.0343818035972,0.0342796794281,0.0341094724796,0.0340958559238,0.0339733069208,0.0341503221473,0.034184363537,0.0341026642017,0.0336056599121,0.0337418254709,0.033619276468,0.0335648102444,0.0335852350783,0.0334694943533,0.0335307688547,0.0331426970122,0.0333265205165,0.0331018473445,0.0333469453504,0.0333197122386,0.0333741784621,0.0333537536283,0.0333946032959,0.0337350171929,0.0338167165282,0.0344362698208,0.0343205290958,0.034517969156,0.0344635029325,0.0347834919957,0.0351443307265,0.0354438949559,0.0351715638383,0.0350353982795,0.0350285900016,0.0350762479471,0.0350285900016,0.0349536989442,0.034974123778,0.0346881761046,0.0343545704855,0.0342864877061,0.0342388297605,0.0341911718149,0.0343954201531,0.0339664986429,0.0341298973135,0.0340345814223,0.0341435138693,0.0340958559238,0.0342252132046,0.0341911718149,0.034293295984,0.0343341456517,0.0341162807576,0.0341503221473,0.0339188406973,0.0341911718149,0.0342456380384,0.0344975443222,0.0342456380384,0.0340209648664,0.0345043526002,0.0345656271016,0.0342728711502,0.0342728711502,0.0344498863766,0.0344566946546,0.0344703112105,0.0343749953193,0.0342320214826,0.0343545704855,0.0337894834165,0.0335443854106,0.0337622503047,0.0339052241414,0.0338235248062,0.0337214006371,0.0334082198518,0.0331086556225,0.0331903549577,0.0328975990063,0.0332380129033,0.0334899191871,0.0335716185224,0.0335852350783,0.0335307688547,0.0334286446856,0.0336533178577,0.0342592545943,0.0345724353796,0.0351375224486,0.0351443307265,0.0351579472824,0.0351511390045,0.0350081651677,0.0349945486119,0.0349400823883,0.0350558231133,0.0349128492766,0.0347766837178,0.0345792436575,0.0346064767693,0.0347698754398,0.0348788078869,0.0349332741104,0.035314537675,0.0353349625089,0.0351783721162,0.0350422065574,0.0353417707868,0.035205605228,0.0355051694574,0.03566175985,0.0358115419647,0.0360702565264,0.0362608883087,0.0365876856498,0.0369417161027,0.0372685134438,0.0370914982174,0.0372072389424,0.0374591452262,0.0373093631115,0.0374999948938,0.0380038074614,0.0383986875819,0.0385688945304,0.0388071842583,0.0392837637141,0.0398897004507,0.0406658441359,0.0410198745888,0.0416870858269,0.0422317480621,0.0424291881224,0.0428989593003,0.0434572380913,0.0439610506589,0.0441108327736,0.0449891006278,0.0453975973042,0.0460716168203,0.0468681853393,0.0473243399613,0.0481209084803,0.048951518389,0.0497889365756,0.0508033699886,0.0518178034017,0.0525326725854,0.053833053672,0.0549155698644,0.0557121383834,0.0564338158451,0.057352933367,0.0584490661153,0.0595247740299,0.0609000461737,0.0621800024265,0.0636573987395,0.064617365929,0.0655977579524,0.0668981390389,0.0686342499136,0.0698869730546,0.0710988465279,0.0725762428409,0.0742034212686,0.0758714493639,0.0769403490005,0.0783768956458,0.0801878975779,0.0821895312923,0.0843000974537,0.0867851189018,0.0881740076016,0.0905296717688,0.0920819591392,0.0946282550887,0.0972698669295,0.0996799973203,0.10215821049,0.104929179612,0.107339310003,0.109436259608,0.1128335903,0.115774766371,0.11874998383,0.121153305943,0.124223839294,0.127553087207,0.13104573379,0.133551180072,0.137234458438,0.141925361938,0.145915012811,0.148944696494,0.153513050992,0.157557168089,0.161322145789,0.165379879442,0.169778026991,0.174543821549,0.178553897256,0.181719746498,0.186131510603,0.191993437909,0.195976280504,0.201654384306,0.206760592761,0.212486354509,0.216986626227,0.22186816151,0.227736897095,0.234422626032,0.240012222221,0.245812875025,0.251579486441,0.25710099985,0.263378232111,0.269144843526,0.275524199956,0.283231170584,0.289549252512,0.294594186466,