# R script for Peak Model
#  -- generated by MACS
p <- c(0.00234351198706,0.00234351198706,0.00312468264942,0.00390585331177,0.00468702397413,0.00312468264942,0.00312468264942,0.00390585331177,0.00468702397413,0.00468702397413,0.00703053596119,0.00937404794826,0.00937404794826,0.00937404794826,0.0085928772859,0.0085928772859,0.0085928772859,0.00781170662355,0.00703053596119,0.00703053596119,0.00546819463648,0.00312468264942,0.00234351198706,0.00156234132471,0.00234351198706,0.00312468264942,0.00390585331177,0.00468702397413,0.00624936529884,0.00624936529884,0.00624936529884,0.00624936529884,0.00624936529884,0.00624936529884,0.00624936529884,0.00624936529884,0.00546819463648,0.00468702397413,0.00390585331177,0.00312468264942,0.00234351198706,0.00390585331177,0.00390585331177,0.00390585331177,0.00390585331177,0.00312468264942,0.00312468264942,0.00312468264942,0.00234351198706,0.00234351198706,0.00234351198706,0.00156234132471,0.00234351198706,0.00234351198706,0.00234351198706,0.00234351198706,0.00234351198706,0.00234351198706,0.00312468264942,0.00312468264942,0.00390585331177,0.00468702397413,0.00390585331177,0.00390585331177,0.00312468264942,0.00312468264942,0.00312468264942,0.00312468264942,0.00234351198706,0.00234351198706,0.00156234132471,0.000781170662355,0.00234351198706,0.00312468264942,0.00312468264942,0.00312468264942,0.00312468264942,0.00312468264942,0.00312468264942,0.00390585331177,0.00390585331177,0.00390585331177,0.00234351198706,0.00156234132471,0.00234351198706,0.00234351198706,0.00234351198706,0.00312468264942,0.00312468264942,0.00390585331177,0.00390585331177,0.00390585331177,0.00703053596119,0.00703053596119,0.00624936529884,0.00624936529884,0.00624936529884,0.00546819463648,0.00546819463648,0.00468702397413,0.00546819463648,0.00468702397413,0.00156234132471,0.00156234132471,0.00156234132471,0.00234351198706,0.00312468264942,0.00312468264942,0.00312468264942,0.00234351198706,0.00312468264942,0.00312468264942,0.00312468264942,0.00312468264942,0.00390585331177,0.00468702397413,0.00390585331177,0.00390585331177,0.00468702397413,0.00468702397413,0.00312468264942,0.00390585331177,0.00390585331177,0.00390585331177,0.00312468264942,0.00234351198706,0.00234351198706,0.00312468264942,0.00312468264942,0.00390585331177,0.00468702397413,0.00468702397413,0.00546819463648,0.00624936529884,0.00781170662355,0.00781170662355,0.0085928772859,0.00781170662355,0.00781170662355,0.00703053596119,0.00781170662355,0.00703053596119,0.00624936529884,0.00546819463648,0.00468702397413,0.00390585331177,0.00312468264942,0.00312468264942,0.00234351198706,0.00312468264942,0.00156234132471,0.00156234132471,0.00234351198706,0.00234351198706,0.00234351198706,0.00312468264942,0.00312468264942,0.00312468264942,0.00390585331177,0.00312468264942,0.00312468264942,0.00390585331177,0.00312468264942,0.00390585331177,0.00390585331177,0.00390585331177,0.00468702397413,0.00546819463648,0.00468702397413,0.00546819463648,0.00624936529884,0.00546819463648,0.00546819463648,0.00468702397413,0.00390585331177,0.00390585331177,0.00312468264942,0.00234351198706,0.00312468264942,0.00234351198706,0.00234351198706,0.00390585331177,0.00390585331177,0.00546819463648,0.00624936529884,0.00703053596119,0.00781170662355,0.00781170662355,0.00781170662355,0.0085928772859,0.00937404794826,0.00781170662355,0.00781170662355,0.00703053596119,0.00624936529884,0.00546819463648,0.00468702397413,0.00468702397413,0.00390585331177,0.00468702397413,0.00312468264942,0.00546819463648,0.00624936529884,0.00624936529884,0.00703053596119,0.00624936529884,0.00624936529884,0.00624936529884,0.00624936529884,0.00546819463648,0.00703053596119,0.00546819463648,0.00546819463648,0.00546819463648,0.00468702397413,0.00546819463648,0.00546819463648,0.00546819463648,0.00624936529884,0.00546819463648,0.00390585331177,0.00312468264942,0.00234351198706,0.00234351198706,0.00312468264942,0.00234351198706,0.00234351198706,0.00234351198706,0.00156234132471,0.00156234132471,0.00234351198706,0.00234351198706,0.00312468264942,0.00390585331177,0.00312468264942,0.00312468264942,0.00312468264942,0.00312468264942,0.00312468264942,0.00390585331177,0.00468702397413,0.00468702397413,0.00468702397413,0.00468702397413,0.00624936529884,0.00703053596119,0.00703053596119,0.00703053596119,0.00781170662355,0.00703053596119,0.00624936529884,0.00703053596119,0.00703053596119,0.00546819463648,0.00468702397413,0.00468702397413,0.00468702397413,0.00468702397413,0.00390585331177,0.00390585331177,0.00312468264942,0.00234351198706,0.00234351198706,0.00312468264942,0.00390585331177,0.00390585331177,0.00468702397413,0.00624936529884,0.00624936529884,0.00624936529884,0.00703053596119,0.0085928772859,0.00781170662355,0.00703053596119,0.00546819463648,0.00468702397413,0.00390585331177,0.00234351198706,0.00390585331177,0.00468702397413,0.00546819463648,0.00390585331177,0.00468702397413,0.00624936529884,0.00624936529884,0.00703053596119,0.00781170662355,0.0085928772859,0.00781170662355,0.00703053596119,0.00546819463648,0.00546819463648,0.00546819463648,0.00546819463648,0.00546819463648,0.00546819463648,0.00468702397413,0.00624936529884,0.00624936529884,0.00624936529884,0.0179669252342,0.0445267277542,0.0632748236507,0.0812417488849,0.103114527431,0.137486036574,0.160921156445,0.186699788303,0.206229054862,0.224195980096,0.229664174732,0.228101833408,0.232788857382,0.239038222681,0.246068758642,0.229664174732,0.232788857382,0.223414809433,0.224977150758,0.228101833408,0.235132369369,0.239038222681,0.237475881356,0.236694710693,0.231226516057,0.236694710693,0.234351198706,0.243725246655,0.246068758642,0.24216290533,0.243725246655,0.235132369369,0.233570028044,0.239819393343,0.240600564005,0.240600564005,0.248412270629,0.252318123941,0.257005147915,0.267941537188,0.260911001226,0.266379195863,0.278877926461,0.271847390499,0.271847390499,0.267160366525,0.256223977252,0.254661635928,0.246849929304,0.246068758642,0.250755782616,0.257005147915,0.250755782616,0.254661635928,0.261692171889,0.26872270785,0.272628561162,0.277315585136,0.283564950435,0.287470803746,0.280440267785,0.272628561162,0.267941537188,0.269503878512,0.260129830564,0.251536953278,0.250755782616,0.245287587979,0.241381734668,0.232788857382,0.234351198706,0.231226516057,0.230445345395,0.233570028044,0.231226516057,0.245287587979,0.249193441291,0.239819393343,0.236694710693,0.243725246655,0.249974611953,0.252318123941,0.253880465265,0.241381734668,0.249193441291,0.243725246655,0.24216290533,0.256223977252,0.265598025201,0.261692171889,0.264035683876,0.266379195863,0.266379195863,0.270285049175,0.266379195863,0.269503878512,0.264816854538,0.259348659902,0.253880465265,0.259348659902,0.25544280659,0.254661635928,0.257005147915,0.263254513214,0.269503878512,0.259348659902,0.262473342551,0.259348659902,0.259348659902,0.250755782616,0.249974611953,0.253880465265,0.257786318577,0.249974611953,0.247631099966,0.250755782616,0.25544280659,0.256223977252,0.253099294603,0.248412270629,0.254661635928,0.250755782616,0.247631099966,0.252318123941,0.243725246655,0.244506417317,0.237475881356,0.231226516057,0.235132369369,0.240600564005,0.242944075992,0.249193441291,0.253880465265,0.253880465265,0.265598025201,0.264816854538,0.264816854538,0.266379195863,0.265598025201,0.266379195863,0.263254513214,0.256223977252,0.252318123941,0.253099294603,0.236694710693,0.241381734668,0.244506417317,0.250755782616,0.243725246655,0.239819393343,0.241381734668,0.236694710693,0.231226516057,0.22888300407,0.243725246655,0.240600564005,0.239819393343,0.236694710693,0.242944075992,0.253099294603,0.24216290533,0.256223977252,0.258567489239,0.257005147915,0.257786318577,0.25544280659,0.267160366525,0.271847390499,0.272628561162,0.267160366525,0.274972073149,0.266379195863,0.266379195863,0.262473342551,0.260129830564,0.266379195863,0.249974611953,0.246068758642,0.243725246655,0.248412270629,0.246849929304,0.250755782616,0.253099294603,0.256223977252,0.252318123941,0.250755782616,0.257005147915,0.249193441291,0.251536953278,0.249974611953,