>CAAGCGGACCGT	16-ACGGTCCGCTTG	11.285815	-589.663264	0	T:147.0(0.25%),B:1.4(0.00%),P:1e-256
0.031	0.950	0.015	0.004
0.816	0.008	0.030	0.146
0.565	0.023	0.393	0.019
0.019	0.008	0.965	0.008
0.019	0.799	0.030	0.152
0.060	0.027	0.890	0.023
0.027	0.027	0.931	0.015
0.841	0.034	0.023	0.102
0.031	0.787	0.023	0.159
0.042	0.864	0.008	0.086
0.108	0.027	0.712	0.153
0.023	0.038	0.050	0.889
