>CCACTAGGTGGC	3-CCACTAGGTGGC	7.708196	-29991.200977	0	T:18027.0(30.62%),B:1571.2(2.70%),P:1e-13024
0.110	0.696	0.115	0.079
0.053	0.881	0.025	0.041
0.769	0.078	0.095	0.058
0.061	0.769	0.105	0.065
0.163	0.139	0.120	0.578
0.568	0.119	0.180	0.133
0.087	0.081	0.684	0.148
0.131	0.081	0.759	0.029
0.077	0.047	0.048	0.828
0.039	0.028	0.896	0.037
0.054	0.045	0.764	0.137
0.046	0.808	0.049	0.097
