>AGGCCRTCCAGA	17-TCTGGAYGGCCT	10.312483	-458.453357	0	T:166.0(0.28%),B:4.1(0.01%),P:1e-199
0.656	0.043	0.070	0.231
0.112	0.042	0.767	0.079
0.134	0.061	0.670	0.135
0.016	0.900	0.012	0.072
0.098	0.552	0.208	0.142
0.337	0.089	0.486	0.088
0.100	0.062	0.047	0.791
0.266	0.516	0.137	0.081
0.050	0.779	0.094	0.077
0.635	0.055	0.038	0.272
0.229	0.066	0.629	0.076
0.493	0.013	0.225	0.268
