>ABAGCGCCCCCT	4-ABAGCGCCCCCT	7.852458	-22759.239334	0	T:19399.0(32.95%),B:2925.7(5.02%),P:1e-9884
0.440	0.211	0.247	0.102
0.044	0.374	0.249	0.333
0.576	0.024	0.336	0.064
0.005	0.255	0.722	0.018
0.015	0.618	0.010	0.357
0.100	0.009	0.732	0.159
0.037	0.934	0.009	0.020
0.017	0.940	0.015	0.028
0.309	0.548	0.047	0.096
0.006	0.631	0.007	0.356
0.004	0.962	0.003	0.031
0.130	0.104	0.071	0.695
