>TCTGGAYGGCCT	17-TCTGGAYGGCCT,BestGuess:ZNF711(Zf)/SHSY5Y-ZNF711-ChIP-Seq(GSE20673)/Homer(0.610)	10.312483	-458.453357	0	T:166.0(0.28%),B:4.1(0.01%),P:1e-199
0.268	0.225	0.013	0.493
0.076	0.629	0.066	0.229
0.272	0.038	0.055	0.635
0.077	0.094	0.779	0.050
0.081	0.137	0.516	0.266
0.791	0.047	0.062	0.100
0.088	0.486	0.089	0.337
0.142	0.208	0.552	0.098
0.072	0.012	0.900	0.016
0.135	0.670	0.061	0.134
0.079	0.767	0.042	0.112
0.231	0.070	0.043	0.656
