>GCTACCGCTAGA	11-GCTACCGCTAGA	11.534012	-873.223461	0	T:298.0(0.51%),B:6.8(0.01%),P:1e-379
0.147	0.017	0.819	0.017
0.001	0.872	0.093	0.034
0.066	0.093	0.001	0.840
0.948	0.017	0.001	0.034
0.225	0.757	0.001	0.017
0.381	0.535	0.001	0.083
0.048	0.017	0.901	0.034
0.001	0.982	0.016	0.001
0.001	0.089	0.017	0.893
0.933	0.001	0.049	0.017
0.033	0.001	0.965	0.001
0.791	0.001	0.207	0.001
