# R script for Peak Model
#  -- generated by MACS
p <- c(0.014148234759,0.0165563196597,0.0189683297191,0.0213469759291,0.0237393601948,0.0237452479329,0.0238806659102,0.0238551523783,0.02400823357,0.0240926244834,0.0240023458319,0.024033747102,0.0239984206731,0.0239591690855,0.0240278593638,0.0239434684504,0.0238904788072,0.0240278593638,0.0239061794422,0.0238473020608,0.0238492646402,0.023802162735,0.0238198259494,0.023884591069,0.0239199174979,0.0239199174979,0.0239375807123,0.0239179549185,0.0238787033309,0.0239022542834,0.0240141213082,0.0240415974195,0.0240160838876,0.02400823357,0.0239022542834,0.0238747781721,0.0239159923391,0.0238237511082,0.0238316014257,0.0239375807123,0.0238473020608,0.0238865536484,0.024090661904,0.0240847741659,0.0240710361102,0.0241181380154,0.0241495392855,0.0241397263886,0.0243006578978,0.0242084166669,0.0242869198422,0.0242967327391,0.0241240257535,0.0242044915081,0.0242457056751,0.0242928075803,0.0243418720648,0.0244341132957,0.0242084166669,0.0243359843267,0.0242476682545,0.0242535559927,0.0244164500813,0.0243713107555,0.0244007494463,0.0244478513514,0.0242869198422,0.0242928075803,0.0244400010339,0.0243713107555,0.0245322422648,0.0246048577019,0.0245891570669,0.0247677517905,0.0248521427039,0.0247893401637,0.0249875606812,0.0249600845699,0.0250405503245,0.0250307374276,0.0250464380627,0.0250032613163,0.0250012987369,0.024842329807,0.0248246665926,0.0247971904813,0.0247697143699,0.0248639181802,0.0248953194503,0.0250228871101,0.02499148584,0.0249934484194,0.0250052238957,0.0251955940956,0.0253251243348,0.0254605423121,0.0255154945348,0.0256096983451,0.0257510040605,0.0258020311244,0.0258353949739,0.0258707214028,0.0259040852523,0.0258746465615,0.0258864220378,0.0259158607285,0.0259982890625,0.0260669793409,0.0260414658089,0.0260944554522,0.0261317444605,0.0261847341038,0.0263378152955,0.0263829546213,0.0262377237471,0.0262298734295,0.0261729586275,0.0262318360089,0.0262926759697,0.0262004347388,0.0262848256522,0.0264771584316,0.0265164100192,0.0265340732336,0.0267872459738,0.0269265891098,0.0271130341511,0.0271660237944,0.0270482690315,0.0271719115325,0.0272150882789,0.0272935914541,0.0272445269696,0.0274898493922,0.0273897578438,0.0274957371304,0.0275232132417,0.0275134003448,0.0278117124108,0.0278705897922,0.0279765690788,0.0279824568169,0.0282689934066,0.0283023572561,0.0284436629715,0.0286929105529,0.0286477712271,0.0287007608704,0.0287694511488,0.0288636549591,0.0289912226189,0.0290186987302,0.0289048691261,0.0289166446024,0.029079538691,0.0289951477776,0.0291757050807,0.0293228985343,0.0294367281384,0.0295760712744,0.0296467241322,0.029764478895,0.0299882129445,0.0300235393734,0.0302747495341,0.0302727869548,0.030335589495,0.0303395146537,0.0303983920352,0.0305024087424,0.0305279222743,0.0306417518784,0.0306574525135,0.0308870743011,0.0307398808475,0.0309734277938,0.0312246379546,0.0315720145051,0.0316681808948,0.0317898608164,0.0319272413731,0.0319174284762,0.031880139468,0.0318978026824,0.0320646219298,0.0321921895896,0.0324237739565,0.0325552667751,0.0327947014596,0.0329261942781,0.0331499283276,0.0334129139647,0.0336386105935,0.0336935628162,0.0339369226594,0.0340625277398,0.03390355881,0.0338407562698,0.0339388852388,0.0339899123027,0.0339840245646,0.0340919664306,0.0343078501625,0.0345433596882,0.0346375634985,0.0347592434202,0.0349398007232,0.0352106366778,0.0352498882654,0.0355089487438,0.0357542711664,0.0358896891437,0.0359544542633,0.036107535455,0.0361369741457,0.0361251986695,0.0363194940282,0.0363724836715,0.0364529494261,0.036586404824,0.0367139724838,0.0367826627622,0.0369063052632,0.03707508709,0.0372948959806,0.0375421809827,0.0377109628095,0.0380249755104,0.0382467469805,0.0382212334486,0.0383645017434,0.0386215996423,0.0387197286114,0.0388296330567,0.0388904730175,0.0390455167887,0.0391377580196,0.0390769180588,0.0390710303206,0.039345791434,0.039494947467,0.0395891512772,0.0398737252875,0.0400071806854,0.0401995134648,0.0403349314421,0.0405390396977,0.0407235221596,0.0409256678358,0.0410218342255,0.0411513644647,0.0412279050605,0.0412926701801,0.0412808947038,0.0414869655389,0.0416439718893,0.0417322879615,0.0418441549862,0.041946209114,0.0420306000274,0.0421228412584,0.0422798476089,0.0423956397923,0.042615448683,0.0426213364212,0.0427979685655,0.0429746007098,0.0431845967036,0.0434515074994,0.0436379525406,0.0440540193694,0.0443680320704,0.0445642900085,0.0446408306044,0.0448606394951,0.0450667103301,0.0453689475548,0.0456594093033,0.045951833631,0.0463011727609,0.0464581791114,0.0465445326042,0.0469978884412,0.0475415229298,0.0476671280102,0.0480792696803,0.0481106709503,0.0484030952781,0.0488329001626,0.0490998109585,0.049164576078,0.0495021397316,0.0496002687007,0.0497965266388,0.0501144644985,0.0501164270779,0.0505756706531,0.0506895002572,0.0508818330366,0.0512920121272,0.0517453679643,0.052253676024,0.0527462834487,0.0531250612693,0.0537609369888,0.0543320475887,0.0547422266794,0.0552917489061,0.0558255704978,0.0563476166132,0.056969754277,0.0574859126543,0.0579431936501,0.0584102875428,0.058951959452,0.0594288662416,0.0600372658498,0.0606751041487,0.0609537904208,0.0613050921301,0.0616308803073,0.062041059398,0.0624139494804,0.0629909478185,0.0634815926638,0.0639879381441,0.0642450360431,0.0645374603709,0.0648534356512,0.0655305255377,0.0661879896304,0.0665981687211,0.0671594664241,0.0675853461498,0.0679562736529,0.0684567313951,0.0690455052094,0.0697147447784,0.0704526746258,0.0708314524463,0.0712180805844,0.0719010582091,0.0724289920626,0.0730138407182,0.073826348582,0.0744465236665,0.0749273556149,0.0753591230787,0.0759066827261,0.0764758307466,0.077105818728,0.0778614117897,0.0787131712412,0.0792312921978,0.0797984776389,0.0803067856987,0.0810918174511,0.0817021796387,0.0823910450015,0.082960193022,0.0836627964405,0.0840533497374,0.0844360527167,0.0852426728424,0.0857863073309,0.0864790978525,0.0872562792874,0.0880452361987,0.0886202719574,0.0893974533923,0.0902511754231,0.0909341530478,0.0920449729775,0.0927456138166,0.0933971901712,0.0944334320844,0.095002580105,0.0957640609049,0.0969533840099,0.0978306569933,0.0985528862055,0.0994517475621,0.100001269789,0.101135640671,0.10196384917,0.102690003541,0.10383418732,0.104721273201,0.105463128207,0.106189282578,0.107082256196,0.107739720289,0.108685683551,0.109555106216,0.110742466742,0.111335165715,0.111906276315,0.113111300055,0.11395324661,0.115232848366,0.116096383294,0.117254305129,0.117945133071,0.118698763553,0.119680053244,0.120892927302,0.121964495644,0.12251598045,0.123699415817,0.124396131497,0.125499101109,0.126553006237,0.127661863587,0.128915951812,0.129897241502,0.131286747704,0.132366166364,0.133818475106,0.134886118289,0.136199083895,0.137565039145,0.138952582767,0.14030872512,0.141343004454,0.142489150812,0.143572494631,0.145503672742,0.146916729896,0.148200256811,0.149680041665,0.150906653778,0.152443353433,0.154101733011,0.15565609588,0.157489145023,0.158965004717,0.160148440084,0.161508507595,0.162782221614,0.16428359484,0.165747679059,0.167474748914,0.169158642023,0.170760106798,0.172090735619,0.174053315,0.175727395212,0.177609508838,0.179946940881,0.181793728079,0.183854436429,0.185277306481,0.187224185227,0.189335920641,0.191683165581,0.193575092104,0.195922337044,0.197914355116,0.200175246563,0.202447913487,0.204573386956,0.206987359595,0.209409182552,0.211905583525,0.214333294219,0.216429328998,0.218884515804,0.221439794158,0.223677134653,0.225936063521,0.228636572749,0.231060358285,0.233024900246,0.235409434194,0.237517244449,0.240007757684,0.242284349766,0.245275320743,0.247771721716,0.250609611501,0.253090311839,0.25603614349,0.259235147881,0.262288921398,0.264910927452,0.268272825932,0.271654350205,0.273995707407,0.277149572473,0.280038489322,0.282795913352,0.285551374804,0.288430478756,0.291005382904,0.294514474837,0.297375915575,0.299511201942,0.302590488991,0.305487256158,0.308087673838,0.31147312327,0.314705491511,0.317458990383,0.320595192234,0.323315327256,0.326323961448,0.329727074095,