# R script for Peak Model
#  -- generated by MACS
p <- c(0.0162224876036,0.0188849383992,0.0215263357519,0.0242794783022,0.026958124054,0.0268658128038,0.0269872749751,0.0269662215321,0.0268625738126,0.0268172279353,0.026869051795,0.026869051795,0.0269532655672,0.0269289731329,0.0269775580014,0.0269613630452,0.0268739102819,0.026958124054,0.027034240348,0.027212384866,0.0272658282214,0.0273435640111,0.0274374947569,0.0274844601298,0.0274763626517,0.0275443814677,0.0276464096916,0.0276496486828,0.0277873058103,0.0278002617753,0.0278618026087,0.0279217239466,0.0279735478064,0.0278893340343,0.0279865037713,0.0280043182231,0.0281516923243,0.0281128244295,0.0280107962056,0.0279362994072,0.0278974315123,0.0279055289904,0.0277824473235,0.0279492553721,0.0279638308327,0.0280658590566,0.0280107962056,0.0280350886399,0.0280545225873,0.0281695067761,0.0283152613817,0.0283217393642,0.0284869279172,0.0286100095842,0.0285338932901,0.0286051510973,0.0284351040575,0.0285954341236,0.0286019121061,0.0287201352862,0.028737949738,0.0288205440145,0.0287962515802,0.0285857171499,0.028869128883,0.0288545534225,0.0290294589492,0.028937147699,0.0290602293659,0.0289614401332,0.028979254585,0.0290326979404,0.0291120532257,0.0292416128751,0.0290990972608,0.0290731853309,0.02913634566,0.0291428236424,0.0292448518664,0.0293970844544,0.029487776209,0.0295331220863,0.0295962824154,0.0296367698059,0.0297047886218,0.0297841439071,0.0298667381836,0.0299298985127,0.0299315180083,0.0298424457493,0.0298003388633,0.0298230118019,0.0297404175254,0.0298327287756,0.0299428544776,0.0300869895876,0.0301145210131,0.0301161405087,0.0301129015175,0.030229505202,0.0302780900705,0.0302602756187,0.0304108887112,0.0304853855096,0.0304303226586,0.0304870050052,0.0305760772642,0.0307347878347,0.0307849921989,0.0308319575718,0.0309906681424,0.0312190170245,0.0313275232309,0.0315040482532,0.0317016267186,0.0318490008198,0.0318068939337,0.0319283561051,0.0321162175967,0.0321761389346,0.0322700696804,0.0323024595928,0.0322700696804,0.0321939533864,0.0322878841322,0.0323769563912,0.0325340474661,0.0324563116765,0.0325534814135,0.0328061227299,0.0327883082781,0.0328045032343,0.033089534463,0.0331543142877,0.0330798174893,0.0330571445507,0.0331559337834,0.0334312480384,0.0334361065252,0.033343795275,0.0334474429946,0.0336223485213,0.0334863108894,0.0335656661747,0.0338345024472,0.0339818765484,0.0341049582154,0.0342604297947,0.0344758227119,0.0347333225151,0.0348045803223,0.0348742186339,0.0350329292044,0.0351722058275,0.0352483221216,0.0353390138762,0.0355560262889,0.0357503657631,0.0357325513113,0.0359220322986,0.0362054440317,0.0364062614883,0.03659412298,0.03685648127,0.0369941383976,0.0371900973673,0.0371220785514,0.0370621572135,0.0373957733108,0.0373390909642,0.0374087292757,0.0376014492542,0.0378152226758,0.0379318263603,0.0379868892113,0.0382071406153,0.0384856938616,0.0387707250903,0.0387529106385,0.0389877375031,0.0391950329422,0.0392371398282,0.0393683189733,0.0393407875478,0.0394185233374,0.0394930201358,0.039564277943,0.0397456614522,0.039907611014,0.0401019504881,0.0402120761901,0.0404469030547,0.0405683652261,0.0409408492182,0.0411837735608,0.0412242609513,0.0414963362151,0.0416113204039,0.0417586945051,0.0418202353386,0.0420097163259,0.0420145748128,0.042072876655,0.042140895471,0.0423417129276,0.0425425303842,0.042712577424,0.0427368698583,0.0429004389157,0.0428826244639,0.0428405175778,0.0431223098153,0.0433117908026,0.0434688818776,0.0436664603429,0.0438348878872,0.0440405638306,0.0443013026251,0.044568519402,0.0447952487885,0.045089996991,0.0452422295791,0.0454284715751,0.0454867734173,0.0456730154134,0.0459046032867,0.0459580466421,0.0462689898007,0.0463402476079,0.0465604990119,0.0466997756351,0.0468341937714,0.0470042408112,0.0473022280049,0.0476293661197,0.0477475892998,0.0480212840592,0.0480407180066,0.0482431549588,0.048780827504,0.0489573525263,0.049289349128,0.0493589874395,0.0495970532953,0.0495452294356,0.0497136569798,0.0497800563001,0.0500035466954,0.0501752132309,0.0500958579456,0.0501460623098,0.0502237980994,0.0507485146796,0.0509250397019,0.0512019734526,0.0514173663697,0.0518546301866,0.0521380419197,0.052225494683,0.0524813749906,0.0529607456935,0.0532862643127,0.0534514528657,0.0537348645988,0.0540911536347,0.0544620181312,0.0545057445129,0.0546434016404,0.0551843131768,0.055551938682,0.0557624731123,0.0559147057004,0.0560879917315,0.0564135103507,0.0566661516671,0.0570143432249,0.057386827217,0.0576945313844,0.0578694369111,0.0581803800697,0.0584411188642,0.058865426716,0.0591958038221,0.0594014797655,0.0595456148755,0.0597350958628,0.0599634447449,0.060280865886,0.0606825007992,0.0609124691769,0.0614193713053,0.0616477201874,0.0620882229955,0.0625951251239,0.0630453449056,0.0633384736124,0.0636218853455,0.0641174510046,0.0645304223871,0.0650632364454,0.0655426071483,0.0663167260536,0.0666082352648,0.0672236435995,0.0679912845224,0.0687184380548,0.0696188776183,0.0701435941984,0.0707104176647,0.0711930273588,0.0715234044648,0.0718715960226,0.072687821814,0.0731850069687,0.0735493934827,0.0740886855234,0.0742797860063,0.0747753516654,0.0752871122806,0.0758766086855,0.0764418126561,0.0768078186657,0.077230507022,0.0775236357288,0.0779981479448,0.0786297512358,0.0794492160184,0.0800840583005,0.0806006774026,0.0811755983469,0.0816420130849,0.0824841508061,0.0831027981321,0.0838169956996,0.0845409102408,0.0847951710527,0.0854105793875,0.0860130317573,0.0865523237981,0.0870754208826,0.0878884076828,0.0884034072892,0.0890301520933,0.089836660911,0.0904115818553,0.09145939552,0.0920845208285,0.0926837342071,0.093472428573,0.0940554469954,0.0946821917995,0.0954449742354,0.0961397378555,0.0965381337775,0.0972669068055,0.0977657114558,0.0984264656678,0.0993107102751,0.100089687667,0.100907532954,0.101650881443,0.102347264559,0.103174826819,0.104034778992,0.105016193337,0.105787073251,0.106319887309,0.106881852288,0.107587952378,0.108532118323,0.109422840913,0.11004472723,0.110624506661,0.111468263878,0.111850464844,0.112522555525,0.113795479081,0.114542066561,0.115533197879,0.11632351174,0.117113825602,0.118200507161,0.119091229751,0.119957659907,0.120926118286,0.121719671139,0.122441966184,0.123395849103,0.12414729507,0.125083363537,0.126034007465,0.126605689418,0.127566050319,0.128102103369,0.129107810147,0.129998532737,0.130921645239,0.131838279759,0.132879615441,0.133742806605,0.134413277791,0.135286185929,0.136159094067,0.13737371578,0.138110586287,0.139304154557,0.140201355129,0.141017580921,0.141819231251,0.143051667416,0.144172358384,0.145336775733,0.146651806175,0.147735248743,0.148873754163,0.150012259582,0.151281944146,0.152587257614,0.153918483012,0.154752523255,0.155947711021,0.157418213042,0.158360759492,0.159508981885,0.161126858007,0.162263743931,0.163491321609,0.164770723147,0.165679260188,0.16687606745,0.16838381787,0.169468879934,0.170594429389,0.17202768301,0.173094930622,0.174273923432,0.175478828172,0.176855399447,0.178714580416,0.180183462942,0.181330065839,0.182798948364,0.184523711197,0.185939150367,0.187307624164,0.188520626382,0.189991128403,0.191302919853,0.192574223913,0.194174285584,0.195555715346,0.197016500393,0.198815760024,0.200333227418,0.202017502861,0.203998146001,0.205682421444,0.20733592647,0.209057450311,0.210710955337,0.212735324859,0.214835810676,0.216468262259,0.218507207241,0.220696765317,0.222405333193,0.224152768965,0.226539905506,0.228731083077,0.230802417972,0.232980639578,0.234893263902,0.236888482503,0.23850473913,0.240321813213,0.242608541026,0.2444288541,0.246278318095,0.247896194218,0.249760233674,0.251661521529,0.253611394253,0.255433326823,0.257846375293,0.259723370715,0.261666765456,0.263948634781,0.266078271519,0.268300219506,0.270489777582,0.272706867082,0.274915859105,0.277056832312,0.279077962843,0.281178448659,0.283533195288,0.286150300206,0.288098553434,0.290351271838,0.292537590923,0.294502039107,0.296537745099,0.298873057779,0.30093143671,0.303213306035,0.305425537049,0.307391604729,0.30996336377,0.312078425047,