# R script for Peak Model
#  -- generated by MACS
p <- c(0.015369155144,0.0179165121503,0.0205367375334,0.0229869367039,0.0254523167863,0.0254371358744,0.0254887509747,0.0255889449928,0.0256010897223,0.0257073561051,0.0256557410049,0.0257043199228,0.0257346817465,0.0259563230593,0.0260474085303,0.0260686618069,0.0260049019772,0.0259806125182,0.0259745401535,0.025904707959,0.025986684883,0.0260565170774,0.0260990236305,0.0259472145122,0.025904707959,0.0258591652235,0.025928997418,0.0259016717767,0.0261718920074,0.0263449544023,0.0264481846028,0.0264724740617,0.0264603293323,0.0266880430098,0.0268368159458,0.0270766743529,0.0272618814773,0.0274045820485,0.0273560031307,0.0273074242128,0.0275229931609,0.0274804866077,0.0274895951548,0.0274288715075,0.0272527729302,0.0271920492828,0.0272193749241,0.0272467005654,0.0271738321886,0.0272041940123,0.0271100723589,0.027210266377,0.0273802925896,0.0276201509966,0.0279116245039,0.028036107981,0.0280087823397,0.0282243512878,0.0283002558469,0.0284125945945,0.0285127886127,0.0285461866187,0.0285765484424,0.0283974136827,0.0284095584122,0.0283518709472,0.0284429564182,0.028540114254,0.028813370667,0.0288224792141,0.0288194430318,0.0288649857673,0.0288224792141,0.0290289396151,0.0291898572806,0.0293295216695,0.0293629196755,0.0291837849159,0.0290593014388,0.0291048441743,0.0291230612685,0.0291534230922,0.0291443145451,0.0290350119799,0.028986433062,0.0288923114086,0.028928745597,0.029044120527,0.0290593014388,0.0291048441743,0.0290987718096,0.0292687980222,0.0294448965995,0.0296908273712,0.0297606595657,0.0301523270911,0.0301857250971,0.0302403763797,0.0303162809389,0.0304589815102,0.0305531031636,0.0306168629933,0.0305409584341,0.0305591755283,0.0306320439051,0.0304255835042,0.0305257775223,0.0307079484643,0.0309690601479,0.0310692541661,0.0312392803786,0.0312514251081,0.0316218393569,0.0316643459101,0.0316977439161,0.031837408305,0.0319102766818,0.0319922536058,0.0318282997579,0.0317584675635,0.0319436746879,0.0321713883654,0.0322655100188,0.0323171251191,0.0325873453498,0.0326996840974,0.032787733386,0.0327846972037,0.0329273977749,0.0330913516228,0.0330397365225,0.0330822430757,0.0330549174344,0.0333312100298,0.0333767527653,0.0335164171542,0.0338989761325,0.0340750747098,0.0342147390987,0.0345305020649,0.0346914197304,0.0349798570553,0.0352865114744,0.0351832812739,0.0352075707329,0.0353138371157,0.0353229456628,0.0354535015046,0.0357874815651,0.0360121590603,0.0363856094914,0.0362914878381,0.0364098989504,0.0368349644818,0.0373146812959,0.0375515035205,0.0376274080797,0.0379704966873,0.0381982103648,0.0381223058056,0.0381040887114,0.0384502135013,0.0387052528202,0.038869206668,0.0389056408564,0.0391515716282,0.0395371667889,0.0394278642236,0.0394248280413,0.0394551898649,0.0395553838831,0.0396737949954,0.0394187556765,0.0394582260473,0.0395098411475,0.0397193377309,0.0398225679314,0.040290140016,0.040414623493,0.040827544295,0.0411341987141,0.0412677907383,0.0417080371816,0.0417960864702,0.0421270303483,0.0421422112601,0.042306165108,0.0422029349075,0.0423304545669,0.0425095893266,0.0425551320621,0.0426856879039,0.0429893061406,0.0433900822131,0.0434902762313,0.0434568782252,0.0436754833557,0.0439365950393,0.0441916343581,0.0442766474644,0.0446804597193,0.044917281944,0.044562048607,0.0447229662724,0.0448110155611,0.0451935745394,0.0455032651409,0.0457643768245,0.0458949326663,0.0460922845202,0.046074067426,0.0462380212738,0.0467814979176,0.0468725833886,0.0469879583186,0.0473280107437,0.0471306588898,0.047057790513,0.0474069514853,0.0477773657341,0.0480445497824,0.0481751056242,0.0484422896726,0.0488703913864,0.0492074076292,0.0493045654649,0.0495960389722,0.0500423577802,0.0501789859867,0.0503186503756,0.0501941668986,0.0506617389832,0.050710317901,0.0505919067887,0.050825692831,0.0510351894144,0.0511718176209,0.0513843503866,0.051420784575,0.0513782780219,0.0518215606475,0.0516059916994,0.0518822842949,0.052371109656,0.0523225307382,0.0525957871512,0.0529085139351,0.0530755039653,0.0532637472721,0.053379122202,0.0535582569617,0.0541047697878,0.0541594210705,0.0541928190765,0.054651282614,0.0547848746382,0.055064203416,0.0548668515621,0.0551158185162,0.0554467623943,0.0558596831962,0.0558323575549,0.0560752521443,0.0564699558521,0.0566156926057,0.056849478648,0.0569496726661,0.0573656296505,0.0578119484585,0.0581094943305,0.0582400501723,0.0585406322267,0.0591175068765,0.0593937994719,0.0599979997631,0.0601983877993,0.0606507789721,0.0611335319685,0.0613976798344,0.0620018801256,0.0623905114686,0.0627093106172,0.0629005901063,0.0631131228721,0.063079724866,0.0634045963793,0.0638660960992,0.0642000761596,0.0643640300074,0.0645310200376,0.0648194573626,0.0653507892769,0.0655481411307,0.0658730126441,0.0664164892878,0.0669690744787,0.067293945992,0.0678192055416,0.0684325143798,0.0690579679475,0.0697046747918,0.0701601021469,0.0711225719574,0.0716447953246,0.0724068770988,0.0730475115783,0.0738915702765,0.0745534580326,0.0752578523418,0.0757436415206,0.0762446116112,0.0768245224434,0.0774530121935,0.0780481039375,0.078415482004,0.0788982350004,0.0791836361429,0.0797756917046,0.080143069771,0.0810083817458,0.0814334472772,0.082101407398,0.0822258908751,0.0830031535612,0.0834980512871,0.0842206626905,0.0849280931821,0.0856962473211,0.0863004476122,0.0865858487548,0.0875088481945,0.0879612393672,0.0887597553299,0.089133205761,0.0896311396693,0.0899711920945,0.0900653137479,0.0903537510728,0.0911765564943,0.0921390263048,0.0926369602131,0.093429403811,0.0940366402845,0.0951327021191,0.0961680403064,0.0968785069804,0.0979472431737,0.0988702426134,0.0992042226739,0.0997294822234,0.100121149749,0.100798218417,0.101712109309,0.101985365722,0.102437756895,0.103306105052,0.104080331556,0.104966896807,0.105929366618,0.10650927745,0.107763220768,0.108488868354,0.109032344997,0.109815680048,0.110835837324,0.111755800581,0.112645402015,0.113131191193,0.114169565563,0.114828417137,0.115472087799,0.116285784673,0.117381846508,0.118241086118,0.119003167892,0.119734887843,0.120615380729,0.121544452534,0.12213043573,0.123041290441,0.12346331979,0.124547236895,0.12511803918,0.126077472808,0.126879024953,0.127455899603,0.127956869694,0.128588395626,0.129417273412,0.130312947211,0.131600288534,0.132550613615,0.133157850089,0.133935112775,0.134770062926,0.13592988459,0.136691966365,0.13737814358,0.13827685356,0.139224142459,0.139503471237,0.13959759289,0.140702763272,0.141346433934,0.142330157021,0.143344241932,0.144364399207,0.145733717455,0.146857104931,0.147813502377,0.148867057658,0.150479270495,0.151462993582,0.152710864535,0.153773528364,0.155006218405,0.156329993917,0.157000990221,0.158297440091,0.159281163178,0.160337754642,0.161330586276,0.162487371758,0.163355719916,0.164828268364,0.165256370078,0.165918257834,0.167317937905,0.168049657856,0.168866390912,0.170539327397,0.171225504612,0.172588750495,0.173775897801,0.174346700086,0.176053034576,0.177549872483,0.178952588737,0.179963637465,0.181272232066,0.18290569818,0.184593815576,0.185905446359,0.187629997943,0.189148089127,0.190456683727,0.192117475482,0.193993836185,0.195927884354,0.197767810868,0.199146237663,0.200861680701,0.202455676444,0.204365435153,0.206117312379,0.207920804705,0.209657501019,0.211075398185,0.212517584809,0.214524501354,0.216079026726,0.2179432427,0.219956231609,0.221692927924,0.223459986061,0.22539403423,0.22698499379,0.228503084974,0.230619304084,0.232310457663,0.234520798426,0.236682560272,0.238297809291,0.239876624122,0.242235737822,0.244175858355,0.246182774899,0.248478128769,0.250943508852,0.253278333092,0.255497782403,0.257428794388,0.260398180744,0.26317628761,0.265237855438,0.267745742073,0.270463125292,0.272603633861,0.274880770637,0.277428127643,0.279826711713,0.282364960172,0.284280791246,0.286925306088,0.289114393575,0.291330806703,0.293720282227,0.295918478261,0.298295809054,0.300497041271,0.302995819359,0.305673732207,0.307917470977,0.309836338233,0.312329043957,0.314994812075,0.317490553981,0.320705871108,0.323280553756,