# R script for Peak Model
#  -- generated by MACS
p <- c(0.0125534965145,0.0146156841985,0.0167204790661,0.0188721418356,0.0209343295196,0.0208874616177,0.0208931425755,0.0208931425755,0.0208704187443,0.0208377532369,0.0208689985048,0.0209045044911,0.0208618973075,0.0208704187443,0.0209882986188,0.0211828714236,0.0211942333393,0.0212354202834,0.0213234751294,0.0213646620735,0.0213461989606,0.021306432256,0.021422891891,0.0214498764406,0.0213390977633,0.0214498764406,0.0215237288921,0.0214555573984,0.021526569371,0.0215478729628,0.0216032623014,0.0217282433731,0.0217751112751,0.0217168814575,0.0218006755852,0.0216373480482,0.0216472897244,0.0217751112751,0.0218390220504,0.0218248196559,0.0217893136696,0.0218177184586,0.0217069397814,0.0217665898383,0.0218461232476,0.0218333410926,0.0218191386981,0.0217992553457,0.0218120375008,0.0219341780937,0.0220392758131,0.0220875639544,0.0222523117309,0.0222707748437,0.0222807165199,0.0223332653796,0.0224028571127,0.0224369428596,0.0223673511265,0.0223034403511,0.0223914951971,0.0223630904081,0.0222707748437,0.0223432070558,0.0222636736465,0.0222608331676,0.0223162225062,0.0224270011834,0.0224639274092,0.0225676048892,0.0224582464514,0.0225335191423,0.0226031108755,0.0226031108755,0.0226769633269,0.0227351931445,0.0226769633269,0.0226542394957,0.0227550764968,0.0226982669187,0.02272099075,0.0227508157784,0.0228417111034,0.0228615944557,0.0230206612743,0.0230277624715,0.0231626852195,0.0230973542047,0.0231115565992,0.0232067126425,0.0233359544326,0.0234041259263,0.0234424723915,0.0235063831668,0.023604379689,0.0236995357322,0.0236824928588,0.0239168323684,0.0239253538051,0.0239551788336,0.0238898478188,0.0238230965646,0.0237904310572,0.0238387191985,0.0237705477048,0.0237932715361,0.0238699644665,0.0237279405213,0.0238671239876,0.0239637002703,0.0241625337935,0.0241966195404,0.0242903553442,0.0244181768949,0.0244906091069,0.0245587806006,0.0244891888674,0.0245573603611,0.0245289555721,0.0245942865869,0.0245886056291,0.0247490926871,0.0248186844203,0.0247561938844,0.0248328868148,0.0248967975901,0.0250885299161,0.0252149312273,0.0252646396081,0.025223452664,0.025267480087,0.0252333943402,0.0253782587643,0.0255770922875,0.0256282209078,0.0257304781483,0.0258511985017,0.0259506152634,0.0260642344195,0.026285791774,0.0264817848183,0.0267289064829,0.0268879733015,0.027005853176,0.0270953282615,0.0272643367563,0.0273353487289,0.0274560690823,0.0276378597321,0.027744377691,0.0278239111003,0.0279162266646,0.0279659350455,0.0279588338482,0.0280980173145,0.0281065387512,0.0282229983862,0.0283749640076,0.0285340308262,0.0285226689106,0.0286235059116,0.0287115607577,0.0288763085341,0.0291390528327,0.0292356291154,0.0295125758085,0.0296233544857,0.0297270319657,0.0298292892062,0.0301275394911,0.0303419956483,0.030586276834,0.0305805958762,0.0307638067655,0.0308930485556,0.0311586333331,0.0313659882931,0.031604588521,0.0316898028881,0.0318872161719,0.0319170412004,0.0321116140053,0.0323914011773,0.0323544749515,0.0325263239252,0.0324425297975,0.0326143787712,0.0326427835603,0.0327691848715,0.0327919087027,0.0329907422259,0.0330901589876,0.0331782138336,0.0335219117809,0.0337150643464,0.0338769716439,0.0339692872082,0.0341184123507,0.0342533350986,0.0344322852695,0.0344763126925,0.0346083949615,0.0347802439352,0.0348441547105,0.0349364702749,0.0351068990091,0.0352162574469,0.0354747410271,0.0357985556222,0.0360882844703,0.0364149395442,0.0365441813344,0.0367941434779,0.0368821983239,0.0371264795096,0.0372216355529,0.0373693404559,0.0374446131468,0.0375752751764,0.0376519681068,0.0378380194749,0.0379317552788,0.0379530588705,0.0380851411396,0.0382484686765,0.0384330998053,0.0386574976386,0.0388662728381,0.0390835694742,0.0392696208424,0.0392767220396,0.0393775590407,0.0395877544796,0.0398575999754,0.0400180870335,0.0402439051063,0.0403987112065,0.0405790816169,0.0406216888005,0.0406600352657,0.0409526045928,0.041415602654,0.0414709919927,0.0417806041932,0.0419822781953,0.0420916366331,0.0421967343525,0.0423330773399,0.0426412693009,0.0428699278527,0.0430914852072,0.0431596567009,0.0436041916493,0.0436070321282,0.0436638417062,0.0439549907939,0.0440927540207,0.0442461398815,0.0442958482623,0.0445429699269,0.0446210830968,0.0447204998584,0.0447062974639,0.0449093917055,0.0451096454682,0.0453638683301,0.0456535971782,0.0461080738028,0.0463651371436,0.0466577064706,0.0468437578388,0.0470880390245,0.0473791881122,0.0477285670173,0.0481390162189,0.0483080247136,0.0486886488867,0.0487781239722,0.0488960038467,0.0489797979743,0.0493078732877,0.0495691973468,0.0498092178142,0.0501202502541,0.05039009575,0.050669882922,0.0509951177565,0.0511783286457,0.0516654707777,0.052024791359,0.0523855321798,0.0529124410164,0.0533399330914,0.0535898952349,0.0540401111411,0.0542701899323,0.0545513973438,0.0550200763629,0.0553311088028,0.0558722200339,0.056152007206,0.0565496742525,0.0570751628496,0.0576049121651,0.0579500303519,0.0585507916401,0.0591359302942,0.059729590385,0.0603260909548,0.0607990306923,0.061571640954,0.0620942890723,0.0624394072591,0.0629279696305,0.063385286734,0.0639121955706,0.0642729363914,0.0648339309748,0.0652173956268,0.0655412102218,0.0659687022968,0.066362108625,0.0669884342232,0.0674769965946,0.0682311437435,0.0688177026371,0.0695008378135,0.0699325906068,0.0705347721344,0.0712051251556,0.0716155743572,0.0722319582793,0.0727801707077,0.0735016523492,0.0739121015508,0.0746903927703,0.0753806291439,0.0761873251525,0.0769258496675,0.0776231872383,0.0784753309094,0.0792507816501,0.0799665823338,0.0805247364384,0.0814223277719,0.081859761523,0.0826167491509,0.0832956236088,0.0841065803358,0.0848394238929,0.0855509638583,0.0861929120905,0.087238208327,0.0878900982354,0.0887550240616,0.0895943855776,0.0902491159649,0.091070014368,0.0917914960095,0.092572627708,0.0934758999993,0.0942272066694,0.0948308084364,0.0957880498269,0.0963419432131,0.0972778810118,0.0981896747399,0.0990134136219,0.0997093309533,0.100783031979,0.101612451819,0.102652067097,0.103531195318,0.104505479582,0.105556456776,0.106425643321,0.10733459657,0.108338705862,0.109621182087,0.110274492235,0.111211850273,0.112078196339,0.113036857969,0.11399267912,0.114918675243,0.115922784535,0.116892808081,0.11754185751,0.118327249927,0.119447818854,0.120336888751,0.121443255284,0.122264153687,0.123093573527,0.124040873242,0.124966869364,0.125799129683,0.126914017653,0.128003341312,0.128903773125,0.129893680022,0.130767127285,0.132073747581,0.132999743704,0.134194165083,0.13539142694,0.136465127966,0.137518945639,0.138551459721,0.139940453905,0.141214408693,0.14241451103,0.143280857095,0.144756485886,0.145665439135,0.146652505554,0.147947763934,0.149177691299,0.150338026931,0.151427350591,0.152790780464,0.154084618605,0.155537523564,0.156635368661,0.15824307972,0.159799662159,0.161190076582,0.162586171964,0.163976586387,0.165375522247,0.166763096191,0.168213160672,0.169765482392,0.171388816086,0.172550571957,0.174449432104,0.175973349036,0.177498686207,0.179312331987,0.180709847608,0.182230924061,0.183733537401,0.185217687628,0.186863745153,0.188570872974,0.189812162255,0.191840264192,0.19360704207,0.195308488933,0.19720734908,0.199079224678,0.200980925304,0.203051634424,0.20497889936,0.20707943351,0.209143041433,0.210958107453,0.212954964122,0.214839621874,0.216964300094,0.219070515201,0.221622685496,0.223765826829,0.225612138116,0.228057790452,0.230314550941,0.232361115991,0.234555385944,0.236543721177,0.238868653159,0.24109416838,0.243035635711,0.245119126987,0.247943983256,0.249943680405,0.252191919457,0.254781015977,0.257590249613,0.260444930911,0.263235701434,0.265912852801,0.26811706443,0.270625207302,0.273181638315,0.275600306101,0.278121231128,0.280904900454,0.283221311,0.285702469322,0.287943607177,0.290269959399,0.293378863559,0.296111404264,0.298667835278,0.301359189039,0.304208189379,0.306280318739,0.308649278145,0.311427266513,0.314242181106,0.316959099177,0.319504168275,0.32202935402,0.324689462514,0.327044219525,0.329237069238,0.331990913535,