# R script for Peak Model
#  -- generated by MACS
p <- c(0.042548061739,0.0495319045963,0.0568716120578,0.0630992426312,0.0705279162437,0.0702387762528,0.0701498101018,0.0700163608752,0.0704167085549,0.070594640857,0.0711729208388,0.0714175777542,0.0713953362164,0.0727075869444,0.0725074131045,0.0718179254339,0.0719736161982,0.0722849977269,0.0724184469535,0.0722405146514,0.0717067177451,0.0716177515941,0.0708615393101,0.0711951623766,0.0708170562346,0.0715732685185,0.0713508531409,0.0708837808479,0.0705501577815,0.0707280900836,0.070594640857,0.0704389500927,0.0707948146969,0.069660496271,0.0705056747059,0.0704611916304,0.0711061962255,0.0718624085094,0.0719736161982,0.0718179254339,0.0713953362164,0.0715732685185,0.0717956838961,0.0721960315759,0.0709505054612,0.0707503316213,0.0696382547332,0.0694380808934,0.0698384285731,0.0693046316668,0.0705723993192,0.0704834331682,0.0703722254794,0.0705723993192,0.071150679301,0.0708170562346,0.0710839546878,0.0708170562346,0.0708170562346,0.0709949885367,0.0699718777997,0.070216534715,0.0696382547332,0.0697717039598,0.0700830854885,0.0706168823948,0.0708392977724,0.0713730946787,0.0705279162437,0.0703722254794,0.0702610177906,0.0709282639234,0.0709282639234,0.0702832593283,0.0702832593283,0.0699496362619,0.0700830854885,0.0694825639689,0.0707280900836,0.0713508531409,0.0715065439052,0.0707503316213,0.0711061962255,0.0716622346696,0.0719291331227,0.0720180992738,0.0716622346696,0.0717289592829,0.0712174039143,0.0721960315759,0.072930002322,0.0718401669717,0.0719291331227,0.0722182731136,0.0729077607843,0.0727298284822,0.0723517223402,0.0717956838961,0.0723072392647,0.0710172300745,0.0705501577815,0.0713953362164,0.0713063700654,0.0703944670171,0.0695048055066,0.0698829116486,0.0701720516395,0.07106171315,0.0702832593283,0.0706168823948,0.0703722254794,0.0704834331682,0.0712396454521,0.0713730946787,0.0710839546878,0.0715955100563,0.072373963878,0.0715955100563,0.0710172300745,0.0708615393101,0.0711729208388,0.0706613654703,0.0701720516395,0.0696160131955,0.0699273947241,0.069193423978,0.068726351685,0.0686151439962,0.0690377332136,0.0696827378087,0.0695492885822,0.0695492885822,0.0693935978178,0.0695492885822,0.0684816947696,0.0681480717032,0.067414100957,0.0680368640143,0.0685929024584,0.0674585840325,0.0670359948151,0.0676587578724,0.0679701394011,0.0684372116941,0.0686596270717,0.0686373855339,0.0693935978178,0.0692601485913,0.0690822162892,0.0695492885822,0.0703055008661,0.0709060223857,0.0712174039143,0.0706391239325,0.0702832593283,0.0700608439507,0.0700608439507,0.0706613654703,0.070683607008,0.0701053270262,0.0702610177906,0.0693046316668,0.0688375593738,0.0696160131955,0.070216534715,0.0704834331682,0.0710394716122,0.070594640857,0.0706391239325,0.0713730946787,0.0709949885367,0.0706613654703,0.0701942931773,0.0706391239325,0.0715732685185,0.0720848238871,0.0712841285276,0.0719736161982,0.0718401669717,0.0716844762073,0.0722849977269,0.0729744853975,0.0737306976815,0.073308108464,0.0727743115577,0.0726631038689,0.0730189684731,0.0727075869444,0.0729077607843,0.0731301761619,0.0729744853975,0.072841036171,0.0723072392647,0.0723517223402,0.0716622346696,0.0720180992738,0.0722182731136,0.0716177515941,0.0716177515941,0.0716622346696,0.0715732685185,0.0716399931318,0.071995857736,0.0717067177451,0.0722849977269,0.0718846500472,0.07106171315,0.0717067177451,0.0717067177451,0.0713286116031,0.0713730946787,0.0716177515941,0.0716622346696,0.0723294808024,0.0717067177451,0.0721960315759,0.0729522438598,0.0725074131045,0.0723072392647,0.0727520700199,0.0721293069626,0.0715065439052,0.0712841285276,0.0703722254794,0.0708170562346,0.0707503316213,0.0705279162437,0.0703944670171,0.0698829116486,0.0698829116486,0.0705501577815,0.0710839546878,0.0709282639234,0.0714620608297,0.072373963878,0.0725074131045,0.0723517223402,0.0725296546423,0.0739753545968,0.0733303500017,0.0735305238416,0.0731524176996,0.0733525915395,0.0736862146059,0.0729522438598,0.0729077607843,0.0733748330773,0.0731301761619,0.0729077607843,0.0735305238416,0.0731746592374,0.0739531130591,0.0753765714759,0.0755545037779,0.0755100207024,0.0757991606933,0.075643469929,0.0755989868535,0.0754655376269,0.0750429484094,0.0746426007297,0.0743979438143,0.0723517223402,0.0717512008206,0.0718401669717,0.0718401669717,0.0717734423584,0.0725518961801,0.0726631038689,0.0727965530954,0.0732636253884,0.073775180757,0.0741755284367,0.07424225305,0.0746426007297,0.0751986391738,0.0753765714759,0.0746426007297,0.0739086299836,0.0743534607388,0.0755989868535,0.0750874314849,0.0760660591465,0.0758214022311,0.0758658853066,0.0750874314849,0.0755545037779,0.076110542222,0.0774005514122,0.0767555468171,0.0759770929954,0.0759770929954,0.0753098468626,0.0757991606933,0.0749539822584,0.0751096730227,0.074709325343,0.075176397636,0.0749094991828,0.0760883006842,0.0768889960437,0.0779343483185,0.0791798744332,0.0805143666989,0.0831833512304,0.0839840465898,0.0857633696108,0.0877873495471,0.0889883925863,0.0899670202478,0.090789957145,0.0909011648338,0.0923468647884,0.0929918693835,0.0937258401296,0.0941929124226,0.0941484293471,0.0943486031869,0.0944820524135,0.0950825739331,0.0950380908576,0.09630585851,0.0957720616037,0.0959277523681,0.0956608539149,0.095838786217,0.0955718877639,0.0947711924044,0.0948601585555,0.0944820524135,0.0955051631506,0.095838786217,0.0961056846702,0.0969508631051,0.0960834431324,0.0961279262079,0.0975736261625,0.0977738000023,0.0981519061443,0.0979739738422,0.0967506892653,0.0955496462261,0.0953272308485,0.0941706708848,0.0947934339422,0.0961946508212,0.0955051631506,0.0965060323499,0.0962613754345,0.0965060323499,0.0969953461806,0.0981296646065,0.0983298384464,0.0987969107394,0.0987079445883,0.0974846600114,0.097707075389,0.0968396554163,0.0975513846247,0.0974401769359,0.0988413938149,0.0990860507303,0.0992194999569,0.0992194999569,0.099019326117,0.0995308814855,0.099864504552,0.099953470703,0.09948639841,0.0994419153345,0.0973067277093,0.0971955200205,0.0978405246156,0.0982853553708,0.0987746692016,0.0989526015037,0.098085181531,0.0978182830778,0.0975513846247,0.098174147682,0.0990638091925,0.0980629399932,0.0983965630597,0.0973956938604,0.0976848338513,0.098085181531,0.0992417414946,0.100242610694,0.101621586035,0.101666069111,0.101621586035,0.102400039857,0.101666069111,0.101888484488,0.100932098365,0.100687441449,0.0997755384009,0.0993084661079,0.0979739738422,0.0992194999569,0.0998200214764,0.0997310553254,0.0996643307121,0.0998867460897,0.100998822978,0.100887615289,0.101043306053,0.10097658144,0.100754166062,0.0992194999569,0.0999979537785,0.100420542996,0.101265721431,0.102021933715,0.102533489083,0.103445392132,0.104401778255,0.10475764286,0.106314550503,0.107048521249,0.106492482805,0.106314550503,0.106270067427,0.106536965881,0.106826105871,0.106692656645,0.106270067427,0.106225584352,0.106292308965,0.105669545908,0.105669545908,0.106181101276,0.105580579757,0.104846609011,0.103845739811,0.103534358283,0.103134010603,0.104512985944,0.104579710558,0.105335922841,0.10475764286,0.104446261331,0.105091265926,0.10624782589,0.106848347409,0.106692656645,0.107448868929,0.106336792041,0.106314550503,0.10584747821,0.107248695089,0.107426627391,0.107248695089,0.107471110467,0.107826975071,0.108294047364,0.107960424297,0.108227322751,0.108916810421,0.109984404234,0.108872327346,0.108805602732,0.108227322751,0.108383013515,0.108449738128,0.108672153506,0.108916810421,0.108983535034,0.108338530439,0.107849216609,0.108405255053,0.108538704279,0.110073370385,0.108961293497,0.10882784427,0.108360771977,0.109005776572,0.109094742723,0.108761119657,0.109183708874,0.108805602732,0.109561815016,0.109294916563,0.109939921158,0.110295785762,0.110562684216,0.109984404234,0.110696133442,0.11111872266,0.111630278028,0.112230799548,0.111763727255,0.112364248774,0.11260890569,0.112141833397,0.112275282623,0.113276151823,0.113231668747,0.112831321067,0.112720113378,0.112542181076,0.113075977983,0.112853562605,0.112875804143,0.111963901095,0.112275282623,