# R script for Peak Model
#  -- generated by MACS
p <- c(0.0431070114247,0.0508866151431,0.0584822783008,0.0661104015574,0.0733922837584,0.0731975231646,0.073727704781,0.0742578863974,0.073781804946,0.0738791852429,0.0736844246491,0.0728945622409,0.0726565215152,0.0716718985133,0.0713472975236,0.0711092567979,0.071001056468,0.0709036761711,0.0712066370948,0.071055156633,0.0710984367649,0.0712174571278,0.0714663178865,0.071888299173,0.0724942210204,0.0730027625708,0.072829642043,0.0731975231646,0.072862102142,0.0725699612513,0.072872922175,0.0733598236594,0.0725483211853,0.0727755418781,0.0726781615812,0.0730568627358,0.0733273635605,0.0729270223399,0.0733706436924,0.0735978643852,0.0735978643852,0.0727863619111,0.0732191632306,0.0731867031316,0.0729162023069,0.0724834009874,0.0718017389091,0.0715853382494,0.0710767966989,0.0715528781504,0.0711633569628,0.0716502584473,0.0718450190411,0.0717043586122,0.0716935385793,0.0717043586122,0.0720289596019,0.071942399338,0.0718233789751,0.0706764554784,0.0707630157423,0.0706007152475,0.070070533631,0.070081353664,0.070070533631,0.0698541329713,0.0695728121136,0.0696810124435,0.069226571058,0.0703193943898,0.0704059546537,0.0702544741918,0.0714013976886,0.071909939239,0.0717151786452,0.0717800988432,0.0718125589421,0.071942399338,0.0722994604266,0.0720938797998,0.0726240614162,0.0724076607565,0.0715204180515,0.0713364774907,0.0716069783154,0.0717800988432,0.0721046998328,0.0713581175566,0.0718233789751,0.0711741769958,0.0707954758412,0.0708279359402,0.0706980955444,0.0700272534991,0.0698324929053,0.0693239513549,0.0693131313219,0.07010299373,0.0697134725424,0.0702436541589,0.0698324929053,0.0704059546537,0.0700164334661,0.0706980955444,0.0716394384143,0.0721046998328,0.0718774791401,0.0718666591071,0.0723752006575,0.0726565215152,0.0729378423729,0.07281882201,0.0733814637254,0.0731326029667,0.0726673415482,0.072797181944,0.0732840834285,0.072883742208,0.0726348814492,0.0726889816142,0.0723102804596,0.0722129001627,0.0722345402287,0.0725050410534,0.071888299173,0.0722237201957,0.0722345402287,0.0722237201957,0.0723968407235,0.071931579305,0.0729270223399,0.0730135826038,0.0727863619111,0.0721046998328,0.0727539018121,0.0720289596019,0.0721371599318,0.0720938797998,0.0718450190411,0.0720181395689,0.0716610784803,0.0717368187112,0.071888299173,0.0726348814492,0.0724509408884,0.0724293008225,0.0723535605915,0.0729162023069,0.0727214417131,0.0724076607565,0.0721587999977,0.071909939239,0.0725158610864,0.071974859437,0.0724617609214,0.0724942210204,0.071899119206,0.0718341990081,0.0724942210204,0.072829642043,0.0733057234945,0.0732516233295,0.0728945622409,0.0733490036264,0.0731109629007,0.0735221241543,0.0743336266284,0.0739657455068,0.0738142650449,0.073792624979,0.0734355638903,0.0734463839233,0.0734788440223,0.0736411445171,0.0740414857377,0.0741605061006,0.073727704781,0.0745716673541,0.0738467251439,0.0738575451769,0.0736195044511,0.0738575451769,0.073749344847,0.0732516233295,0.0721371599318,0.071888299173,0.0722453602617,0.0717151786452,0.0723752006575,0.0725050410534,0.072808001977,0.0734680239893,0.072808001977,0.0725807812843,0.0729703024719,0.0731109629007,0.0725266811193,0.0723102804596,0.0722129001627,0.0717909188762,0.0716827185463,0.0707738357753,0.0714987779855,0.0727863619111,0.0726998016472,0.0733165435275,0.0736627845831,0.0739116453418,0.0743985468263,0.0751234890365,0.0753939898612,0.07553465029,0.0758917113786,0.0747880680139,0.0751559491355,0.0743660867273,0.0748529882118,0.0751126690035,0.07470150775,0.0744418269582,0.073781804946,0.0739765655398,0.0739873855727,0.0739441054408,0.0739224653748,0.0742362463315,0.0736411445171,0.0733057234945,0.0729486624059,0.0726240614162,0.0732083431976,0.0734139238244,0.0730676827688,0.0733057234945,0.0731975231646,0.072862102142,0.0733598236594,0.0740414857377,0.0743228065954,0.074625767519,0.0752641494653,0.0749611885417,0.0752749694983,0.0753074295973,0.0752749694983,0.0758159711477,0.0761081120384,0.0748854483108,0.0750477488056,0.0755130102241,0.0746041274531,0.074690687717,0.0743552666943,0.074679867684,0.0743769067603,0.0741172259686,0.073716884748,0.0742687064304,0.0742254262985,0.0739982056057,0.0749179084097,0.0750693888716,0.0751234890365,0.0751992292674,0.0757077708179,0.0760756519394,0.0760648319065,0.0757835110488,0.0759133514446,0.0757402309168,0.0757618709828,0.0763245126982,0.0765409133579,0.0765950135229,0.0769628946445,0.0766166535889,0.07647599316,0.0769412545785,0.0770061747764,0.0773199557331,0.0766382936548,0.0765733734569,0.0767356739517,0.0766815737868,0.07647599316,0.0766274736218,0.0770819150073,0.0771792953042,0.0776120966238,0.0784235990979,0.0788780404834,0.0787482000875,0.0786399997576,0.0786940999226,0.0785426194607,0.0786183596917,0.0781639183062,0.0779150575474,0.078337038834,0.0779583376794,0.0792675616709,0.0796895429575,0.080089884178,0.0807390861573,0.0815397685984,0.0827083321612,0.0840391962187,0.0855323607711,0.0859327019916,0.0864520635751,0.0862681230143,0.0871337256533,0.0881075286222,0.0888973910304,0.0897305335705,0.0894383926798,0.090098414692,0.0904554757807,0.091061397628,0.0916132193104,0.0916781395083,0.0915915792444,0.0916889595413,0.0917755198052,0.0918620800691,0.0923273414876,0.0921975010917,0.0921542209598,0.091927000267,0.0923706216196,0.0932578643246,0.0940260866667,0.0941667470956,0.0938421461059,0.0935175451163,0.0936690255781,0.0933877047204,0.0938529661389,0.0938313260729,0.0931496639947,0.0926411224443,0.0921325808938,0.0920243805639,0.0925870222793,0.0930414636648,0.0935391851823,0.0936149254132,0.0931280239287,0.0927926029061,0.0933552446215,0.0932254042256,0.09287916317,0.0932578643246,0.0934959050503,0.0935716452812,0.0932795043906,0.0934309848524,0.0936798456111,0.0942749474255,0.0940801868317,0.0941451070296,0.0952812104934,0.0949133293718,0.0949133293718,0.0952379303614,0.0953353106583,0.0952703904604,0.0955192512191,0.0951513700975,0.0953136705923,0.095627451549,0.0944805280522,0.094696928712,0.0944156078543,0.0942424873265,0.093777225908,0.0940044466008,0.0938746062049,0.0943290475904,0.0945021681182,0.0942533073595,0.0949998896357,0.0953461306913,0.0956599116479,0.0958546722417,0.0960927129675,0.096503874221,0.0962225533633,0.0966120745509,0.0968609353096,0.0971422561673,0.0972396364642,0.0968609353096,0.0977806381136,0.0976507977178,0.0986246006867,0.0983973799939,0.0989816617753,0.0990357619402,0.0988193612805,0.0993820029959,0.0988193612805,0.0994361031608,0.0987652611155,0.0987328010166,0.0987760811485,0.0994685632598,0.099208882468,0.099230522534,0.0989167415774,0.0975966975528,0.0989600217093,0.0989059215444,0.0989924818083,0.0995226634247,0.099241342567,0.0994469231938,0.100604666724,0.100821067383,0.101989630946,0.10352607563,0.103536895663,0.103915596818,0.10395887695,0.103439515366,0.103558535729,0.103969696983,0.103450335399,0.103710016191,0.102866053618,0.102930973816,0.102757853288,0.102368332101,0.102779493354,0.103169014542,0.103244754773,0.102747033255,0.103093274311,0.10312573441,0.104196917676,0.104618898962,0.104651359061,0.104921859886,0.104802839523,0.10468381916,0.10468381916,0.104434958401,0.104218557742,0.104781199457,0.104521518665,0.104770379424,0.104737919325,0.105365481238,0.105603521964,0.106068783383,0.106555684867,0.106988486186,0.107367187341,0.107789168628,0.107680968298,0.107323907209,0.107280627077,0.106869465824,0.1065665049,0.106880285857,0.106999306219,0.106761265494,0.10689110589,0.106826185692,0.107280627077,0.107605228067,0.108200329881,0.108319350244,0.109368893444,0.109682674401,0.109650214302,0.110634837303,0.110851237963,0.110147935819,0.109661034335,0.109293153213,0.109358073411,0.109920715126,0.11022367605,0.110526636974,0.110678117435,0.110504996908,0.110591557172,0.111219119085,0.111738480668,0.112560803175,0.112961144396,0.113004424528,0.112744743736,0.112820483967,0.113675266573,0.113567066243,0.114021507629,0.114270368387,0.1149303904,0.114335288585,0.114551689245,0.11514679106,0.114919570367,0.11482219007,0.114670709608,