# R script for Peak Model
#  -- generated by MACS
p <- c(0.0149373314915,0.017380958971,0.0199258977059,0.0224708364407,0.0248982541193,0.0248050477644,0.0247928904138,0.0250441423271,0.0249590408726,0.0248050477644,0.0249833555739,0.0249225688206,0.024796942864,0.024703736509,0.0246307924052,0.0246429497558,0.0245132713489,0.0243430684399,0.0242701243361,0.0243228061889,0.0244524845957,0.0245456909507,0.0246388973056,0.0246510546562,0.0245983728035,0.0246753693575,0.0247158938597,0.0247118414095,0.0248496247168,0.0248009953142,0.0247199463099,0.0247361561108,0.0246956316086,0.0246388973056,0.0247321036605,0.0245659532017,0.0245254286996,0.0245213762494,0.0243714355914,0.0243511733404,0.0241444983794,0.0241526032798,0.0241404459292,0.0240593969249,0.0239824003708,0.0239256660678,0.0238243548124,0.0238527219639,0.0237757254099,0.0237311484575,0.0238446170635,0.0237959876609,0.0236419945528,0.0237838303103,0.0239783479206,0.0239986101717,0.0240715542755,0.0241404459292,0.0240593969249,0.024099921427,0.0240269773232,0.0239580856695,0.024043187124,0.0238081450116,0.0236298372021,0.0234110048905,0.0235285259468,0.0234110048905,0.0235123161459,0.023496106345,0.0235042112455,0.0235649979987,0.0235163685961,0.0235974176004,0.0236865715051,0.0237392533579,0.0236136274013,0.0237189911069,0.0237676205094,0.0236500994532,0.0237108862064,0.0236419945528,0.0237797778601,0.0239459283189,0.0237311484575,0.0239580856695,0.0239459283189,0.0239824003708,0.0240593969249,0.024249862085,0.0241728655309,0.0240391346738,0.0238446170635,0.0237433058081,0.0239216136176,0.0239499807691,0.0240877640764,0.0240067150721,0.023816249912,0.0236338896523,0.0237919352107,0.02396619057,0.0241485508296,0.0243025439378,0.0244281698944,0.0242458096348,0.0241323410288,0.0240675018253,0.0240026626219,0.0240756067258,0.023986452821,0.0238891940159,0.0240472395743,0.0238081450116,0.0236663092541,0.0237635680592,0.0236703617043,0.0236136274013,0.0237878827605,0.0238932464661,0.0239418758687,0.0239945577215,0.0239580856695,0.0242336522841,0.0240756067258,0.0241769179811,0.0242295998339,0.0243268586391,0.0243916978425,0.0245051664485,0.0245335336,0.0246105301541,0.0245862154528,0.0245173237992,0.0247685757125,0.024853677167,0.0249914604743,0.0251292437816,0.0251738207339,0.0249387786215,0.0250360374266,0.0249955129245,0.0249995653747,0.024796942864,0.0248820443185,0.0245862154528,0.0244322223447,0.0243998027429,0.0243998027429,0.024363330691,0.0242944390374,0.0243511733404,0.024193127782,0.0245983728035,0.0246996840588,0.0247564183618,0.0250441423271,0.0249509359721,0.02491041147,0.0250603521279,0.0250198276258,0.0250968241799,0.0252670270889,0.0251576109331,0.0250562996777,0.0251251913314,0.0251089815305,0.0251697682837,0.0252062403357,0.0253561809936,0.0255344888031,0.0255466461537,0.0257735833657,0.0257533211147,0.025891104422,0.0262598773915,0.0262112479889,0.0262558249413,0.0263733459975,0.0264908670537,0.026665122413,0.0268555875731,0.0264908670537,0.0266245979108,0.0266205454606,0.0265070768546,0.0266691748632,0.0267948008198,0.0268272204216,0.0268474826726,0.0268555875731,0.0268596400233,0.0270946821357,0.0272040982915,0.0272203080924,0.0274553502048,0.027325671798,0.0273783536508,0.0272729899452,0.027212203192,0.0271797835902,0.027268937495,0.0274148257027,0.0272081507417,0.0271676262396,0.0272729899452,0.0273135144473,0.0275201894083,0.0278200707242,0.0279700113821,0.0279983785336,0.0279700113821,0.0277673888714,0.0280510603864,0.0283549941525,0.0279821687328,0.0283023122997,0.0284482005075,0.0284846725594,0.0285170921611,0.0286751377195,0.0286670328191,0.0289263896328,0.0289223371826,0.0288412881783,0.0290763302907,0.0288453406285,0.0285657215637,0.0285211446113,0.0285251970615,0.0283752564036,0.0282172108452,0.0283104172002,0.0282334206461,0.0284725152087,0.0285089872607,0.0286710852693,0.0287967112259,0.0288534455289,0.0288331832779,0.0289142322822,0.0290925400916,0.0290236484379,0.029080382741,0.0285981411654,0.0284684627585,0.0285576166633,0.028476567659,0.0284319907066,0.028533301962,0.028703504871,0.0289223371826,0.0288980224813,0.028646770568,0.0289588092345,0.0290601204899,0.0288696553298,0.0289709665852,0.0289344945332,0.0287967112259,0.0286427181178,0.0285373544122,0.0285454593126,0.0289020749315,0.0289709665852,0.0289182847324,0.0291209072431,0.0293356871045,0.029477522862,0.0295545194161,0.0296072012689,0.0295990963684,0.0296517782212,0.0295950439182,0.0295018375633,0.0296396208706,0.0296801453727,0.0296112537191,0.029647725771,0.0295828865676,0.0294532081607,0.0294937326629,0.0294329459096,0.0294045787581,0.029534257165,0.0294005263079,0.0294734704118,0.0293924214075,0.0292667954508,0.0293518969053,0.0297692992775,0.0297895615285,0.0299719217882,0.0301461771474,0.0302150688011,0.0304460584633,0.0304298486625,0.0305027927663,0.0306729956753,0.0308472510346,0.0308634608354,0.0312079191037,0.0314429612161,0.0316415312767,0.0319778846445,0.0322250841076,0.0326019619776,0.0330355741505,0.0334691863235,0.0339676376999,0.0341094734574,0.0342634665656,0.0342026798124,0.0344377219248,0.0343931449725,0.0344458268253,0.034328305769,0.0342675190158,0.0342269945137,0.0342999386175,0.0344336694746,0.0343566729205,0.0347294983403,0.0345187709291,0.0344741939768,0.0343607253708,0.0345633478815,0.034478246427,0.0344417743751,0.0341662077605,0.0342391518643,0.0341256832583,0.0342067322626,0.0347335507905,0.0350536943575,0.0353171036214,0.0353819428249,0.035572407985,0.0358033976472,0.0362126951189,0.0364112651794,0.0369461886078,0.0367030415949,0.0365004190841,0.0366260450408,0.0369907655601,0.0372177027721,0.0372501223739,0.0372177027721,0.0371731258198,0.0371893356206,0.0371569160189,0.0373595385297,0.0375824232915,0.0377283114992,0.0376148428932,0.0377972031529,0.0379795634125,0.0380281928151,0.0382105530748,0.038328074131,0.0385631162434,0.0389278367628,0.0391750362259,0.0391871935765,0.0394951797928,0.0395843336976,0.0397585890568,0.0403056698358,0.0405528692989,0.0408689604156,0.0409337996191,0.0409378520693,0.0412255760345,0.0413552544414,0.0416672931079,0.0418537058178,0.0425061503024,0.0425912517569,0.0430329688303,0.0433085354449,0.0437218853668,0.04415954999,0.0445972146132,0.0451726625437,0.0455090159115,0.0458696839806,0.0462019848982,0.0468544293828,0.047348828309,0.0478715943867,0.0483659933129,0.0488603922391,0.049273742161,0.0499261866456,0.0504003233207,0.050935246749,0.051425593225,0.0518835200993,0.0521834014152,0.0523049749216,0.0528925802028,0.053634178592,0.0540272662629,0.0544041441328,0.0550930606694,0.0560089144179,0.056709988305,0.0573381180883,0.0583026012394,0.0592306123386,0.0601140464854,0.0609407463292,0.0621281142421,0.0630804400426,0.0640854476959,0.0650013014444,0.0659657845955,0.0669586348981,0.0679352753999,0.0690375418583,0.0699250284553,0.0708895116064,0.0718296800562,0.073260194982,0.0742084683323,0.0751810563838,0.0764454208508,0.0777786769715,0.0788201566766,0.0799467378363,0.0813975150132,0.0828037152377,0.0841329189082,0.0855229093318,0.0872492531233,0.088809446456,0.0900576011221,0.091792049814,0.0936156524106,0.0957512936738,0.0977207844782,0.0997794291873,0.101262625966,0.10265666884,0.104297911177,0.10606072702,0.108435462846,0.110283380144,0.112082668039,0.113853588783,0.115993282496,0.117865514496,0.120426663031,0.123016178719,0.125674586059,0.128308678699,0.130460529763,0.133143251805,0.135830026298,0.138934203162,0.141487246797,0.144798098623,0.14776449218,0.15060120733,0.153482499433,0.156663672852,0.160452713802,0.164245807203,0.167876802596,0.171098500516,0.174976695372,0.178546904011,0.182056325897,0.185638691887,0.189606040647,0.193743592316,0.197277328904,0.201070422305,0.204721679948,0.208664714007,0.212522646611,0.216360316965,0.220716700946,0.224992035922,0.229194426795,0.2330604643,0.238203023622,0.2425026733,0.247673599774,0.25212724256,0.256576832896,0.26174775937,0.266821427039,0.272113927019,0.277260538792,0.282897497041,0.287752332398,0.292404545244,0.297303957554,0.302835552097,0.30797811142,0.312298023349,