# R script for Peak Model
#  -- generated by MACS
p <- c(0.0138945245456,0.0162869844249,0.0186452119689,0.0208893317285,0.023399702985,0.023399702985,0.0234225245419,0.0233160239432,0.0233844886138,0.0235822754401,0.0235480431047,0.0234681676557,0.0234491496916,0.0235518466976,0.0234529532844,0.0232513628653,0.0233084167575,0.023380685021,0.0234073101707,0.023319827536,0.0233654706497,0.0234225245419,0.0235670610688,0.023624114961,0.0235138107694,0.0237914730448,0.0238941700507,0.0238865628651,0.0238751520867,0.0239207952004,0.0237838658591,0.0237344191526,0.0235822754401,0.0235100071766,0.0235936862185,0.023563257476,0.0236089005898,0.023684972446,0.0236507401107,0.0236469365179,0.0237496335238,0.0238561341226,0.0238979736435,0.0239398131645,0.0238599377154,0.0237192047813,0.0236012934041,0.0235898826257,0.0235556502904,0.0235974898113,0.0236507401107,0.0235290251407,0.0234757748413,0.0234985963982,0.0235784718473,0.0237496335238,0.0236507401107,0.0235442395119,0.0235860790329,0.0235594538832,0.0236050969969,0.0237230083741,0.0238028838232,0.0237762586735,0.0239512239429,0.0239968670567,0.0241452071764,0.0243848335236,0.0244647089727,0.0243620119667,0.0244000478948,0.0242973508889,0.0242859401105,0.0242593149608,0.0241452071764,0.0241908502901,0.0241794395117,0.0239854562782,0.0240196886135,0.024031099392,0.0239968670567,0.0243582083739,0.0244723161583,0.0245445844217,0.0244647089727,0.0243658155595,0.0243087616673,0.0244304766373,0.0244532981942,0.0248184431043,0.0246662993917,0.0244000478948,0.0243658155595,0.0246701029846,0.0248298538827,0.0249781940024,0.0249363544815,0.0249896047808,0.0252140167568,0.0251911951999,0.025392785619,0.0254612502896,0.0255981796309,0.0254270179543,0.0255106969962,0.025575358074,0.0257160910081,0.0258644311278,0.0256552335231,0.0255677508884,0.025495482625,0.0256324119662,0.025495482625,0.0255829652597,0.0256324119662,0.0255259113675,0.0255677508884,0.0252292311281,0.0254574466968,0.0256133940022,0.025697073044,0.0257769484931,0.0259861460978,0.0260165748403,0.0259899496906,0.0260698251397,0.02604319999,0.0264844167563,0.0263322730438,0.0264806131635,0.0265490778341,0.0265186490916,0.0266061317263,0.0266860071754,0.0267658826245,0.0268685796304,0.0272147065764,0.0272793676542,0.0275418155583,0.0273934754386,0.0276559233427,0.0277015664564,0.0277091736421,0.0277814419055,0.0278651209474,0.0280324790312,0.0278765317258,0.0279069604683,0.0277167808277,0.0280400862168,0.0278765317258,0.0279221748396,0.0279906395102,0.0280210682527,0.0281161580731,0.0281047472946,0.0285763928034,0.0286296431028,0.0287171257375,0.0285079281328,0.0287057149591,0.0289643592703,0.029051841905,0.0291203065757,0.0292686466954,0.0293789508869,0.0291621460966,0.0293941652582,0.0299456862161,0.0301777053777,0.0305314395093,0.0307482442996,0.0308737628624,0.0311704431018,0.0312731401078,0.0313758371137,0.0315964454969,0.031756196395,0.0316002490897,0.0318626969938,0.0318208574728,0.031980608371,0.0324104143588,0.0323305389098,0.0324522538798,0.0326614514845,0.0326652550773,0.0326614514845,0.0326728622629,0.0328021844186,0.0327603448976,0.0327831664545,0.0327147017839,0.0329885604664,0.032935310167,0.0331330969933,0.0333841341189,0.0336123496877,0.0340117269331,0.0341372454959,0.0344757652562,0.0345708550766,0.0346279089688,0.03464312334,0.0348294993878,0.0349474107651,0.0352440910045,0.0352707161541,0.0354723065732,0.0356244502857,0.035803219148,0.0357119329204,0.0359477556748,0.0361531496867,0.0364840622615,0.0368339928003,0.0367997604649,0.0370355832193,0.0369975472912,0.0368263856146,0.0367693317224,0.0371344766325,0.0371458874109,0.0371534945965,0.0373094419019,0.0371420838181,0.0373322634587,0.037408335315,0.0376061221413,0.0378609628597,0.0380625532788,0.038222304177,0.0382717508835,0.0384999664523,0.0384200910032,0.0387281820211,0.0389678083683,0.0390020407036,0.0389602011827,0.0390514874102,0.0390743089671,0.0391579880089,0.0394889005837,0.0396980981884,0.0399681532781,0.0400214035775,0.0402306011822,0.0407098538766,0.0409190514813,0.0411168383076,0.0413678754332,0.0416835736367,0.0416683592655,0.0418509317205,0.0422655233371,0.0426268646543,0.0425964359118,0.0426268646543,0.0427257580675,0.0430794921991,0.0434294227378,0.0433571544744,0.0437222993844,0.0437070850132,0.0434332263307,0.0433381365103,0.0436157987857,0.0436424239354,0.0441216766298,0.0439086754323,0.0441406945939,0.0445590898033,0.0451106107612,0.0455708454915,0.046373403575,0.0466548694432,0.0466662802216,0.0472101939939,0.0475106778261,0.0482181460893,0.0484349508796,0.0486935951909,0.048731631119,0.0489103999813,0.0488761676459,0.04913861555,0.0495570107595,0.0496939401007,0.0497966371067,0.0499221556695,0.050176996388,0.0505079089627,0.050439444292,0.0508844646512,0.0511507161481,0.05147782513,0.0518125412975,0.0523336335129,0.0531133700395,0.0533758179436,0.0538893029734,0.0540718754284,0.0551254706376,0.0557568670445,0.056498567643,0.0571109460859,0.0579819688401,0.0584269891992,0.0584117748279,0.059263779618,0.0596022993784,0.0603858394978,0.0605684119528,0.0608156454857,0.060971592791,0.0612834874017,0.0614432382998,0.0620442059642,0.062861978419,0.0633792670416,0.0639536095563,0.064204646682,0.0644899161429,0.0649387400949,0.0656005652443,0.0661482826094,0.0668595544654,0.0672817532676,0.0674795400939,0.0677686131477,0.0682516694349,0.0687613508719,0.0696171592548,0.0702789844042,0.0710054706315,0.071971583206,0.0725991760201,0.0732648047623,0.0741092023668,0.0747444023666,0.0753415664382,0.0762011784139,0.0768439855993,0.0776807760181,0.0782132790119,0.0786468885926,0.0790310514667,0.0799248957778,0.0806818107475,0.0813968861964,0.0821842299086,0.0828726802078,0.0837094706266,0.0845728861951,0.0853183903865,0.0857672143384,0.0867219161344,0.087136507751,0.0879238514633,0.0890421077503,0.0901945963726,0.091000958049,0.0915753005637,0.0922523400844,0.0928418969704,0.0939145101436,0.0949186586463,0.095534840682,0.0963221843942,0.0966797221186,0.0972654754118,0.0981212837947,0.0990417532555,0.0998823472671,0.100882692177,0.101795554452,0.101974323314,0.103024114931,0.103879923313,0.105382342475,0.106500598762,0.10745910415,0.108295894569,0.108809379599,0.109379918521,0.110346031095,0.111304536484,0.112590150855,0.113160689777,0.113780675405,0.114282749657,0.115188004746,0.116192153249,0.117808680194,0.118907918517,0.119672440673,0.12115584187,0.121406878995,0.122913101749,0.123844981988,0.125020292168,0.126397192766,0.127496431089,0.128169667017,0.129516138873,0.130695252645,0.131448364021,0.132699746057,0.133856038272,0.13523293887,0.136701125696,0.137389575995,0.138884387971,0.140074912521,0.14137193767,0.142824910125,0.144125738867,0.145449389166,0.146773039465,0.148032028686,0.14890305144,0.149987075392,0.150614668206,0.152044819103,0.153144057426,0.154072134073,0.155589767605,0.15684114964,0.157761619101,0.158621231077,0.159994328082,0.161439693351,0.163486026285,0.164745015506,0.16646804305,0.168480143648,0.169993973588,0.172192450233,0.173964924484,0.175699362807,0.177540301728,0.179335597536,0.180788569991,0.182401293343,0.184409590348,0.185524043043,0.187304124479,0.188863597532,0.190624661005,0.192218366393,0.193804464596,0.19555411729,0.197539592739,0.199836962798,0.201518150821,0.203933432257,0.205702102915,0.207196914891,0.20910251489,0.211380866985,0.213396771176,0.215800641833,0.217706241833,0.220094898119,0.222498768777,0.225016747219,0.227523314883,0.230387420271,0.232909202306,0.235518466976,0.238355947214,0.241242874159,0.244091765176,0.24632827775,0.248332771162,0.250595908886,0.253383942418,0.256035046608,0.258811669362,0.261664363972,0.264106270557,0.266525355586,0.268933029837,0.27200633283,0.274946510074,0.2776850969,0.280282950791,0.282800929233,0.285318907675,0.287608670548,0.290891171146,0.293793312462,0.297897389107,0.300670208268,0.30343161665,0.306603813056,0.309612454971,0.312103808264,0.315717221436,0.318897025027,0.321570950775,0.324591003468,0.326873159156,0.330102409454,0.333696804663,0.33700593041,0.340855166336,0.344419132802,