# R script for Peak Model
#  -- generated by MACS
p <- c(0.0129732934382,0.0151942583971,0.0173866425737,0.019601653203,0.0217166310941,0.0217499753401,0.0218452446145,0.0217702200609,0.0218809705924,0.0218154729663,0.0218190455641,0.0217773652565,0.0217749835247,0.0216797142503,0.0217702200609,0.0217166310941,0.0217035315689,0.0217237762897,0.0216535151998,0.0217142493623,0.0217737926587,0.0218130912344,0.0217916556477,0.0218726345309,0.0218357176871,0.021853580676,0.0219321778274,0.0218857340561,0.0218452446145,0.0217440210105,0.0217797469884,0.0216523243339,0.0216225526857,0.0215368103387,0.0215213290816,0.0214903665675,0.0213808069019,0.0214070059524,0.0214093876842,0.0214070059524,0.0213010188846,0.0214463045281,0.0214605949192,0.0214891757015,0.0215927810374,0.021633270479,0.0216201709538,0.0216987681052,0.0217321123512,0.0218321450893,0.021870252799,0.0217833195862,0.0218178546981,0.0217821287202,0.021667805591,0.0216630421273,0.0217213945578,0.0217392575468,0.0217154402282,0.0216308887472,0.0216630421273,0.0217130584963,0.0217452118764,0.0217928465136,0.021803564307,0.0218392902849,0.0217571205357,0.0217547388039,0.0217202036919,0.021786892184,0.0217035315689,0.0216963863733,0.0216320796131,0.0216475608702,0.0216737599206,0.0216975772392,0.0217475936083,0.0217071041667,0.0217976099773,0.0218273816256,0.0218297633574,0.0218666802013,0.0219607586097,0.0219881485261,0.0219583768778,0.0219012153132,0.0219357504252,0.0219512316823,0.0219833850624,0.0219988663195,0.0221298615717,0.0220334014314,0.0220203019062,0.0219369412911,0.022040546627,0.0220727000071,0.0220322105655,0.0221096168509,0.0221024716553,0.0221060442531,0.0221370067673,0.0221810688067,0.0221727327452,0.022378752551,0.0223239727183,0.0224275780541,0.0225252290604,0.0225407103175,0.0226717055697,0.0227503027211,0.0226907594246,0.0227872195649,0.0229229782809,0.0229194056831,0.0230337288124,0.0231135168297,0.0231790144558,0.023259993339,0.0231682966624,0.0230885086451,0.023090890377,0.0231456702098,0.0231480519416,0.0232040226403,0.0232885741213,0.0232611842049,0.0232635659368,0.0232468938138,0.0233731256023,0.0234755400723,0.023531510771,0.0236029627268,0.023598199263,0.023514838648,0.0235839088719,0.0236625060233,0.0236374978387,0.0236732238166,0.0236089170564,0.0237232401857,0.0238113642645,0.0238709075609,0.0238661440972,0.0239387869189,0.0238804344884,0.0238375633149,0.0240161932044,0.0240864542942,0.0242067317531,0.0242186404124,0.0242793745748,0.0242972375638,0.024446095805,0.0246247256945,0.0246437795493,0.0247688204719,0.024767629606,0.0248402724277,0.0248474176233,0.0248331272322,0.0249343508362,0.0251427523739,0.0252654115646,0.0253332909226,0.0253797346939,0.0255178751417,0.0256881689697,0.0257893925737,0.0258989522392,0.0263062283872,0.0263645808178,0.0262836019345,0.0263490995607,0.0264098337231,0.02659799054,0.0266170443949,0.0265956088081,0.0266634881661,0.0267825747591,0.0266229987245,0.0267004050099,0.0268873709609,0.0268587901786,0.0269219060729,0.0269290512684,0.0269957397605,0.0271612701247,0.0271672244544,0.0271505523314,0.027241058142,0.0273089375,0.0272958379748,0.0274637500709,0.0275995087869,0.027715022782,0.0277698026148,0.0279115156604,0.0281318258574,0.0281580249079,0.0282830658305,0.0284235880102,0.0284474053288,0.0285236207483,0.0286057904975,0.0286569977324,0.0287391674816,0.0287760843254,0.0287177318949,0.0289273242985,0.0288582540746,0.0289463781534,0.029053556087,0.0290773734056,0.0291762152778,0.0293500817035,0.0294667865646,0.0295727736324,0.0297454491922,0.0297907020975,0.0299669502551,0.0300205392219,0.0302265590278,0.0304313879677,0.0305135577168,0.0307005236678,0.0308136559311,0.0308720083617,0.0310113396755,0.031188778699,0.0312780936437,0.0314031345663,0.031475777388,0.0314698230584,0.0314912586451,0.0314198066894,0.031459105265,0.0315186485615,0.0315293663549,0.0315222211593,0.0316698885346,0.0318342280329,0.0317842116638,0.0317925477254,0.0318306554351,0.0320366752409,0.0322331681193,0.032358209042,0.0325368389314,0.0326845063067,0.0327488130669,0.0328476549391,0.0330131853033,0.0332108690476,0.0332501676233,0.0333168561154,0.0335752740221,0.0337515221797,0.0338217832696,0.0339682597789,0.0340790103104,0.0341445079365,0.0344184071004,0.0345517840845,0.0347744760133,0.0348673635559,0.034813774589,0.0348733178855,0.0349804958192,0.0351912790887,0.0354044440901,0.0355271032809,0.0356199908234,0.0358700726687,0.0359736780045,0.0361975607993,0.0363761906888,0.0364714599632,0.0365822104946,0.0367489317248,0.0369632875921,0.0371728799958,0.0373193565051,0.0375170402494,0.0379016899447,0.0379802870961,0.0382744309807,0.0385697657313,0.0389174985828,0.0390889832767,0.0392437958475,0.0394962594246,0.0397856398455,0.0399059173044,0.0399761783943,0.0403477285644,0.0403441559666,0.0405144497945,0.0406311546556,0.0409562610544,0.0412396871457,0.0414945324547,0.0418160662557,0.0421542721797,0.0425937017078,0.0429819240009,0.0436357093963,0.0442370966908,0.0449385167234,0.045249332731,0.0455172775652,0.0458721556123,0.0462044072066,0.0466783718467,0.0472356971018,0.0476263011267,0.0477882588932,0.0480704941185,0.0481860081137,0.0486778357426,0.0492792230371,0.0497686689343,0.0501783268141,0.0505796486324,0.0508428300029,0.0511834176587,0.0517014443382,0.051975343502,0.052364756661,0.0527875140661,0.0531412012472,0.0536092115576,0.0541534372874,0.0545178422619,0.0549798982426,0.055363357072,0.0557337163762,0.0563815474419,0.0568960015235,0.0574045012755,0.0578665572563,0.0583298041029,0.0589228553359,0.0594504089428,0.0599219918509,0.0605698229167,0.0612212265802,0.0617440167234,0.0623227775652,0.0627229085176,0.0632671342475,0.0639149653132,0.0643377227183,0.0647461897322,0.0653237597081,0.0659358647959,0.0666063223144,0.0671362576531,0.0677781343892,0.0684652640306,0.0692024100411,0.0698299963861,0.0705850053855,0.0714853000284,0.0721986287203,0.0729965088932,0.0735490706845,0.0742469181194,0.0749400020904,0.0757390731293,0.0765917331349,0.0773372152069,0.0780624525581,0.0789746558603,0.0798213615363,0.0805370719601,0.0813051804847,0.0821506952948,0.0829164220876,0.083604742595,0.0844597843325,0.085382705428,0.0862270293722,0.0870356273385,0.0879847474844,0.0886790223215,0.0896567232497,0.0905272462444,0.0915037563067,0.0925100380173,0.0932495657597,0.094005765625,0.0948048366639,0.0958587530117,0.0967066495536,0.0977117403983,0.0987323125,0.0999291327594,0.101022347683,0.10219654149,0.103192105407,0.104321046308,0.105560737741,0.106446741993,0.107419679457,0.108757021896,0.109983613804,0.111072065264,0.112318901892,0.113281121563,0.114575592829,0.115773603954,0.116870391475,0.118100555981,0.119686789399,0.12085979234,0.122031604415,0.123334411742,0.124719388818,0.126165100057,0.127397646294,0.128954108064,0.130570113131,0.132186118197,0.133580622201,0.13508468587,0.136525633645,0.138082095415,0.139548051375,0.141066405435,0.142921774554,0.144353195401,0.145806051835,0.147245808744,0.149010672052,0.150785062287,0.152752372803,0.154538671698,0.156383323023,0.158526881696,0.160373914753,0.162524618623,0.164668177296,0.166739093148,0.168645669501,0.170599880492,0.172471921733,0.1743570625,0.176386298044,0.178092808922,0.18024946712,0.182187005988,0.184244822314,0.186406243977,0.188672461841,0.190848173895,0.192983396507,0.195516368339,0.19788023721,0.20030841284,0.202830666879,0.205305286281,0.207726316716,0.210281915001,0.212758916135,0.215425264952,0.218347649943,0.220875858312,0.223419547938,0.226139485721,0.228610532526,0.23140906746,0.234165922088,0.237101406604,0.239696303465,0.242666323094,0.245464858029,0.248365807433,0.251048828373,0.254005748477,0.256901934418,0.25991482522,0.263133735828,0.26580722984,0.26882369324,0.271672244544,0.27444696216,0.277346720699,0.28067280924,0.283954835743,0.287110630456,0.28999728947,0.292951827842,0.296186219707,0.299486109198,0.302516862989,0.30586081452,0.309253591553,0.312302208333,0.315278182292,0.31845303086,0.321793409793,0.324923005456,0.328022829471,0.331064301056,0.33451543052,0.337760540179,