# R script for Peak Model
#  -- generated by MACS
p <- c(0.0141389856127,0.0165224732664,0.0187531440084,0.020992938148,0.023351336458,0.0234653789295,0.0233695832535,0.0234539746823,0.0233923917477,0.0233490556086,0.0233878300489,0.023287472674,0.0234562555318,0.0235908256481,0.0236889021736,0.0234927491226,0.0235064342192,0.0233923917477,0.0234630980801,0.0234380087363,0.0236067915941,0.023563455455,0.0234699406283,0.0234197619409,0.023255540782,0.0233239662649,0.0235087150686,0.0234174810915,0.0234585363812,0.0233490556086,0.0231414983105,0.0232030812451,0.0232943152223,0.023287472674,0.0234266044892,0.0235269618641,0.0234037959949,0.0235224001652,0.023431166188,0.0235315235629,0.0236820596253,0.0236546894321,0.0235497703584,0.0235543320572,0.0236227575401,0.0235383661112,0.0235132767675,0.0234448512846,0.0234790640261,0.0235338044124,0.0235702980032,0.0236638128298,0.0237687319036,0.0237117106679,0.0235246810147,0.0235429278101,0.0235999490458,0.023563455455,0.023643285185,0.023611353293,0.0235680171538,0.0235132767675,0.0234539746823,0.0235976681964,0.0236774979264,0.023755046807,0.0237368000116,0.0237824170002,0.0236546894321,0.0235862639492,0.0235611746055,0.0236706553781,0.0236387234861,0.0236638128298,0.0236820596253,0.0236774979264,0.0235931064975,0.0235474895089,0.0236410043356,0.0238827743751,0.0238759318268,0.0238006637956,0.0238576850313,0.0238371573865,0.0238896169234,0.0238576850313,0.0238736509773,0.0241313869629,0.0242249017895,0.0240173444914,0.024046995534,0.024190689048,0.0242682379286,0.0242385868861,0.0242134975423,0.0243252591644,0.0242978889712,0.024158757156,0.0240173444914,0.0242591145309,0.0241450720594,0.0241815656503,0.0242317443378,0.0243731570024,0.0244096505933,0.0244415824853,0.0245761526016,0.0246308929879,0.0247609014054,0.0248430119848,0.024950211908,0.0249867054989,0.0249867054989,0.0249707395529,0.0250710969278,0.0250733777772,0.0251965436464,0.0252604074304,0.0252991818707,0.025226194689,0.0253265520639,0.0253630456547,0.0253653265042,0.0253083052684,0.0252763733764,0.0253904158479,0.0253744499019,0.025337956311,0.0254383136859,0.0253562031064,0.0253995392456,0.0253767307513,0.0254109434928,0.0253835732996,0.0253812924502,0.0252056670441,0.0251988244958,0.0252695308281,0.0252170712913,0.0252307563878,0.0252353180867,0.0253105861179,0.0254611221802,0.0256413092851,0.025725700714,0.025985717549,0.0260701089778,0.0262297684379,0.0262867896736,0.0265354022614,0.0266608489801,0.0265833000995,0.0265787384006,0.0265718958523,0.0267110276675,0.0267315553124,0.0267726106021,0.0267680489032,0.0268592828804,0.0269550785564,0.0269299892127,0.0270759635762,0.027000695545,0.0271329848119,0.0270873678234,0.0271831634994,0.0271786018005,0.0271535124568,0.027356508056,0.0272059719937,0.0273747548515,0.0274272143883,0.0275686270529,0.0275754696012,0.0276347716864,0.0276279291381,0.0279084736179,0.0280886607228,0.028084099024,0.028036201186,0.0281069075183,0.0281981414955,0.0282779712255,0.0284650008787,0.0285128987167,0.0284786859753,0.0284148221913,0.0285014944696,0.0284832476741,0.028795724046,0.0289804728497,0.0290694259775,0.0290853919235,0.0290785493752,0.0294138342413,0.029746838258,0.0298768466755,0.0299361487606,0.0299977316952,0.0300798422747,0.0299338679112,0.0300501912321,0.0301801996496,0.0303672293028,0.030214412391,0.0300661571781,0.0301870421979,0.0302326591865,0.0302509059819,0.0303991611948,0.0305884716975,0.0305519781066,0.0306842673735,0.0305930333963,0.0305519781066,0.0308530502313,0.0308507693818,0.0309625310039,0.0310606075293,0.0309670927027,0.0311358755605,0.0313548371057,0.0314004540943,0.0316809985741,0.0317471432076,0.0318087261422,0.0319706664517,0.0319432962585,0.0320961131703,0.0322922662212,0.0322922662212,0.032461049079,0.0325796532493,0.0324975426698,0.0327301893116,0.0327484361071,0.0327393127094,0.0330472273823,0.0331703932515,0.0331270571124,0.033268469777,0.0330449465329,0.0332616272287,0.0333391761093,0.0334053207427,0.0335991929442,0.033688146072,0.0336676184271,0.0337976268446,0.0340051841427,0.0339686905518,0.0343336264605,0.0342606392788,0.0344271412871,0.0345548688551,0.0344248604377,0.0345160944148,0.0345571497046,0.0345890815966,0.0347145283152,0.0349266473121,0.0351091152665,0.0351980683942,0.0352961449197,0.0355265107121,0.0358230211379,0.0358777615242,0.0361765527994,0.0363111229158,0.0364616589781,0.0365528929553,0.0365049951173,0.0368288757362,0.0370980159689,0.037209777591,0.0372918881704,0.0376112070905,0.0377685857011,0.038112993965,0.0383387980585,0.0385144234646,0.0388519891801,0.038872516825,0.0389888401459,0.0391735889496,0.0392488569808,0.0392579803785,0.0391667464014,0.0391256911116,0.0392306101854,0.0393606186029,0.0392214867877,0.0395430865572,0.0398122267899,0.0400654010765,0.0404029667921,0.0407975537434,0.0412582853281,0.0413974171433,0.0416209403874,0.0418946423189,0.0423211611622,0.0425469652557,0.0430715606245,0.043361228502,0.0436873899704,0.0440226748365,0.0443967341429,0.0448346572334,0.0451653804006,0.0454048695907,0.0455508439542,0.0458838479709,0.0460845627207,0.0463719497488,0.0465772261974,0.0469832173959,0.0474120170886,0.0478727486733,0.0482650547752,0.0486664842747,0.049321088061,0.049756730302,0.0500258705347,0.0503383469065,0.0511503293033,0.0514285929337,0.0515654438995,0.0520170520865,0.0524549751769,0.0530365917814,0.0535817147951,0.0539238422095,0.0541701739478,0.0546765225212,0.0548612713249,0.055132692407,0.0556048282389,0.0557393983553,0.0562708362723,0.0566927934167,0.0569710570471,0.0576393459299,0.058234647631,0.0589713619967,0.0594434978286,0.0600479229274,0.0605816416938,0.061384500693,0.0619296237066,0.0625614189985,0.0632821674182,0.0636265756821,0.064290302866,0.0646529579253,0.0651524639503,0.0658526847251,0.0667080032612,0.0671938241896,0.0676294664306,0.0681038831119,0.0685509296001,0.0693515077498,0.0697848691414,0.0704554388736,0.0711351320036,0.0714704168697,0.0718535995738,0.0726382117776,0.0733361517029,0.0740546192732,0.0747502783492,0.0753797927917,0.0761256305551,0.0768691874691,0.0775762507922,0.0788261562795,0.0793781218414,0.0802220361303,0.0811913971377,0.0819851327392,0.0831095915079,0.0841679056431,0.0850232241791,0.0858534533714,0.0867110527568,0.0874135543811,0.0884901153118,0.0894024550835,0.0901802247389,0.091099407059,0.0916833045129,0.0926686314664,0.0935102649058,0.0946803406631,0.0957454973466,0.0965392329481,0.0975222790521,0.0984574273182,0.0997666348906,0.100891093659,0.102001867331,0.102661032817,0.10412533815,0.105030835374,0.106228281324,0.107539769746,0.109120398401,0.110087478559,0.111314575552,0.112288498258,0.113743680194,0.115153245141,0.116095235956,0.117532171096,0.118884714808,0.120230415971,0.121405053427,0.123106567102,0.12423330672,0.125615501474,0.126721713447,0.128087942255,0.129780332532,0.131253761263,0.132768245284,0.134239393166,0.135393502978,0.137079050706,0.138335798741,0.140112580447,0.142194995976,0.143907913897,0.145472576606,0.147117069045,0.148923501793,0.150816606819,0.152946920186,0.154602816872,0.156817521668,0.158594303373,0.160179493727,0.162359985781,0.164540477836,0.166638859311,0.168887776848,0.170972473227,0.172849612307,0.175335738185,0.177529915336,0.179774271175,0.181920550488,0.184290353045,0.186299781392,0.188788188119,0.190854637702,0.193078465896,0.195690038493,0.197719994485,0.200345252178,0.202813131261,0.205285572042,0.207482030043,0.210385551366,0.21280781346,0.215535709378,0.218249920199,0.221110105383,0.223867652343,0.226709590732,0.229987171362,0.233264751992,0.236245822197,0.239046705296,0.241774601213,0.244541271571,0.247472163088,0.250480603485,0.253566592763,0.255904463428,0.258849040042,0.261622552948,0.265018737748,0.268198241853,0.271108605725,0.274137573767,0.277385503354,0.280170420508,0.282914282371,0.286488373427,0.289606294597,0.292854224184,0.295844417786,0.299331836564,0.303099799821,0.30650054632,0.310086041623,0.313546090208,0.317188606747,0.320596195794,0.323807631791,0.327459271727,0.331031081933,0.333777224646,0.337084456319,