# R script for Peak Model
#  -- generated by MACS
p <- c(0.0125706216511,0.014673402444,0.0167692737709,0.0188789640297,0.0209495006483,0.0211268436067,0.0211360562279,0.0211015088984,0.0211890287999,0.0212212729742,0.021106115209,0.0211176309855,0.0211337530726,0.0212097571977,0.0213686749137,0.0212212729742,0.0211636940916,0.0211245404514,0.0212258792848,0.0211913319552,0.0211383593832,0.0210922962772,0.0210047763756,0.0209518038036,0.0207099724966,0.0207813703111,0.0207721576899,0.02081131133,0.020682334633,0.0207168819626,0.0207445198262,0.0207767640005,0.0208550712808,0.02081131133,0.0208688902126,0.0206685157012,0.0206708188565,0.0206247557504,0.0205856021102,0.0204865664321,0.0204382001707,0.020387530754,0.0204151686177,0.0204289875495,0.020440503326,0.0205280232276,0.0204197749283,0.0203852275987,0.0203069203184,0.0202470382805,0.0202931013866,0.0203000108525,0.0201963688638,0.0201249710493,0.0200581795455,0.0200650890114,0.0202355225039,0.0202746761441,0.0204566254132,0.0204612317238,0.0204243812389,0.0203691055116,0.0203092234737,0.0203299518714,0.0205694800231,0.0204796569662,0.0202631603676,0.0202401288146,0.0201456994471,0.0203138297843,0.0202424319699,0.0202631603676,0.0201664278448,0.0201111521175,0.0199522344015,0.0199982975076,0.0200973331857,0.0201618215342,0.0202101877956,0.0201664278448,0.0202608572123,0.0202861919206,0.0204589285685,0.0204013496859,0.0205049916746,0.0205556610912,0.0205809957996,0.0204681411897,0.0205280232276,0.0205026885192,0.0206500904587,0.0206731220118,0.0206616062352,0.0207698545346,0.0206431809928,0.0206086336632,0.0207122756519,0.0207790671558,0.0207997955535,0.0206500904587,0.0205280232276,0.0205026885192,0.020493475898,0.0204243812389,0.0204497159473,0.0205925115761,0.0204497159473,0.0204865664321,0.0203829244434,0.020682334633,0.020705366186,0.0207974923982,0.0208067050194,0.0209564101142,0.0209564101142,0.0209011343869,0.0209518038036,0.0209241659399,0.0210278079286,0.0209633195801,0.0209356817165,0.0209195596293,0.0209379848718,0.0209218627846,0.0210784773453,0.0211890287999,0.0212742455462,0.0212949739439,0.0213226118076,0.0214285569516,0.0215345020956,0.0215966872888,0.0217901523344,0.0218753690806,0.0216680851032,0.0217878491791,0.0218891880125,0.022059621505,0.0220642278156,0.0220619246603,0.0219628889822,0.0218131838874,0.0217878491791,0.0218984006337,0.0219283416526,0.0217463923836,0.021711845054,0.0215321989403,0.0215022579213,0.0214584979706,0.0215252894744,0.0216519630161,0.0215966872888,0.021476923213,0.0215091673872,0.0216980261222,0.0218016681109,0.0220319836413,0.0221909013573,0.0222277518422,0.0224143074219,0.0225547998954,0.0226584418841,0.0226630481947,0.0228473006191,0.0227298396985,0.0227828122705,0.0227528712516,0.0227735996493,0.0227989343577,0.0227920248918,0.0228703321721,0.0229854899373,0.0230453719752,0.0230499782859,0.0231398013427,0.0231144666344,0.0231006477025,0.0231029508579,0.0232526559526,0.0233332663883,0.0233678137179,0.0233724200285,0.0235589756081,0.0236257671119,0.0236856491499,0.0238284447787,0.0238860236613,0.0239712404076,0.0239804530288,0.0240656697751,0.0240656697751,0.0241071265705,0.0240656697751,0.024284469529,0.0243489578775,0.0243627768093,0.0245585450102,0.0245585450102,0.024572363942,0.0245562418549,0.0246230333587,0.0247266753474,0.0246437617565,0.0245355134572,0.0246276396693,0.0245585450102,0.0245654544761,0.0246690964648,0.0247128564156,0.0248188015596,0.0247934668512,0.024890199374,0.0252172474272,0.0253646493667,0.02531397995,0.0255627207229,0.0255189607721,0.0255811459653,0.0256963037305,0.0257124258177,0.0258943750867,0.025949650814,0.0259888044542,0.0260049265413,0.0262029978975,0.0261868758104,0.0264517386704,0.0265001049318,0.0264816796893,0.0266083532311,0.0264839828446,0.0264540418257,0.0264125850302,0.0264655576022,0.0265300459507,0.0266083532311,0.0264217976514,0.0264425260491,0.0265208333295,0.0264171913408,0.0265761090568,0.026585321678,0.0267119952198,0.0266843573561,0.0266221721629,0.0265991406098,0.0268018182766,0.0268547908486,0.0269123697312,0.0270275274964,0.0270067990987,0.0270436495836,0.0270943190003,0.0272140830761,0.0273937291898,0.0275480405952,0.0274605206937,0.0274697333149,0.0276010131672,0.0275549500611,0.0275964068566,0.0275987100119,0.0276171352544,0.0275134932657,0.0274835522467,0.0275526469058,0.0275756784589,0.0278405413189,0.0278520570954,0.0280363095198,0.0280869789364,0.0281100104895,0.0280201874326,0.0282620187396,0.0284416648533,0.0283403260199,0.0284324522321,0.0284232396109,0.0285591257738,0.02849233427,0.0285568226185,0.0286466456754,0.0288239886338,0.0288308980997,0.0288308980997,0.0288424138763,0.0288884769824,0.0288170791679,0.0288009570808,0.0289829063498,0.0291372177552,0.0291947966378,0.0290980641151,0.0291556429977,0.0292201313462,0.0294872973615,0.0296254866797,0.0297245223578,0.0298350738124,0.0298903495397,0.0300653893429,0.0302634606991,0.030535233025,0.0307724580213,0.0308507653017,0.0309774388434,0.0311455691806,0.0312929711201,0.0313574594686,0.0314472825255,0.0316015939309,0.0316752949006,0.0318756694121,0.0317489958704,0.031958583003,0.032094469166,0.0321935048441,0.0320783470789,0.0321428354274,0.0323409067836,0.0322741152797,0.0323662414919,0.0325320686738,0.0328015378444,0.0327623842043,0.0327900220679,0.0329489397839,0.0330525817726,0.0331861647803,0.0332759878371,0.0335592759396,0.0336652210836,0.0334441181743,0.0335753980267,0.0338034104018,0.0339093555458,0.033948509186,0.0343031951029,0.0343676834514,0.0345104790803,0.0343815023832,0.0344621128189,0.0347361883001,0.0347776450956,0.0347085504364,0.034667093641,0.0347154599023,0.0346693967963,0.0347454009213,0.0348306176676,0.0350033543154,0.035083964751,0.0352175477587,0.0353373118345,0.0355561115884,0.0358716438651,0.0360305615811,0.0362608771116,0.0365165273503,0.0366938703088,0.0368873353543,0.0372811749114,0.0374608210251,0.0375667661691,0.0377256838851,0.0378615700481,0.0380780666467,0.0383935989234,0.0386884028023,0.0390016319237,0.0392757074049,0.0395060229354,0.0397547637082,0.0400150202576,0.0404480134548,0.0408694908755,0.0412264799477,0.0414982522736,0.0418183908609,0.0421984114861,0.0425922510432,0.0429216022517,0.0433707175361,0.0438843211689,0.0442021566009,0.0448032801354,0.0452639111962,0.0458834599731,0.0464523393333,0.0468784230646,0.0474611213566,0.0481635837244,0.0488729555581,0.0495040201115,0.049999198502,0.0504114633014,0.0510033742146,0.0516459545446,0.0523023538063,0.0529334183597,0.0538247394625,0.0544880481901,0.0553010620125,0.0561808673388,0.0572311061576,0.0583550459461,0.0593246743292,0.0601975701896,0.0610359187204,0.0619802123951,0.0628392893237,0.0638089177068,0.0646012031315,0.0657044145223,0.0668744174169,0.067761132209,0.0688689499104,0.0700758032899,0.0714185428323,0.0726161835906,0.0738691000762,0.0753431194709,0.0767019811005,0.0780700553513,0.0794081885831,0.0810134878302,0.0825980586796,0.084205661082,0.0857510782913,0.08733104283,0.0889870114939,0.0902698689984,0.092128515329,0.0939318859323,0.0959264184258,0.0975662650025,0.0994663681286,0.101488538486,0.103367913214,0.105364748863,0.107419163394,0.10969237768,0.111956379344,0.114119042175,0.116060602096,0.118287753276,0.120618546444,0.122824969225,0.1253975937,0.127965611865,0.130395440711,0.132931214701,0.135533780195,0.13830217287,0.141109719186,0.144080789529,0.14685148536,0.149557692843,0.152406695954,0.15567026702,0.158857833962,0.162506031964,0.165067140662,0.168116518285,0.171474518719,0.174936161141,0.17882619045,0.18268627874,0.186115676989,0.189791512854,0.193151816443,0.196431509597,0.200851264626,0.204715959226,0.20810850699,0.211487235821,0.215414115615,0.219241959731,0.223822935631,0.227862670035,0.232093566329,0.236656116987,0.240714276633,0.245709820488,0.250622450753,0.255548899949,0.259666941633,0.264098212438,0.268508754846,0.272831777352,0.278129034552,0.282772195646,0.287790771054,0.292353321712,0.29729819615,0.302197007483,0.30739753216,0.312796128193,0.31776633734,0.322807944301,0.327734393497,0.332617082742,